1 0.48291015625 0.4453125 0.357421875 0.30078125
1 0.59375 0.61572265625 0.349609375 0.2822265625
1 0.6787109375 0.45751953125 0.12109375 0.1337890625
1 0.40673828125 0.599609375 0.1201171875 0.1337890625
3 0.65478515625 0.57861328125 0.0498046875 0.0458984375
3 0.51025390625 0.64794921875 0.05078125 0.0439453125
3 0.58251953125 0.61328125 0.0517578125 0.044921875
3 0.419921875 0.4599609375 0.05078125 0.052734375
3 0.5 0.43896484375 0.0322265625 0.037109375
3 0.5361328125 0.5673828125 0.0302734375 0.029296875
0 0.52490234375 0.58642578125 0.03125 0.02734375