1 0.6640625 0.5224609375 0.46484375 0.140625
1 0.6611328125 0.65869140625 0.46484375 0.1376953125
1 0.1982421875 0.95166015625 0.255859375 0.0966796875
3 0.1162109375 0.9619140625 0.04296875 0.0390625
3 0.494140625 0.67041015625 0.03515625 0.0302734375
3 0.6796875 0.6748046875 0.037109375 0.033203125
3 0.82861328125 0.6748046875 0.0322265625 0.03125
3 0.68212890625 0.50537109375 0.0341796875 0.0302734375
1 0.46142578125 0.04248046875 0.1552734375 0.0849609375
2 0.60888671875 0.03857421875 0.1435546875 0.0771484375
1 0.6103515625 0.046875 0.1484375 0.09375
3 0.62109375 0.02734375 0.029296875 0.03125
3 0.44677734375 0.01806640625 0.0380859375 0.0361328125
0 0.5966796875 0.52294921875 0.01171875 0.0146484375
0 0.58056640625 0.52392578125 0.0146484375 0.0166015625
0 0.7451171875 0.52685546875 0.01171875 0.0107421875
0 0.1796875 0.98486328125 0.017578125 0.0166015625