1 0.45458984375 0.54150390625 0.2412109375 0.283203125
2 0.43505859375 0.5419921875 0.18359375 0.2607421875
1 0.5791015625 0.4951171875 0.232421875 0.27734375
2 0.59814453125 0.49755859375 0.1689453125 0.24609375
3 0.5166015625 0.57470703125 0.044921875 0.0458984375
0 0.50244140625 0.5322265625 0.025390625 0.0244140625
3 0.53759765625 0.47216796875 0.0419921875 0.0419921875
1 0.23876953125 0.09912109375 0.2216796875 0.1982421875
1 0.22265625 0.052734375 0.263671875 0.10546875
1 0.41650390625 0.06005859375 0.1826171875 0.1201171875
1 0.36279296875 0.06982421875 0.06640625 0.12109375
1 0.33203125 0.0068359375 0.044921875 0.013671875
0 0.328125 0.03076171875 0.0283203125 0.02734375
1 0.97998046875 0.4287109375 0.0400390625 0.126953125
1 0.18994140625 0.681640625 0.1416015625 0.205078125
1 0.24951171875 0.69140625 0.1708984375 0.2451171875
1 0.146484375 0.697265625 0.142578125 0.2041015625
1 0.05029296875 0.7509765625 0.1005859375 0.185546875
1 0.03076171875 0.60400390625 0.0615234375 0.1826171875