1 0.73193359375 0.59326171875 0.3251953125 0.2353515625
1 0.67529296875 0.69580078125 0.3173828125 0.2451171875
1 0.74072265625 0.791015625 0.0849609375 0.216796875
1 0.65771484375 0.744140625 0.1748046875 0.125
1 0.65380859375 0.833984375 0.1708984375 0.134765625
1 0.35791015625 0.669921875 0.1630859375 0.1328125
1 0.31982421875 0.90380859375 0.2197265625 0.1923828125
1 0.2236328125 0.88818359375 0.17578125 0.2236328125
1 0.16064453125 0.87158203125 0.1435546875 0.2275390625
0 0.25634765625 0.9384765625 0.0263671875 0.025390625
0 0.33447265625 0.900390625 0.0205078125 0.021484375
0 0.4140625 0.88818359375 0.01953125 0.0166015625
0 0.63720703125 0.59912109375 0.0244140625 0.0224609375
0 0.7890625 0.56591796875 0.017578125 0.0146484375
1 0.9150390625 0.068359375 0.169921875 0.13671875
1 0.79736328125 0.0224609375 0.1181640625 0.044921875