1 0.57470703125 0.89599609375 0.1787109375 0.1591796875
1 0.61328125 0.82373046875 0.18359375 0.1533203125
1 0.47900390625 0.740234375 0.1806640625 0.150390625
1 0.41748046875 0.84716796875 0.2119140625 0.2314453125
0 0.46240234375 0.82470703125 0.0185546875 0.0205078125
1 0.5361328125 0.646484375 0.16796875 0.166015625
1 0.36376953125 0.5556640625 0.2802734375 0.23828125
1 0.41455078125 0.365234375 0.3115234375 0.388671875
1 0.353515625 0.451171875 0.169921875 0.134765625
1 0.578125 0.3994140625 0.384765625 0.310546875
1 0.458984375 0.4580078125 0.220703125 0.201171875
1 0.50537109375 0.46484375 0.0966796875 0.12109375
0 0.4384765625 0.49560546875 0.01953125 0.0224609375
3 0.39404296875 0.2421875 0.0224609375 0.021484375
3 0.431640625 0.361328125 0.0234375 0.025390625
3 0.46435546875 0.380859375 0.0244140625 0.02734375
1 0.52587890625 0.22509765625 0.1474609375 0.1689453125
3 0.46240234375 0.26708984375 0.0263671875 0.0283203125
1 0.64501953125 0.275390625 0.2001953125 0.19140625
1 0.57470703125 0.2119140625 0.1103515625 0.087890625
1 0.5517578125 0.19921875 0.0625 0.111328125
1 0.4580078125 0.14599609375 0.1953125 0.1826171875
1 0.6513671875 0.2646484375 0.09375 0.08203125
1 0.63134765625 0.25341796875 0.0537109375 0.1005859375
1 0.79638671875 0.39404296875 0.3076171875 0.3115234375
1 0.88232421875 0.39013671875 0.0830078125 0.0771484375
1 0.81787109375 0.4169921875 0.0693359375 0.12890625
1 0.853515625 0.45263671875 0.140625 0.0615234375
1 0.91259765625 0.5302734375 0.1748046875 0.173828125
1 0.92919921875 0.53662109375 0.1220703125 0.1162109375
1 0.947265625 0.611328125 0.10546875 0.171875
1 0.9619140625 0.62841796875 0.0625 0.0986328125
1 0.89892578125 0.77734375 0.1494140625 0.322265625
3 0.91552734375 0.68896484375 0.0439453125 0.0458984375
3 0.95654296875 0.73486328125 0.0244140625 0.0439453125
3 0.912109375 0.8115234375 0.046875 0.052734375
3 0.9345703125 0.83935546875 0.03125 0.0517578125
0 0.89990234375 0.75390625 0.0341796875 0.037109375
1 0.79150390625 0.66845703125 0.2021484375 0.2236328125
3 0.853515625 0.6123046875 0.02734375 0.025390625
1 0.767578125 0.5693359375 0.123046875 0.158203125
3 0.8056640625 0.5458984375 0.025390625 0.03125
0 0.6162109375 0.4912109375 0.017578125 0.021484375
0 0.59814453125 0.458984375 0.0224609375 0.0234375
0 0.40234375 0.78125 0.013671875 0.015625
1 0.22314453125 0.8740234375 0.1240234375 0.123046875
1 0.1162109375 0.31396484375 0.212890625 0.3212890625
1 0.19287109375 0.1328125 0.2763671875 0.265625
3 0.06103515625 0.189453125 0.0302734375 0.0390625
1 0.18359375 0.09912109375 0.08203125 0.0888671875
3 0.25439453125 0.15087890625 0.0400390625 0.0458984375
0 0.107421875 0.15087890625 0.025390625 0.0224609375
1 0.06005859375 0.30322265625 0.0732421875 0.0849609375
3 0.134765625 0.392578125 0.03125 0.037109375
1 0.0302734375 0.634765625 0.060546875 0.13671875
0 0.3740234375 0.205078125 0.021484375 0.021484375
1 0.68017578125 0.5849609375 0.0615234375 0.06640625
1 0.74365234375 0.5712890625 0.0712890625 0.154296875
1 0.69580078125 0.5205078125 0.1455078125 0.05859375
0 0.57666015625 0.353515625 0.0166015625 0.017578125
0 0.40234375 0.29296875 0.013671875 0.015625