1 0.52734375 0.58740234375 0.1552734375 0.306640625
1 0.41650390625 0.568359375 0.1806640625 0.263671875
1 0.66552734375 0.5498046875 0.3212890625 0.2451171875
1 0.67822265625 0.40869140625 0.3544921875 0.181640625
1 0.5810546875 0.32568359375 0.1796875 0.2392578125
1 0.470703125 0.32177734375 0.1435546875 0.232421875
1 0.3359375 0.34326171875 0.326171875 0.2109375
1 0.3271484375 0.48681640625 0.353515625 0.2216796875
3 0.7294921875 0.58349609375 0.0283203125 0.0390625
3 0.6376953125 0.5703125 0.0791015625 0.0537109375
3 0.33349609375 0.52197265625 0.078125 0.0546875
3 0.24365234375 0.501953125 0.0361328125 0.0458984375
3 0.5498046875 0.64208984375 0.0244140625 0.0263671875
0 0.4794921875 0.5732421875 0.037109375 0.0361328125
0 0.498046875 0.50146484375 0.0224609375 0.01953125
0 0.4765625 0.4951171875 0.0205078125 0.0205078125
0 0.423828125 0.49755859375 0.0302734375 0.0244140625
2 0.322265625 0.38134765625 0.259765625 0.1044921875
3 0.25439453125 0.4248046875 0.021484375 0.03125
3 0.34423828125 0.4453125 0.03515625 0.037109375
3 0.4267578125 0.44775390625 0.0263671875 0.0322265625
3 0.5673828125 0.47021484375 0.0224609375 0.0283203125
3 0.56103515625 0.52001953125 0.0224609375 0.03125
2 0.6865234375 0.4384765625 0.2587890625 0.103515625
3 0.6484375 0.490234375 0.0419921875 0.037109375
1 0.75830078125 0.390625 0.056640625 0.0654296875
1 0.66552734375 0.37744140625 0.056640625 0.0654296875
0 0.52197265625 0.38671875 0.029296875 0.0341796875
0 0.49462890625 0.376953125 0.0244140625 0.0283203125
1 0.37353515625 0.32470703125 0.056640625 0.068359375
1 0.27880859375 0.30908203125 0.0576171875 0.0693359375