1 0.42724609375 0.3349609375 0.2099609375 0.623046875
1 0.31884765625 0.36083984375 0.2158203125 0.6025390625
1 0.41064453125 0.07958984375 0.0439453125 0.0634765625
1 0.4267578125 0.177734375 0.046875 0.064453125
1 0.44580078125 0.279296875 0.0439453125 0.064453125
1 0.46337890625 0.37841796875 0.0400390625 0.0634765625
1 0.48193359375 0.478515625 0.0458984375 0.060546875
1 0.49951171875 0.5771484375 0.0400390625 0.05859375
3 0.33447265625 0.6318359375 0.0283203125 0.0234375
0 0.32763671875 0.564453125 0.0439453125 0.076171875
3 0.31201171875 0.4951171875 0.0283203125 0.0234375
3 0.30029296875 0.431640625 0.0302734375 0.029296875
1 0.291015625 0.36474609375 0.048828125 0.0830078125
3 0.275390625 0.29443359375 0.029296875 0.0263671875
3 0.26611328125 0.22900390625 0.0283203125 0.0244140625
1 0.255859375 0.16357421875 0.048828125 0.0751953125
3 0.2412109375 0.095703125 0.029296875 0.029296875
1 0.45556640625 0.919921875 0.2119140625 0.16015625
1 0.58935546875 0.9072265625 0.0791015625 0.185546875
1 0.67626953125 0.9326171875 0.1416015625 0.091796875
1 0.67919921875 0.98583984375 0.1416015625 0.0283203125
3 0.45849609375 0.990234375 0.0322265625 0.01953125