1 0.47998046875 0.3876953125 0.6162109375 0.38671875
1 0.39599609375 0.546875 0.61328125 0.388671875
1 0.18115234375 0.34765625 0.060546875 0.078125
1 0.69921875 0.58837890625 0.0576171875 0.0859375
1 0.55712890625 0.38427734375 0.0947265625 0.072265625
1 0.42822265625 0.32373046875 0.0888671875 0.0703125
1 0.5361328125 0.640625 0.05859375 0.0615234375
1 0.455078125 0.607421875 0.0947265625 0.0693359375
1 0.32568359375 0.55322265625 0.0908203125 0.0732421875
2 0.3564453125 0.48876953125 0.1435546875 0.1220703125
1 0.33984375 0.52099609375 0.08203125 0.05859375
1 0.244140625 0.51611328125 0.0556640625 0.0595703125
0 0.333984375 0.3681640625 0.044921875 0.037109375
0 0.4365234375 0.396484375 0.0458984375 0.0380859375
0 0.4599609375 0.4296875 0.0234375 0.0185546875
0 0.58935546875 0.48583984375 0.0478515625 0.0380859375
0 0.5546875 0.5380859375 0.033203125 0.033203125
0 0.47802734375 0.552734375 0.0419921875 0.0390625
0 0.30712890625 0.4248046875 0.0537109375 0.04296875
0 0.224609375 0.4384765625 0.0458984375 0.056640625
2 0.48681640625 0.51611328125 0.1015625 0.0712890625