1 0.533203125 0.48193359375 0.2109375 0.3583984375
1 0.423828125 0.51806640625 0.205078125 0.3583984375
1 0.57275390625 0.8642578125 0.3583984375 0.2265625
1 0.60546875 0.93896484375 0.35546875 0.1220703125
0 0.5126953125 0.908203125 0.03515625 0.037109375
0 0.50830078125 0.49365234375 0.0283203125 0.0244140625
0 0.73828125 0.90576171875 0.01953125 0.0185546875
1 0.2470703125 0.03271484375 0.142578125 0.0654296875
0 0.24267578125 0.0263671875 0.0302734375 0.02734375
1 0.34033203125 0.00927734375 0.0615234375 0.0185546875
1 0.46142578125 0.0263671875 0.0458984375 0.052734375
1 0.4931640625 0.02294921875 0.0546875 0.0458984375