1 0.462890625 0.29736328125 0.3349609375 0.423828125
1 0.58251953125 0.34619140625 0.3271484375 0.4208984375
1 0.44775390625 0.28369140625 0.15234375 0.1884765625
1 0.59912109375 0.35107421875 0.1630859375 0.21484375
3 0.38671875 0.4306640625 0.044921875 0.0419921875
3 0.40673828125 0.3818359375 0.0390625 0.0341796875
3 0.48486328125 0.1884765625 0.0419921875 0.037109375
3 0.5205078125 0.2666015625 0.029296875 0.025390625
3 0.6455078125 0.23486328125 0.0390625 0.0380859375
3 0.53271484375 0.35546875 0.0341796875 0.029296875
1 0.59716796875 0.5654296875 0.25390625 0.23828125