1 0.41796875 0.62890625 0.2529296875 0.1748046875
1 0.55224609375 0.3583984375 0.25 0.1630859375
3 0.5517578125 0.39453125 0.0458984375 0.04296875
1 0.62353515625 0.2197265625 0.24609375 0.1640625
3 0.6416015625 0.2587890625 0.0244140625 0.0146484375
0 0.42822265625 0.6083984375 0.0517578125 0.01953125
0 0.38720703125 0.58056640625 0.02734375 0.021484375
3 0.44921875 0.6748046875 0.017578125 0.0126953125
1 0.482421875 0.49365234375 0.2490234375 0.1611328125
0 0.49609375 0.47314453125 0.044921875 0.0166015625
0 0.45458984375 0.4462890625 0.0234375 0.015625
0 0.583984375 0.52734375 0.0234375 0.0244140625
0 0.56884765625 0.33837890625 0.048828125 0.0166015625
0 0.52587890625 0.3115234375 0.0244140625 0.01953125
0 0.607421875 0.30029296875 0.0263671875 0.0234375
0 0.63818359375 0.20458984375 0.048828125 0.01953125
0 0.59765625 0.17529296875 0.0234375 0.0185546875
3 0.70751953125 0.248046875 0.0263671875 0.0166015625