1 0.7177734375 0.5263671875 0.46484375 0.337890625
1 0.64208984375 0.6943359375 0.4814453125 0.28515625
1 0.47607421875 0.5263671875 0.0966796875 0.142578125
1 0.2685546875 0.9453125 0.138671875 0.109375
1 0.17236328125 0.91064453125 0.1318359375 0.1787109375
1 0.205078125 0.9423828125 0.060546875 0.115234375
1 0.080078125 0.919921875 0.08984375 0.09375
1 0.0927734375 0.978515625 0.171875 0.04296875
1 0.953125 0.26904296875 0.09375 0.0986328125
1 0.95751953125 0.36181640625 0.0849609375 0.1064453125
1 0.751953125 0.7158203125 0.138671875 0.091796875
3 0.662109375 0.5009765625 0.025390625 0.02734375
3 0.5849609375 0.6884765625 0.03515625 0.037109375
3 0.68994140625 0.73291015625 0.0419921875 0.0380859375
0 0.7001953125 0.5693359375 0.033203125 0.03125
0 0.6923828125 0.591796875 0.025390625 0.017578125
0 0.7490234375 0.654296875 0.0234375 0.017578125