1 0.25927734375 0.22216796875 0.1162109375 0.1201171875
1 0.5 0.30126953125 0.5234375 0.5283203125
1 0.6416015625 0.51318359375 0.1181640625 0.115234375
1 0.3896484375 0.44677734375 0.4013671875 0.396484375
0 0.3935546875 0.32275390625 0.017578125 0.0166015625
1 0.35302734375 0.42041015625 0.1103515625 0.111328125
1 0.43212890625 0.48046875 0.1103515625 0.1103515625
3 0.27197265625 0.36181640625 0.0380859375 0.03515625
3 0.50244140625 0.54150390625 0.0341796875 0.0380859375
1 0.8623046875 0.73388671875 0.275390625 0.4443359375
2 0.95556640625 0.85107421875 0.0888671875 0.1708984375
1 0.80615234375 0.8359375 0.2841796875 0.2705078125
1 0.751953125 0.66015625 0.1201171875 0.1220703125
0 0.87255859375 0.7841796875 0.021484375 0.0205078125
0 0.9736328125 0.89208984375 0.0166015625 0.0205078125
0 0.80078125 0.6875 0.0166015625 0.01953125
0 0.60888671875 0.4755859375 0.013671875 0.013671875
1 0.8154296875 0.87109375 0.1015625 0.103515625
1 0.87548828125 0.9208984375 0.08984375 0.0634765625
3 0.73583984375 0.8046875 0.041015625 0.044921875