1 0.13427734375 0.24609375 0.2685546875 0.4921875
3 0.09375 0.18701171875 0.0400390625 0.0302734375
1 0.4228515625 0.0732421875 0.244140625 0.146484375
1 0.38037109375 0.5771484375 0.16015625 0.18359375
1 0.44287109375 0.46484375 0.177734375 0.1572265625
1 0.61962890625 0.5283203125 0.44140625 0.3603515625
1 0.46435546875 0.40576171875 0.1103515625 0.080078125
1 0.51318359375 0.39599609375 0.0771484375 0.103515625
1 0.66845703125 0.39453125 0.3408203125 0.2939453125
1 0.703125 0.34130859375 0.07421875 0.111328125
1 0.65283203125 0.349609375 0.115234375 0.0908203125
1 0.89013671875 0.38671875 0.2197265625 0.24609375
1 0.861328125 0.35205078125 0.115234375 0.0849609375
1 0.9111328125 0.3447265625 0.07421875 0.1025390625
1 0.89501953125 0.5029296875 0.2099609375 0.234375
0 0.9296875 0.4970703125 0.02734375 0.0302734375
0 0.72119140625 0.4873046875 0.0283203125 0.033203125
0 0.6171875 0.5078125 0.0146484375 0.0234375
0 0.54052734375 0.5458984375 0.021484375 0.0224609375