1 0.513671875 0.56103515625 0.3955078125 0.3466796875
1 0.42236328125 0.447265625 0.388671875 0.33984375
1 0.51806640625 0.572265625 0.111328125 0.10546875
1 0.607421875 0.30810546875 0.123046875 0.1240234375
1 0.64794921875 0.36279296875 0.13671875 0.13671875
0 0.541015625 0.33984375 0.04296875 0.04296875
1 0.22607421875 0.1875 0.326171875 0.337890625
1 0.1298828125 0.2841796875 0.2109375 0.3095703125
1 0.2783203125 0.07177734375 0.115234375 0.12109375
1 0.71826171875 0.8994140625 0.2470703125 0.201171875
1 0.7890625 0.8837890625 0.244140625 0.232421875
1 0.64599609375 0.92138671875 0.1962890625 0.1572265625
1 0.5849609375 0.9443359375 0.14453125 0.111328125
3 0.6513671875 0.990234375 0.029296875 0.01953125
3 0.77734375 0.9609375 0.0380859375 0.0390625
3 0.20263671875 0.11376953125 0.0380859375 0.033203125
3 0.23388671875 0.154296875 0.0380859375 0.0341796875
3 0.28173828125 0.2255859375 0.0361328125 0.0341796875
3 0.091796875 0.28759765625 0.0419921875 0.0458984375
0 0.13232421875 0.36669921875 0.0146484375 0.0166015625