1 0.416015625 0.5107421875 0.19921875 0.22265625
1 0.5146484375 0.43505859375 0.212890625 0.240234375
1 0.193359375 0.41015625 0.365234375 0.3056640625
1 0.41552734375 0.27734375 0.3837890625 0.361328125
1 0.5009765625 0.13134765625 0.171875 0.185546875
1 0.57763671875 0.09423828125 0.1591796875 0.1884765625
1 0.63916015625 0.2509765625 0.1494140625 0.193359375
1 0.58154296875 0.287109375 0.1484375 0.181640625
3 0.40673828125 0.341796875 0.048828125 0.05859375
0 0.44677734375 0.28564453125 0.03125 0.041015625
0 0.33984375 0.45166015625 0.0380859375 0.03515625
3 0.54443359375 0.4404296875 0.03515625 0.0322265625
3 0.400390625 0.54248046875 0.037109375 0.03125