1 0.5693359375 0.583984375 0.275390625 0.3515625
1 0.48974609375 0.33056640625 0.1962890625 0.2529296875
1 0.55078125 0.45458984375 0.0625 0.0537109375
1 0.55517578125 0.474609375 0.0732421875 0.041015625
1 0.5859375 0.5322265625 0.064453125 0.056640625
1 0.591796875 0.55126953125 0.07421875 0.0380859375
1 0.4189453125 0.6435546875 0.2890625 0.373046875
1 0.29931640625 0.48828125 0.2646484375 0.21484375
1 0.3818359375 0.6015625 0.072265625 0.04296875
1 0.38427734375 0.61669921875 0.0654296875 0.0458984375
1 0.36181640625 0.560546875 0.0732421875 0.04296875
1 0.3662109375 0.5771484375 0.06640625 0.044921875
1 0.34912109375 0.31591796875 0.1748046875 0.1259765625
1 0.2763671875 0.38525390625 0.3125 0.1826171875
1 0.42626953125 0.42138671875 0.0595703125 0.0810546875
1 0.2880859375 0.1875 0.08203125 0.140625
1 0.2529296875 0.19921875 0.06640625 0.134765625
0 0.3876953125 0.775390625 0.017578125 0.017578125
0 0.39599609375 0.5107421875 0.0205078125 0.021484375
0 0.3388671875 0.5361328125 0.015625 0.0234375
3 0.30078125 0.5068359375 0.033203125 0.025390625
0 0.21484375 0.3681640625 0.037109375 0.033203125
0 0.29150390625 0.34033203125 0.0380859375 0.0380859375
0 0.23828125 0.15283203125 0.017578125 0.0146484375
3 0.46435546875 0.39306640625 0.0185546875 0.0224609375
0 0.49169921875 0.294921875 0.0517578125 0.048828125
0 0.50634765625 0.3388671875 0.0126953125 0.009765625
0 0.3759765625 0.48193359375 0.01171875 0.0107421875
0 0.40625 0.63720703125 0.015625 0.0126953125
0 0.52490234375 0.37841796875 0.0537109375 0.0537109375