1 0.47412109375 0.5478515625 0.2509765625 0.119140625
1 0.572265625 0.44970703125 0.1318359375 0.294921875
1 0.4462890625 0.478515625 0.181640625 0.0986328125
1 0.4853515625 0.46044921875 0.125 0.119140625
1 0.4345703125 0.3720703125 0.119140625 0.158203125
1 0.51171875 0.40771484375 0.109375 0.224609375
1 0.95654296875 0.59912109375 0.0869140625 0.1513671875
1 0.7744140625 0.841796875 0.23828125 0.2353515625
2 0.806640625 0.82958984375 0.16796875 0.1826171875
1 0.5205078125 0.8671875 0.12109375 0.265625
1 0.41552734375 0.95849609375 0.2294921875 0.0830078125
1 0.396484375 0.90576171875 0.1845703125 0.1005859375
1 0.43505859375 0.892578125 0.1298828125 0.119140625
1 0.458984375 0.83740234375 0.1123046875 0.2197265625
0 0.53955078125 0.85546875 0.0263671875 0.03515625
3 0.4521484375 0.96875 0.029296875 0.029296875
3 0.421875 0.876953125 0.0419921875 0.0390625
0 0.54931640625 0.57275390625 0.0166015625 0.0166015625
3 0.50634765625 0.53955078125 0.033203125 0.03515625
3 0.4755859375 0.4501953125 0.048828125 0.0478515625
0 0.59130859375 0.4267578125 0.0302734375 0.04296875
1 0.3037109375 0.14501953125 0.251953125 0.12109375
1 0.27783203125 0.07763671875 0.177734375 0.099609375
1 0.31396484375 0.05712890625 0.119140625 0.111328125
1 0.3349609375 0.05712890625 0.087890625 0.1142578125
1 0.2548828125 0.0244140625 0.103515625 0.048828125
3 0.3056640625 0.048828125 0.048828125 0.046875
3 0.3330078125 0.1396484375 0.0263671875 0.0283203125
3 0.37646484375 0.1708984375 0.0166015625 0.017578125
3 0.41943359375 0.0146484375 0.0166015625 0.013671875
1 0.0693359375 0.85595703125 0.138671875 0.0908203125
1 0.11474609375 0.75 0.126953125 0.2861328125
1 0.056640625 0.71142578125 0.11328125 0.2236328125
1 0.0458984375 0.7646484375 0.091796875 0.11328125
1 0.04248046875 0.79541015625 0.0810546875 0.056640625
3 0.04638671875 0.8447265625 0.033203125 0.03125
3 0.02392578125 0.7509765625 0.0390625 0.0498046875
3 0.13037109375 0.73095703125 0.029296875 0.04296875
0 0.0908203125 0.87060546875 0.01953125 0.01953125