1 0.482421875 0.5654296875 0.3681640625 0.2548828125
1 0.439453125 0.43212890625 0.33203125 0.2646484375
2 0.44091796875 0.4482421875 0.314453125 0.208984375
2 0.53759765625 0.5068359375 0.1865234375 0.109375
2 0.3828125 0.56689453125 0.119140625 0.0966796875
1 0.4951171875 0.57861328125 0.1298828125 0.111328125
3 0.40478515625 0.615234375 0.048828125 0.037109375
3 0.42578125 0.4228515625 0.0302734375 0.0517578125
3 0.5849609375 0.55712890625 0.05078125 0.0400390625
0 0.43359375 0.53662109375 0.0322265625 0.029296875
0 0.55224609375 0.3876953125 0.02734375 0.025390625
0 0.453125 0.42431640625 0.0166015625 0.0166015625
1 0.43115234375 0.03125 0.1669921875 0.0625
1 0.37451171875 0.12255859375 0.22265625 0.2158203125
1 0.23876953125 0.14794921875 0.2109375 0.248046875
1 0.26513671875 0.1259765625 0.0986328125 0.1396484375
0 0.41845703125 0.166015625 0.0234375 0.0224609375
3 0.30419921875 0.20263671875 0.0244140625 0.025390625
0 0.3583984375 0.0400390625 0.015625 0.0166015625
1 0.6767578125 0.4775390625 0.173828125 0.189453125
1 0.3056640625 0.61474609375 0.1298828125 0.15625