1 0.55712890625 0.80126953125 0.1201171875 0.2373046875
1 0.62060546875 0.79296875 0.1455078125 0.21484375
1 0.61572265625 0.654296875 0.3212890625 0.19921875
1 0.49462890625 0.54345703125 0.1865234375 0.2060546875
1 0.63427734375 0.49267578125 0.1943359375 0.2255859375
0 0.43115234375 0.5322265625 0.0302734375 0.0234375
0 0.63818359375 0.580078125 0.0322265625 0.015625
1 0.83740234375 0.69775390625 0.1240234375 0.2099609375
1 0.90380859375 0.67822265625 0.1240234375 0.2158203125
1 0.19970703125 0.87548828125 0.3994140625 0.2490234375
3 0.30224609375 0.97314453125 0.0283203125 0.0302734375
3 0.275390625 0.88427734375 0.029296875 0.0302734375
3 0.18115234375 0.91650390625 0.0302734375 0.0322265625
3 0.07373046875 0.90625 0.0322265625 0.03515625
3 0.0966796875 0.98681640625 0.029296875 0.0263671875