1 0.39794921875 0.37158203125 0.5556640625 0.3544921875
1 0.341796875 0.4931640625 0.580078125 0.345703125
1 0.34130859375 0.48974609375 0.1083984375 0.0966796875
1 0.4013671875 0.369140625 0.115234375 0.1015625
1 0.2431640625 0.59375 0.13671875 0.15234375
1 0.1494140625 0.55029296875 0.15234375 0.1572265625
0 0.18798828125 0.2392578125 0.0263671875 0.025390625
0 0.3515625 0.291015625 0.017578125 0.017578125
0 0.3115234375 0.39111328125 0.021484375 0.0224609375
3 0.52685546875 0.4296875 0.0224609375 0.029296875
0 0.48779296875 0.42138671875 0.0205078125 0.0185546875
0 0.330078125 0.357421875 0.013671875 0.015625
0 0.23681640625 0.478515625 0.0185546875 0.021484375
3 0.46533203125 0.5234375 0.0224609375 0.02734375
1 0.42529296875 0.67578125 0.0966796875 0.12890625
1 0.37353515625 0.6494140625 0.0986328125 0.1328125
1 0.1318359375 0.92626953125 0.115234375 0.0654296875
1 0.22802734375 0.9541015625 0.0986328125 0.0390625