1 0.52880859375 0.49853515625 0.1865234375 0.2470703125
1 0.4482421875 0.72021484375 0.095703125 0.1005859375
1 0.40966796875 0.720703125 0.0732421875 0.09375
1 0.392578125 0.64453125 0.109375 0.10546875
1 0.41552734375 0.541015625 0.1767578125 0.208984375
1 0.529296875 0.6669921875 0.134765625 0.146484375
1 0.806640625 0.41748046875 0.115234375 0.1240234375
1 0.8837890625 0.3720703125 0.11328125 0.14453125
1 0.5009765625 0.12353515625 0.2421875 0.2470703125
1 0.65087890625 0.09228515625 0.1826171875 0.1845703125
1 0.89013671875 0.65576171875 0.2197265625 0.2373046875
1 0.5634765625 0.53369140625 0.03125 0.0419921875