1 0.4560546875 0.47998046875 0.26953125 0.3017578125
1 0.57568359375 0.564453125 0.3759765625 0.36328125
1 0.85986328125 0.16357421875 0.2802734375 0.3017578125
1 0.8974609375 0.08935546875 0.205078125 0.1787109375
1 0.14111328125 0.2197265625 0.2822265625 0.376953125
1 0.07861328125 0.1171875 0.1572265625 0.234375
0 0.06982421875 0.06982421875 0.0224609375 0.0224609375
0 0.09423828125 0.19580078125 0.0263671875 0.0205078125
2 0.5830078125 0.48583984375 0.078125 0.0791015625
0 0.50341796875 0.5732421875 0.0537109375 0.05078125
0 0.390625 0.51904296875 0.013671875 0.0166015625
0 0.85546875 0.1787109375 0.03125 0.03515625
0 0.88037109375 0.20703125 0.0263671875 0.033203125
0 0.982421875 0.0537109375 0.03125 0.03515625
1 0.7548828125 0.0322265625 0.09765625 0.064453125
0 0.76708984375 0.10498046875 0.0205078125 0.0185546875