1 0.39453125 0.3857421875 0.197265625 0.1171875
1 0.39404296875 0.48974609375 0.1982421875 0.1123046875
1 0.3154296875 0.43115234375 0.04296875 0.0986328125
1 0.443359375 0.490234375 0.109375 0.306640625
1 0.48876953125 0.625 0.0908203125 0.048828125
1 0.55078125 0.494140625 0.12109375 0.306640625
1 0.5087890625 0.359375 0.08984375 0.048828125
3 0.41943359375 0.56689453125 0.0302734375 0.0205078125
0 0.462890625 0.44970703125 0.02734375 0.0224609375
3 0.40771484375 0.36669921875 0.0224609375 0.0244140625
0 0.33544921875 0.36767578125 0.0283203125 0.0224609375
0 0.5654296875 0.474609375 0.0234375 0.029296875
1 0.857421875 0.40185546875 0.20703125 0.1103515625
1 0.8603515625 0.30224609375 0.197265625 0.1103515625
1 0.78662109375 0.34716796875 0.0556640625 0.0869140625
1 0.9091796875 0.40380859375 0.111328125 0.3154296875
1 0.9619140625 0.2724609375 0.07421875 0.048828125
1 0.9541015625 0.53857421875 0.091796875 0.0478515625
0 0.93212890625 0.36279296875 0.0283203125 0.0263671875
3 0.875 0.28271484375 0.02734375 0.0205078125
3 0.890625 0.47998046875 0.021484375 0.0263671875
0 0.9375 0.50341796875 0.01953125 0.0146484375