1 0.6337890625 0.82421875 0.33203125 0.349609375
0 0.6025390625 0.80712890625 0.015625 0.0166015625
1 0.70556640625 0.58935546875 0.3076171875 0.2705078125
1 0.41845703125 0.7216796875 0.2744140625 0.26171875
1 0.474609375 0.5224609375 0.27734375 0.255859375
3 0.484375 0.697265625 0.01953125 0.029296875
3 0.37890625 0.66845703125 0.0234375 0.0283203125
3 0.470703125 0.56103515625 0.041015625 0.0478515625
3 0.412109375 0.54541015625 0.04296875 0.0478515625
3 0.4892578125 0.4931640625 0.064453125 0.076171875
3 0.4326171875 0.478515625 0.05859375 0.07421875
0 0.72998046875 0.67431640625 0.0244140625 0.0263671875