1 0.8076171875 0.20703125 0.3115234375 0.3505859375
1 0.68701171875 0.15478515625 0.298828125 0.28125
1 0.64697265625 0.43994140625 0.1494140625 0.125
1 0.482421875 0.595703125 0.3330078125 0.40625
1 0.5556640625 0.64599609375 0.255859375 0.3515625
1 0.390625 0.80419921875 0.14453125 0.1298828125
1 0.3154296875 0.76123046875 0.083984375 0.0947265625
1 0.275390625 0.732421875 0.0859375 0.0947265625
1 0.39501953125 0.53662109375 0.2783203125 0.3681640625
1 0.3017578125 0.1787109375 0.0654296875 0.0595703125
1 0.283203125 0.2021484375 0.0654296875 0.05078125
1 0.2080078125 0.10791015625 0.0810546875 0.0947265625
1 0.166015625 0.08056640625 0.103515625 0.11328125
0 0.85595703125 0.19677734375 0.03125 0.0341796875
2 0.40576171875 0.708984375 0.1708984375 0.162109375
2 0.31201171875 0.65966796875 0.095703125 0.0986328125
0 0.4716796875 0.57958984375 0.017578125 0.013671875
3 0.490234375 0.63623046875 0.0380859375 0.0322265625
3 0.41650390625 0.50830078125 0.0419921875 0.04296875
3 0.37841796875 0.56494140625 0.0419921875 0.0400390625
0 0.3359375 0.6005859375 0.02734375 0.0302734375
0 0.4365234375 0.4609375 0.03125 0.033203125
0 0.51171875 0.6025390625 0.01953125 0.0234375
0 0.79833984375 0.24072265625 0.01171875 0.013671875
0 0.4609375 0.6005859375 0.013671875 0.0146484375