1 0.21044921875 0.13623046875 0.2509765625 0.2490234375
1 0.22119140625 0.31396484375 0.2470703125 0.1552734375
1 0.236328125 0.4755859375 0.255859375 0.23828125
1 0.2080078125 0.65478515625 0.1953125 0.1845703125
1 0.43896484375 0.6513671875 0.3017578125 0.154296875
1 0.39892578125 0.4677734375 0.1123046875 0.224609375
1 0.5478515625 0.447265625 0.1328125 0.2265625
1 0.470703125 0.45703125 0.056640625 0.234375
1 0.50341796875 0.26806640625 0.3388671875 0.1630859375
1 0.4833984375 0.17822265625 0.30859375 0.1162109375
1 0.302734375 0.07421875 0.1328125 0.125
1 0.421875 0.08642578125 0.1796875 0.0908203125
1 0.408203125 0.8291015625 0.162109375 0.212890625
1 0.2822265625 0.82568359375 0.099609375 0.1982421875
1 0.720703125 0.7216796875 0.3359375 0.20703125
1 0.71044921875 0.8623046875 0.3505859375 0.185546875
1 0.91650390625 0.77294921875 0.1669921875 0.3291015625
2 0.64501953125 0.86181640625 0.1455078125 0.1162109375
2 0.52685546875 0.43408203125 0.0556640625 0.1455078125
2 0.42626953125 0.275390625 0.1650390625 0.087890625
3 0.63525390625 0.69287109375 0.0205078125 0.0263671875
3 0.68408203125 0.7021484375 0.0205078125 0.03125
3 0.7314453125 0.7119140625 0.015625 0.029296875
3 0.40673828125 0.4150390625 0.0322265625 0.037109375
3 0.412109375 0.4677734375 0.037109375 0.041015625
3 0.41650390625 0.5224609375 0.0302734375 0.0390625
3 0.43701171875 0.61572265625 0.0361328125 0.0244140625
3 0.4404296875 0.66845703125 0.037109375 0.0224609375
3 0.5654296875 0.32275390625 0.029296875 0.0166015625
3 0.5615234375 0.28662109375 0.02734375 0.0185546875
3 0.5576171875 0.25048828125 0.033203125 0.0185546875
1 0.18701171875 0.6533203125 0.0849609375 0.080078125
1 0.18408203125 0.4755859375 0.0732421875 0.123046875
1 0.16748046875 0.3251953125 0.0615234375 0.064453125
1 0.1484375 0.11669921875 0.0703125 0.0400390625
1 0.14697265625 0.08349609375 0.0751953125 0.0283203125
0 0.26806640625 0.11962890625 0.0283203125 0.0322265625
3 0.3125 0.07763671875 0.015625 0.0146484375
0 0.30517578125 0.16455078125 0.0224609375 0.0244140625
0 0.37158203125 0.322265625 0.0263671875 0.021484375
0 0.31982421875 0.36083984375 0.0380859375 0.0263671875
0 0.25537109375 0.70849609375 0.0224609375 0.0244140625
0 0.3134765625 0.59765625 0.017578125 0.013671875
0 0.40185546875 0.79541015625 0.0224609375 0.0146484375