1 0.42236328125 0.31689453125 0.2314453125 0.1748046875
1 0.58349609375 0.353515625 0.1826171875 0.158203125
1 0.5859375 0.53955078125 0.2109375 0.2705078125
1 0.43212890625 0.4951171875 0.2841796875 0.251953125
1 0.400390625 0.4580078125 0.119140625 0.06640625
1 0.4072265625 0.4296875 0.103515625 0.07421875
3 0.50439453125 0.46826171875 0.0322265625 0.0263671875
3 0.5966796875 0.36376953125 0.033203125 0.0341796875
0 0.5185546875 0.38134765625 0.02734375 0.0263671875
0 0.6015625 0.513671875 0.015625 0.0234375
0 0.62158203125 0.537109375 0.0146484375 0.017578125
0 0.36279296875 0.4833984375 0.0185546875 0.013671875