1 0.423828125 0.42431640625 0.298828125 0.3525390625
1 0.52880859375 0.66748046875 0.2119140625 0.2568359375
1 0.45361328125 0.5498046875 0.0595703125 0.05859375
1 0.447265625 0.53271484375 0.072265625 0.0439453125
1 0.41015625 0.4755859375 0.060546875 0.0625
1 0.40234375 0.4599609375 0.072265625 0.041015625
1 0.5625 0.34765625 0.306640625 0.375
1 0.70703125 0.4931640625 0.25390625 0.236328125
1 0.607421875 0.38623046875 0.0703125 0.0478515625
1 0.6044921875 0.37255859375 0.0625 0.0517578125
1 0.630859375 0.423828125 0.072265625 0.046875
1 0.6259765625 0.41015625 0.0625 0.05078125
1 0.66748046875 0.67431640625 0.1826171875 0.1201171875
1 0.7373046875 0.5849609375 0.314453125 0.19140625
1 0.57763671875 0.56982421875 0.0576171875 0.0849609375
1 0.74365234375 0.7880859375 0.0927734375 0.140625
1 0.77783203125 0.77197265625 0.0791015625 0.1337890625
0 0.58349609375 0.21435546875 0.0185546875 0.0185546875
0 0.60205078125 0.47802734375 0.0224609375 0.0224609375
0 0.65673828125 0.44677734375 0.0166015625 0.0244140625
3 0.6982421875 0.47265625 0.033203125 0.02734375
0 0.796875 0.6015625 0.0390625 0.03515625
0 0.7236328125 0.63623046875 0.0390625 0.0400390625
0 0.79638671875 0.81787109375 0.0185546875 0.0166015625
3 0.54638671875 0.6025390625 0.0205078125 0.0234375
0 0.52978515625 0.70361328125 0.0537109375 0.0517578125
0 0.51025390625 0.66015625 0.0126953125 0.009765625
0 0.62548828125 0.5048828125 0.0126953125 0.01171875
0 0.57861328125 0.35400390625 0.0166015625 0.0126953125
0 0.48779296875 0.623046875 0.0556640625 0.056640625