1 0.50146484375 0.41796875 0.2783203125 0.13671875
1 0.5009765625 0.560546875 0.27734375 0.15234375
1 0.22998046875 0.8759765625 0.1357421875 0.12109375
1 0.189453125 0.93896484375 0.140625 0.1220703125
1 0.12646484375 0.1572265625 0.2529296875 0.267578125
1 0.16357421875 0.10400390625 0.3115234375 0.2060546875
0 0.20068359375 0.1552734375 0.0244140625 0.0234375
3 0.49658203125 0.38671875 0.0224609375 0.025390625
3 0.54833984375 0.388671875 0.0205078125 0.0234375
0 0.61474609375 0.38818359375 0.0283203125 0.0263671875
0 0.50146484375 0.5810546875 0.0302734375 0.029296875