1 0.5263671875 0.44091796875 0.287109375 0.220703125
1 0.51611328125 0.57373046875 0.294921875 0.2255859375
1 0.5126953125 0.61328125 0.123046875 0.0673828125
1 0.3310546875 0.568359375 0.1904296875 0.2216796875
1 0.6220703125 0.12841796875 0.2578125 0.2568359375
1 0.48583984375 0.10986328125 0.2412109375 0.2197265625
1 0.63671875 0.0703125 0.130859375 0.095703125
1 0.63134765625 0.1240234375 0.11328125 0.115234375
1 0.47216796875 0.0751953125 0.1376953125 0.095703125
1 0.47998046875 0.041015625 0.1103515625 0.08203125
0 0.5771484375 0.06982421875 0.025390625 0.0244140625
0 0.52734375 0.52880859375 0.0302734375 0.0322265625
3 0.484375 0.44775390625 0.0458984375 0.03515625
3 0.5537109375 0.40576171875 0.0263671875 0.0263671875