1 0.4453125 0.47216796875 0.2705078125 0.32421875
1 0.60009765625 0.61376953125 0.2529296875 0.3173828125
1 0.42626953125 0.671875 0.1181640625 0.1083984375
1 0.6142578125 0.42333984375 0.1181640625 0.1083984375
3 0.55078125 0.666015625 0.0419921875 0.0458984375
3 0.64306640625 0.5361328125 0.0400390625 0.046875
3 0.59765625 0.60107421875 0.0400390625 0.0478515625
3 0.4736328125 0.4140625 0.048828125 0.046875
3 0.4404296875 0.48876953125 0.0341796875 0.029296875
3 0.55908203125 0.546875 0.0263671875 0.02734375
0 0.5810546875 0.5400390625 0.0234375 0.0283203125