1 0.50390625 0.5859375 0.3291015625 0.24609375
1 0.556640625 0.44189453125 0.32421875 0.2529296875
1 0.9326171875 0.15576171875 0.134765625 0.2978515625
1 0.84228515625 0.24072265625 0.1044921875 0.0712890625
1 0.8310546875 0.12255859375 0.21484375 0.2373046875
2 0.8505859375 0.12353515625 0.1484375 0.234375
2 0.76220703125 0.18359375 0.07421875 0.091796875
1 0.81103515625 0.12548828125 0.0908203125 0.05078125
1 0.8203125 0.0986328125 0.0791015625 0.05859375
1 0.83740234375 0.060546875 0.091796875 0.052734375
1 0.8427734375 0.0380859375 0.078125 0.0615234375
0 0.8984375 0.11572265625 0.0234375 0.0263671875
2 0.92041015625 0.19873046875 0.0712890625 0.0791015625
2 0.96044921875 0.1005859375 0.072265625 0.0830078125
3 0.6298828125 0.45556640625 0.0380859375 0.0419921875
3 0.51025390625 0.45556640625 0.037109375 0.037109375
3 0.4755859375 0.5517578125 0.0400390625 0.0390625
0 0.4501953125 0.603515625 0.015625 0.013671875
1 0.6328125 0.91845703125 0.291015625 0.1630859375
0 0.6474609375 0.98876953125 0.0390625 0.0224609375
0 0.9951171875 0.10595703125 0.009765625 0.0166015625