1 0.51025390625 0.4873046875 0.2353515625 0.244140625
1 0.548828125 0.23193359375 0.388671875 0.44140625
1 0.58740234375 0.38037109375 0.2626953125 0.287109375
1 0.427734375 0.3525390625 0.1708984375 0.17578125
1 0.36767578125 0.42236328125 0.15625 0.1708984375
1 0.39697265625 0.21533203125 0.2705078125 0.2666015625
1 0.20703125 0.24365234375 0.3896484375 0.3662109375
1 0.2841796875 0.109375 0.26171875 0.1884765625
3 0.52294921875 0.52685546875 0.0400390625 0.037109375
3 0.4814453125 0.48876953125 0.04296875 0.0380859375
3 0.60986328125 0.3896484375 0.052734375 0.0478515625
0 0.587890625 0.52294921875 0.0244140625 0.0224609375
3 0.52587890625 0.3125 0.0546875 0.05078125
3 0.3984375 0.33349609375 0.0439453125 0.04296875
3 0.45849609375 0.248046875 0.0390625 0.037109375
3 0.2353515625 0.26123046875 0.044921875 0.0439453125
3 0.17041015625 0.2041015625 0.0400390625 0.0400390625
3 0.13232421875 0.1630859375 0.03515625 0.033203125
3 0.259765625 0.07080078125 0.052734375 0.0419921875
0 0.23291015625 0.19921875 0.015625 0.017578125
0 0.2470703125 0.212890625 0.0205078125 0.017578125
0 0.349609375 0.1142578125 0.025390625 0.025390625
1 0.37841796875 0.189453125 0.1484375 0.1513671875