1 0.16015625 0.478515625 0.3203125 0.197265625
1 0.1513671875 0.31201171875 0.302734375 0.1396484375
1 0.23974609375 0.27978515625 0.1240234375 0.1572265625
1 0.11376953125 0.27880859375 0.1259765625 0.1572265625
1 0.02392578125 0.20654296875 0.0478515625 0.1748046875
1 0.02587890625 0.32177734375 0.0517578125 0.0673828125
1 0.498046875 0.40283203125 0.388671875 0.2412109375
1 0.49267578125 0.24365234375 0.3798828125 0.1689453125
1 0.96435546875 0.193359375 0.0712890625 0.171875
1 0.8759765625 0.20654296875 0.16015625 0.1962890625
1 0.67626953125 0.728515625 0.1884765625 0.240234375
1 0.4833984375 0.7060546875 0.234375 0.193359375
1 0.455078125 0.7529296875 0.14453125 0.08984375
1 0.7080078125 0.69482421875 0.0546875 0.0478515625
3 0.4736328125 0.68359375 0.037109375 0.017578125
1 0.44140625 0.8955078125 0.28125 0.208984375
3 0.54736328125 0.76416015625 0.0224609375 0.0224609375
1 0.65625 0.90185546875 0.19140625 0.1962890625
3 0.6572265625 0.775390625 0.02734375 0.03515625
0 0.6884765625 0.9267578125 0.0234375 0.0234375
1 0.62841796875 0.41943359375 0.0439453125 0.0537109375
1 0.5361328125 0.4326171875 0.044921875 0.056640625
1 0.44580078125 0.44091796875 0.0458984375 0.0498046875
1 0.37255859375 0.451171875 0.0419921875 0.0546875
1 0.25732421875 0.5068359375 0.0380859375 0.064453125
1 0.12841796875 0.50439453125 0.0400390625 0.0654296875
1 0.18359375 0.5078125 0.037109375 0.060546875
1 0.068359375 0.50390625 0.041015625 0.064453125
1 0.4052734375 0.23291015625 0.04296875 0.0478515625
1 0.46630859375 0.21875 0.0400390625 0.044921875
1 0.52392578125 0.2099609375 0.0439453125 0.041015625
1 0.58447265625 0.20458984375 0.0419921875 0.0439453125
1 0.33935546875 0.22998046875 0.0458984375 0.0244140625
3 0.0185546875 0.25390625 0.03125 0.0234375