1 0.09814453125 0.103515625 0.1962890625 0.20703125
1 0.06884765625 0.0703125 0.1376953125 0.140625
0 0.025390625 0.1103515625 0.0234375 0.0234375
1 0.21044921875 0.13720703125 0.2041015625 0.2548828125
1 0.10888671875 0.2783203125 0.2177734375 0.25390625
0 0.095703125 0.14111328125 0.013671875 0.0126953125
1 0.3447265625 0.26953125 0.328125 0.330078125
1 0.22998046875 0.10693359375 0.0576171875 0.0634765625
1 0.2177734375 0.10205078125 0.041015625 0.0751953125
3 0.17822265625 0.1767578125 0.0322265625 0.033203125
1 0.0771484375 0.42724609375 0.080078125 0.0908203125
1 0.04931640625 0.5419921875 0.0986328125 0.1875
1 0.26513671875 0.47998046875 0.3251953125 0.3525390625
3 0.22314453125 0.2734375 0.0478515625 0.052734375
0 0.333984375 0.31396484375 0.029296875 0.0283203125
3 0.39453125 0.255859375 0.037109375 0.0390625
1 0.33935546875 0.21142578125 0.0419921875 0.0751953125
1 0.3515625 0.21728515625 0.056640625 0.0595703125
0 0.119140625 0.2744140625 0.03515625 0.041015625
0 0.0966796875 0.21435546875 0.025390625 0.0263671875
1 0.4501953125 0.38525390625 0.173828125 0.1962890625
1 0.54541015625 0.4541015625 0.2333984375 0.248046875
1 0.45556640625 0.36328125 0.0791015625 0.083984375
1 0.41650390625 0.62451171875 0.2744140625 0.2841796875
1 0.38671875 0.6982421875 0.091796875 0.1328125
1 0.361328125 0.69140625 0.099609375 0.119140625
3 0.4375 0.61376953125 0.03515625 0.0361328125
3 0.41015625 0.59619140625 0.037109375 0.0361328125
3 0.431640625 0.5205078125 0.025390625 0.0234375
1 0.5556640625 0.41943359375 0.044921875 0.0478515625
1 0.6728515625 0.55029296875 0.21484375 0.2275390625
1 0.59326171875 0.44970703125 0.0380859375 0.0439453125
1 0.5595703125 0.5009765625 0.033203125 0.03125
1 0.5166015625 0.466796875 0.029296875 0.03125
1 0.58642578125 0.66357421875 0.2099609375 0.2021484375
1 0.646484375 0.52783203125 0.087890625 0.1025390625
1 0.68994140625 0.5693359375 0.0908203125 0.109375
1 0.59765625 0.6806640625 0.083984375 0.0859375
1 0.68896484375 0.76171875 0.1845703125 0.173828125
1 0.77978515625 0.64208984375 0.1787109375 0.2021484375
1 0.8330078125 0.87060546875 0.25 0.2587890625
1 0.701171875 0.916015625 0.228515625 0.16796875
0 0.69970703125 0.90380859375 0.0224609375 0.0205078125
0 0.72509765625 0.92041015625 0.0302734375 0.0283203125
0 0.748046875 0.9365234375 0.015625 0.01171875
0 0.65625 0.9755859375 0.0234375 0.021484375
0 0.78076171875 0.69921875 0.0322265625 0.029296875
0 0.587890625 0.62060546875 0.021484375 0.0166015625
0 0.5205078125 0.57373046875 0.029296875 0.0244140625
3 0.693359375 0.75341796875 0.02734375 0.0244140625
3 0.77490234375 0.6318359375 0.0419921875 0.041015625
3 0.5244140625 0.62548828125 0.025390625 0.0244140625
0 0.27294921875 0.46044921875 0.0693359375 0.0732421875
0 0.1826171875 0.4658203125 0.02734375 0.025390625
0 0.0498046875 0.22314453125 0.015625 0.0166015625
0 0.38330078125 0.5712890625 0.0185546875 0.013671875
0 0.37744140625 0.59716796875 0.0146484375 0.0146484375
0 0.43359375 0.48779296875 0.025390625 0.0185546875
1 0.89306640625 0.7841796875 0.2138671875 0.431640625
1 0.203125 0.951171875 0.154296875 0.09765625
1 0.11279296875 0.93408203125 0.1259765625 0.1318359375