1 0.75048828125 0.509765625 0.4130859375 0.169921875
1 0.77197265625 0.40087890625 0.4091796875 0.1650390625
0 0.81005859375 0.46728515625 0.0341796875 0.0283203125
1 0.078125 0.291015625 0.15625 0.119140625
1 0.0615234375 0.3779296875 0.123046875 0.134765625
3 0.07177734375 0.29541015625 0.0302734375 0.0302734375
0 0.02783203125 0.26611328125 0.0205078125 0.0244140625
1 0.0146484375 0.15673828125 0.029296875 0.0966796875
1 0.5009765625 0.87890625 0.330078125 0.142578125
2 0.51513671875 0.79541015625 0.3056640625 0.1181640625
1 0.51416015625 0.7958984375 0.3310546875 0.126953125