1 0.64306640625 0.6552734375 0.2890625 0.224609375
1 0.6552734375 0.50146484375 0.224609375 0.28515625
1 0.5009765625 0.4853515625 0.2890625 0.2255859375
1 0.48291015625 0.64208984375 0.2255859375 0.2900390625
1 0.5302734375 0.5107421875 0.087890625 0.087890625
1 0.8857421875 0.3935546875 0.2216796875 0.2890625
1 0.8720703125 0.25732421875 0.2158203125 0.18359375
1 0.94970703125 0.421875 0.1005859375 0.197265625
1 0.931640625 0.26513671875 0.0869140625 0.0888671875
0 0.90380859375 0.23486328125 0.015625 0.0224609375
0 0.89501953125 0.41357421875 0.0166015625 0.0205078125
0 0.6845703125 0.54833984375 0.017578125 0.0185546875
0 0.5205078125 0.4697265625 0.0205078125 0.021484375
1 0.16455078125 0.90478515625 0.2431640625 0.1904296875
1 0.119140625 0.80615234375 0.185546875 0.2158203125
3 0.16552734375 0.86962890625 0.0361328125 0.0390625
1 0.98876953125 0.86376953125 0.0224609375 0.1416015625
1 0.96728515625 0.890625 0.0654296875 0.1015625
1 0.83251953125 0.9111328125 0.1337890625 0.1083984375
1 0.90869140625 0.908203125 0.1064453125 0.0908203125
0 0.98095703125 0.87890625 0.0244140625 0.021484375
1 0.45849609375 0.7890625 0.0673828125 0.0810546875
1 0.486328125 0.77197265625 0.0693359375 0.080078125