1 0.49365234375 0.19384765625 0.1298828125 0.24609375
1 0.42578125 0.1943359375 0.1513671875 0.2294921875
1 0.41064453125 0.330078125 0.333984375 0.2099609375
1 0.51171875 0.4580078125 0.1923828125 0.2138671875
1 0.36669921875 0.48583984375 0.2041015625 0.2333984375
0 0.5732421875 0.4794921875 0.03125 0.025390625
0 0.3759765625 0.3994140625 0.033203125 0.017578125
1 0.197265625 0.251953125 0.12890625 0.2177734375
1 0.12841796875 0.26123046875 0.130859375 0.224609375
1 0.82763671875 0.1630859375 0.3447265625 0.28515625
3 0.7685546875 0.0634765625 0.0302734375 0.0322265625
3 0.78125 0.1552734375 0.0322265625 0.0322265625
3 0.87939453125 0.13916015625 0.0322265625 0.033203125
3 0.98388671875 0.1650390625 0.0322265625 0.037109375
3 0.9736328125 0.08203125 0.03125 0.029296875