1 0.62451171875 0.560546875 0.068359375 0.22265625
1 0.5556640625 0.5615234375 0.1025390625 0.2236328125
1 0.46044921875 0.5654296875 0.1181640625 0.2197265625
1 0.56494140625 0.33251953125 0.15234375 0.2470703125
1 0.45068359375 0.33740234375 0.115234375 0.2431640625
0 0.484375 0.5439453125 0.029296875 0.0283203125
3 0.57958984375 0.3955078125 0.0263671875 0.0234375
3 0.45947265625 0.43115234375 0.0263671875 0.025390625
3 0.45263671875 0.3544921875 0.0234375 0.025390625
3 0.57177734375 0.30322265625 0.0302734375 0.0263671875
1 0.173828125 0.12548828125 0.216796875 0.228515625
1 0.09814453125 0.2041015625 0.1123046875 0.1435546875
1 0.068359375 0.1015625 0.13671875 0.140625
1 0.0341796875 0.23779296875 0.068359375 0.1298828125
1 0.0205078125 0.13232421875 0.041015625 0.1201171875
3 0.03125 0.08642578125 0.04296875 0.0390625
3 0.08984375 0.22265625 0.01953125 0.029296875
3 0.00244140625 0.24462890625 0.0048828125 0.0224609375
1 0.89501953125 0.541015625 0.1171875 0.2626953125
1 0.94873046875 0.421875 0.0517578125 0.0244140625
1 0.96923828125 0.537109375 0.0615234375 0.2578125
1 0.95751953125 0.65576171875 0.052734375 0.0244140625
0 0.955078125 0.5166015625 0.017578125 0.021484375