1 0.1572265625 0.31103515625 0.30078125 0.34765625
1 0.0927734375 0.24609375 0.1748046875 0.3310546875
3 0.06005859375 0.25634765625 0.037109375 0.0341796875
0 0.11962890625 0.31689453125 0.01953125 0.0205078125
0 0.150390625 0.21826171875 0.0263671875 0.025390625
1 0.56201171875 0.4794921875 0.2919921875 0.234375
1 0.4658203125 0.60888671875 0.2763671875 0.2705078125
3 0.595703125 0.4814453125 0.048828125 0.0419921875
3 0.41259765625 0.57470703125 0.0400390625 0.041015625
0 0.4658203125 0.59375 0.0234375 0.0244140625
1 0.91357421875 0.84228515625 0.1474609375 0.3154296875
1 0.94189453125 0.8173828125 0.083984375 0.14453125