1 0.423828125 0.43359375 0.3369140625 0.3408203125
1 0.50927734375 0.55078125 0.3701171875 0.3447265625
1 0.7822265625 0.20458984375 0.3525390625 0.3642578125
1 0.84814453125 0.17724609375 0.3037109375 0.2939453125
1 0.78369140625 0.36181640625 0.2265625 0.208984375
1 0.12646484375 0.6708984375 0.2529296875 0.333984375
1 0.15625 0.802734375 0.3125 0.328125
1 0.0302734375 0.82177734375 0.060546875 0.1435546875
0 0.4990234375 0.52880859375 0.037109375 0.037109375
0 0.080078125 0.70263671875 0.0400390625 0.0419921875
0 0.18603515625 0.65478515625 0.01953125 0.021484375
0 0.86181640625 0.162109375 0.044921875 0.0439453125
0 0.7666015625 0.27587890625 0.037109375 0.041015625
3 0.1416015625 0.8203125 0.04296875 0.04296875