1 0.51904296875 0.52001953125 0.662109375 0.7392578125
1 0.55859375 0.49658203125 0.19921875 0.203125
0 0.455078125 0.43359375 0.0380859375 0.0390625
0 0.5029296875 0.38818359375 0.0263671875 0.025390625
0 0.49169921875 0.3525390625 0.01953125 0.015625
0 0.4248046875 0.486328125 0.041015625 0.03125
0 0.4482421875 0.56884765625 0.0302734375 0.0205078125
0 0.625 0.60595703125 0.02734375 0.02734375
0 0.666015625 0.73828125 0.0302734375 0.0380859375
0 0.5458984375 0.484375 0.0439453125 0.0419921875
0 0.5263671875 0.51318359375 0.0517578125 0.0576171875