1 0.5947265625 0.7021484375 0.4599609375 0.5087890625
1 0.7353515625 0.57275390625 0.40625 0.5205078125
1 0.513671875 0.46142578125 0.1474609375 0.1240234375
1 0.845703125 0.13037109375 0.142578125 0.16015625
1 0.78173828125 0.0703125 0.2021484375 0.140625
1 0.82470703125 0.0810546875 0.1181640625 0.0869140625
1 0.833984375 0.02099609375 0.068359375 0.0419921875
1 0.42626953125 0.97509765625 0.1044921875 0.0498046875
1 0.5166015625 0.962890625 0.115234375 0.07421875
1 0.78564453125 0.66845703125 0.12890625 0.15234375
3 0.55419921875 0.65234375 0.033203125 0.033203125
3 0.70556640625 0.5185546875 0.044921875 0.0439453125
3 0.78271484375 0.6044921875 0.048828125 0.05078125
0 0.630859375 0.6669921875 0.0400390625 0.0400390625
0 0.64990234375 0.65185546875 0.0263671875 0.0302734375
0 0.7265625 0.685546875 0.0244140625 0.029296875