1 0.904296875 0.119140625 0.19140625 0.20703125
1 0.93896484375 0.091796875 0.1220703125 0.14453125
0 0.9140625 0.04638671875 0.0244140625 0.0244140625
1 0.8720703125 0.2294921875 0.255859375 0.216796875
1 0.74169921875 0.12109375 0.2646484375 0.23046875
0 0.87939453125 0.115234375 0.013671875 0.0146484375
1 0.73828125 0.35693359375 0.3466796875 0.3447265625
1 0.90673828125 0.2509765625 0.06640625 0.060546875
1 0.912109375 0.23876953125 0.0771484375 0.044921875
3 0.83984375 0.19580078125 0.03515625 0.0341796875
1 0.5947265625 0.08154296875 0.0947265625 0.0849609375
1 0.48095703125 0.05078125 0.1923828125 0.1015625
1 0.5322265625 0.2666015625 0.369140625 0.3427734375
3 0.74072265625 0.2353515625 0.0546875 0.05078125
0 0.6943359375 0.34375 0.0302734375 0.0302734375
3 0.74951171875 0.4072265625 0.041015625 0.0390625
1 0.79638671875 0.3544921875 0.0771484375 0.0458984375
1 0.7900390625 0.36669921875 0.0625 0.0595703125
0 0.7451171875 0.13134765625 0.04296875 0.037109375
0 0.80615234375 0.1123046875 0.02734375 0.0263671875
1 0.6171875 0.4560546875 0.205078125 0.18359375
1 0.54345703125 0.5478515625 0.259765625 0.24609375
1 0.638671875 0.462890625 0.087890625 0.0830078125
1 0.3798828125 0.41015625 0.2978515625 0.2890625
1 0.30810546875 0.37646484375 0.1376953125 0.0986328125
1 0.31591796875 0.3515625 0.1240234375 0.10546875
3 0.3896484375 0.431640625 0.0380859375 0.037109375
3 0.40869140625 0.4052734375 0.0380859375 0.0390625
3 0.48291015625 0.4306640625 0.0244140625 0.0263671875
1 0.57763671875 0.5595703125 0.0498046875 0.0478515625
1 0.44091796875 0.669921875 0.23828125 0.2265625
1 0.54541015625 0.595703125 0.0458984375 0.0400390625
1 0.49609375 0.5595703125 0.033203125 0.03515625
1 0.5322265625 0.5185546875 0.033203125 0.03125
1 0.33203125 0.57763671875 0.212890625 0.220703125
1 0.46435546875 0.64501953125 0.107421875 0.0927734375
1 0.4208984375 0.68603515625 0.1142578125 0.0966796875
1 0.314453125 0.587890625 0.08984375 0.087890625
1 0.228515625 0.6748046875 0.18359375 0.193359375
1 0.34326171875 0.77197265625 0.2109375 0.189453125
1 0.1240234375 0.8125 0.248046875 0.263671875
1 0.08203125 0.67919921875 0.1640625 0.2373046875
0 0.08642578125 0.67822265625 0.021484375 0.0234375
0 0.068359375 0.70263671875 0.0302734375 0.03125
0 0.05126953125 0.72509765625 0.0126953125 0.0166015625
0 0.01708984375 0.63134765625 0.0224609375 0.0244140625
0 0.2861328125 0.77001953125 0.03125 0.0341796875
0 0.375 0.58154296875 0.017578125 0.0224609375
0 0.42529296875 0.5166015625 0.0263671875 0.0302734375
3 0.23681640625 0.6796875 0.025390625 0.0283203125
3 0.35400390625 0.767578125 0.04296875 0.0439453125
3 0.37353515625 0.517578125 0.025390625 0.0263671875
0 0.55126953125 0.275390625 0.0771484375 0.0732421875
0 0.55078125 0.18505859375 0.0263671875 0.0283203125
0 0.7998046875 0.06494140625 0.017578125 0.0166015625
0 0.43505859375 0.3798828125 0.0146484375 0.01953125
0 0.4091796875 0.37255859375 0.015625 0.015625
0 0.515625 0.43408203125 0.01953125 0.0263671875
1 0.20849609375 0.876953125 0.4169921875 0.236328125
1 0.06494140625 0.1796875 0.10546875 0.1591796875
1 0.0869140625 0.0908203125 0.138671875 0.1328125