1 0.515625 0.4931640625 0.220703125 0.232421875
1 0.44140625 0.5771484375 0.224609375 0.20703125
1 0.181640625 0.88525390625 0.224609375 0.2294921875
1 0.14404296875 0.92919921875 0.1494140625 0.1416015625
2 0.1806640625 0.9111328125 0.126953125 0.126953125
0 0.1484375 0.97265625 0.025390625 0.0234375
0 0.51416015625 0.548828125 0.0341796875 0.037109375
0 0.47705078125 0.49853515625 0.0439453125 0.0458984375
1 0.57275390625 0.673828125 0.1728515625 0.1640625
1 0.525390625 0.78759765625 0.142578125 0.1396484375
1 0.4208984375 0.662109375 0.1015625 0.095703125
1 0.80029296875 0.12255859375 0.2548828125 0.2373046875
1 0.83203125 0.09326171875 0.2109375 0.1865234375
0 0.81884765625 0.1171875 0.0205078125 0.021484375
0 0.59521484375 0.52880859375 0.0166015625 0.0126953125