1 0.4169921875 0.5888671875 0.29296875 0.2265625
1 0.50537109375 0.40478515625 0.1552734375 0.2119140625
1 0.37060546875 0.3828125 0.1533203125 0.21875
1 0.64501953125 0.36279296875 0.1455078125 0.1103515625
1 0.642578125 0.42626953125 0.154296875 0.2021484375
1 0.63720703125 0.6044921875 0.1611328125 0.181640625
1 0.60302734375 0.6474609375 0.1162109375 0.1015625
1 0.53857421875 0.36376953125 0.0302734375 0.0693359375
1 0.5146484375 0.36083984375 0.03515625 0.0712890625
1 0.4873046875 0.35888671875 0.03125 0.0732421875
1 0.46240234375 0.3583984375 0.0341796875 0.078125
1 0.408203125 0.35009765625 0.0234375 0.0615234375
1 0.38916015625 0.34765625 0.0322265625 0.064453125
0 0.6435546875 0.46044921875 0.01953125 0.0205078125
0 0.462890625 0.6259765625 0.025390625 0.041015625
0 0.365234375 0.61474609375 0.029296875 0.0400390625
0 0.44140625 0.55126953125 0.021484375 0.0205078125
0 0.4306640625 0.47998046875 0.03125 0.0302734375
1 0.22802734375 0.78076171875 0.1376953125 0.2275390625
1 0.24267578125 0.94140625 0.1298828125 0.1171875
1 0.3525390625 0.92431640625 0.111328125 0.1513671875
1 0.109375 0.947265625 0.150390625 0.10546875
1 0.09521484375 0.79052734375 0.1611328125 0.2314453125
1 0.23828125 0.44140625 0.1328125 0.125
1 0.1220703125 0.75830078125 0.015625 0.0888671875
1 0.109375 0.75732421875 0.02734375 0.0888671875
1 0.06005859375 0.76611328125 0.0244140625 0.0927734375
1 0.04736328125 0.76416015625 0.0302734375 0.0849609375
1 0.09033203125 0.83740234375 0.0341796875 0.0283203125
1 0.1416015625 0.966796875 0.015625 0.05078125
1 0.12939453125 0.96826171875 0.0126953125 0.0478515625
1 0.05029296875 0.9765625 0.0146484375 0.044921875
1 0.05712890625 0.97412109375 0.0146484375 0.0458984375
0 0.2626953125 0.93359375 0.0234375 0.021484375