1 0.572265625 0.8876953125 0.177734375 0.224609375
1 0.38916015625 0.85986328125 0.24609375 0.2275390625
1 0.38525390625 0.974609375 0.2001953125 0.05078125
1 0.60302734375 0.68701171875 0.16796875 0.2197265625
1 0.43359375 0.66357421875 0.2314453125 0.2275390625
1 0.626953125 0.50927734375 0.1650390625 0.177734375
1 0.65625 0.3330078125 0.1640625 0.2021484375
1 0.4619140625 0.48388671875 0.220703125 0.185546875
1 0.48583984375 0.31787109375 0.2177734375 0.216796875
1 0.70068359375 0.1318359375 0.2119140625 0.248046875
1 0.6904296875 0.17626953125 0.08203125 0.083984375
1 0.708984375 0.06201171875 0.076171875 0.0703125
1 0.6689453125 0.333984375 0.12109375 0.1396484375
1 0.6494140625 0.47314453125 0.0830078125 0.060546875
1 0.64013671875 0.54833984375 0.0830078125 0.0595703125
1 0.6220703125 0.6435546875 0.0703125 0.0576171875
0 0.58251953125 0.68798828125 0.0234375 0.0234375
1 0.60986328125 0.73291015625 0.072265625 0.0615234375
3 0.6005859375 0.84814453125 0.056640625 0.0458984375
0 0.56640625 0.87255859375 0.013671875 0.0146484375
3 0.591796875 0.9150390625 0.056640625 0.0498046875
3 0.51611328125 0.921875 0.0234375 0.021484375
3 0.3603515625 0.91162109375 0.056640625 0.0556640625
3 0.37744140625 0.81640625 0.0595703125 0.060546875
1 0.41796875 0.68896484375 0.0869140625 0.0859375
1 0.42431640625 0.61865234375 0.078125 0.05859375
1 0.4384765625 0.52294921875 0.0771484375 0.0556640625
1 0.44775390625 0.4482421875 0.07421875 0.0576171875
3 0.4375 0.26220703125 0.041015625 0.0390625
3 0.42919921875 0.3291015625 0.0400390625 0.037109375
0 0.55126953125 0.400390625 0.025390625 0.0224609375
0 0.44873046875 0.82421875 0.0234375 0.0302734375
0 0.435546875 0.92236328125 0.0244140625 0.03125
0 0.6015625 0.4375 0.021484375 0.0205078125
0 0.54345703125 0.873046875 0.021484375 0.0244140625
1 0.439453125 0.1171875 0.373046875 0.234375
1 0.4716796875 0.14453125 0.111328125 0.0849609375
0 0.544921875 0.10791015625 0.0712890625 0.01953125
3 0.5419921875 0.1328125 0.0234375 0.0234375
3 0.53515625 0.17431640625 0.0205078125 0.0244140625
1 0.49267578125 0.03369140625 0.09765625 0.0673828125
3 0.56591796875 0.02490234375 0.0263671875 0.029296875
3 0.56298828125 0.06103515625 0.025390625 0.029296875
3 0.59814453125 0.09228515625 0.0146484375 0.01953125
0 0.37109375 0.1318359375 0.0283203125 0.0712890625
3 0.37158203125 0.00732421875 0.0263671875 0.0146484375
3 0.3701171875 0.0341796875 0.0234375 0.02734375
3 0.29541015625 0.12451171875 0.02734375 0.029296875
0 0.34619140625 0.7099609375 0.0244140625 0.072265625
0 0.43359375 0.02880859375 0.025390625 0.0576171875
0 0.73876953125 0.21044921875 0.0146484375 0.0146484375