1 0.513671875 0.3330078125 0.2578125 0.18359375
1 0.49072265625 0.4716796875 0.21875 0.193359375
1 0.4638671875 0.30322265625 0.1572265625 0.1494140625
1 0.41748046875 0.45849609375 0.12890625 0.1728515625
1 0.31396484375 0.35595703125 0.2099609375 0.2998046875
0 0.28759765625 0.46728515625 0.029296875 0.0205078125
0 0.33740234375 0.25439453125 0.0263671875 0.0234375
0 0.41357421875 0.48291015625 0.0205078125 0.015625
1 0.59716796875 0.037109375 0.140625 0.0732421875
1 0.66748046875 0.0517578125 0.185546875 0.0986328125
1 0.8232421875 0.08349609375 0.1904296875 0.1513671875