1 0.49609375 0.38232421875 0.603515625 0.4384765625
1 0.3896484375 0.53662109375 0.5986328125 0.4404296875
1 0.19970703125 0.30859375 0.0634765625 0.07421875
1 0.689453125 0.61376953125 0.060546875 0.0810546875
1 0.5712890625 0.39208984375 0.095703125 0.0791015625
1 0.45068359375 0.3154296875 0.0908203125 0.0771484375
1 0.51806640625 0.64404296875 0.0615234375 0.064453125
1 0.44287109375 0.60107421875 0.095703125 0.076171875
1 0.32080078125 0.5322265625 0.0908203125 0.080078125
2 0.35986328125 0.4716796875 0.146484375 0.130859375
1 0.33935546875 0.50048828125 0.08203125 0.06640625
1 0.244140625 0.484375 0.05859375 0.0625
0 0.35107421875 0.34912109375 0.0458984375 0.0400390625
0 0.4501953125 0.388671875 0.046875 0.0390625
0 0.46923828125 0.4248046875 0.0234375 0.0205078125
0 0.59033203125 0.4970703125 0.048828125 0.041015625
0 0.54931640625 0.54345703125 0.03515625 0.03515625
0 0.47216796875 0.54931640625 0.04296875 0.041015625
0 0.31689453125 0.4013671875 0.0537109375 0.0478515625
0 0.23388671875 0.4052734375 0.0498046875 0.0576171875
2 0.484375 0.51416015625 0.1015625 0.080078125