1 0.33935546875 0.64794921875 0.6787109375 0.7041015625
0 0.55419921875 0.95361328125 0.0185546875 0.0185546875
0 0.5400390625 0.89306640625 0.017578125 0.0205078125
0 0.43603515625 0.8388671875 0.0185546875 0.01953125
0 0.42431640625 0.77685546875 0.0166015625 0.0185546875
1 0.591796875 0.458984375 0.689453125 0.69140625
0 0.318359375 0.7255859375 0.01953125 0.01953125
0 0.30908203125 0.65869140625 0.0166015625 0.0185546875
0 0.2666015625 0.62646484375 0.021484375 0.0244140625
0 0.2060546875 0.61181640625 0.015625 0.0205078125
0 0.1533203125 0.50830078125 0.017578125 0.0205078125
0 0.09033203125 0.49755859375 0.0166015625 0.0146484375
0 0.0361328125 0.3955078125 0.01953125 0.021484375
0 0.8212890625 0.6923828125 0.017578125 0.017578125
0 0.76220703125 0.67041015625 0.0185546875 0.0205078125
0 0.7041015625 0.5810546875 0.021484375 0.025390625
0 0.6474609375 0.55517578125 0.01953125 0.0224609375
0 0.58984375 0.466796875 0.01953125 0.021484375
0 0.5322265625 0.439453125 0.01953125 0.025390625
0 0.48828125 0.4052734375 0.025390625 0.02734375
0 0.474609375 0.3525390625 0.017578125 0.021484375
0 0.431640625 0.259765625 0.0546875 0.056640625