1 0.53515625 0.4052734375 0.330078125 0.2744140625
1 0.45458984375 0.52685546875 0.3193359375 0.3076171875
1 0.86572265625 0.65673828125 0.2685546875 0.3447265625
1 0.91162109375 0.74267578125 0.171875 0.3330078125
1 0.72900390625 0.7138671875 0.1630859375 0.216796875
1 0.1923828125 0.18310546875 0.3134765625 0.265625
1 0.1259765625 0.28759765625 0.2451171875 0.2421875
1 0.0439453125 0.1455078125 0.0673828125 0.1142578125
0 0.4716796875 0.5087890625 0.03125 0.0322265625
0 0.16162109375 0.1796875 0.037109375 0.03515625
0 0.24365234375 0.263671875 0.0205078125 0.015625
0 0.94580078125 0.7177734375 0.0400390625 0.0380859375
0 0.80615234375 0.6689453125 0.037109375 0.0322265625
3 0.0712890625 0.28125 0.0390625 0.0390625