1 0.52099609375 0.615234375 0.3701171875 0.361328125
1 0.42822265625 0.48095703125 0.376953125 0.3720703125
2 0.357421875 0.5283203125 0.2353515625 0.2421875
3 0.36572265625 0.51806640625 0.0478515625 0.0498046875
3 0.490234375 0.43212890625 0.0537109375 0.0556640625
3 0.45556640625 0.51708984375 0.0458984375 0.0478515625
0 0.4130859375 0.42822265625 0.0205078125 0.01953125
0 0.42626953125 0.44921875 0.0244140625 0.0234375
0 0.400390625 0.46630859375 0.0224609375 0.017578125
0 0.6494140625 0.5625 0.0185546875 0.015625
0 0.4345703125 0.72216796875 0.01953125 0.01953125
3 0.5947265625 0.5810546875 0.05078125 0.048828125
3 0.46923828125 0.66943359375 0.0537109375 0.048828125
1 0.89404296875 0.30908203125 0.2119140625 0.2939453125
1 0.84765625 0.181640625 0.3046875 0.314453125
3 0.919921875 0.3486328125 0.052734375 0.052734375
3 0.8173828125 0.19873046875 0.060546875 0.056640625
3 0.9453125 0.1123046875 0.0458984375 0.046875
0 0.90869140625 0.19775390625 0.048828125 0.0458984375
0 0.85791015625 0.14453125 0.025390625 0.0263671875
0 0.8779296875 0.13134765625 0.0234375 0.0224609375
0 0.8896484375 0.3984375 0.0205078125 0.017578125
0 0.5654296875 0.44482421875 0.015625 0.013671875
0 0.7998046875 0.2744140625 0.0185546875 0.0185546875
1 0.81005859375 0.904296875 0.3037109375 0.19140625
1 0.92724609375 0.978515625 0.0390625 0.037109375
1 0.138671875 0.03759765625 0.142578125 0.0751953125