1 0.185546875 0.18994140625 0.3388671875 0.2216796875
3 0.17724609375 0.16650390625 0.0205078125 0.025390625
1 0.1787109375 0.08154296875 0.3212890625 0.125
0 0.150390625 0.107421875 0.0478515625 0.0234375
1 0.1806640625 0.51513671875 0.248046875 0.162109375
1 0.1787109375 0.42431640625 0.2490234375 0.1552734375
1 0.5068359375 0.49951171875 0.1328125 0.1787109375
1 0.587890625 0.50341796875 0.142578125 0.1845703125
1 0.8037109375 0.798828125 0.337890625 0.2646484375
1 0.82568359375 0.65576171875 0.3408203125 0.255859375
0 0.9091796875 0.60009765625 0.0283203125 0.0302734375
0 0.79833984375 0.69580078125 0.0478515625 0.03515625
0 0.7080078125 0.69873046875 0.0185546875 0.01953125
0 0.7958984375 0.80224609375 0.03125 0.03125