1 0.49951171875 0.583984375 0.3486328125 0.1640625
1 0.51806640625 0.45556640625 0.3447265625 0.1953125
1 0.5478515625 0.4521484375 0.076171875 0.1328125
1 0.4873046875 0.4384765625 0.0830078125 0.138671875
2 0.41357421875 0.43310546875 0.1328125 0.146484375
2 0.6142578125 0.46337890625 0.1318359375 0.1474609375
0 0.34521484375 0.60009765625 0.0146484375 0.015625
3 0.42138671875 0.5751953125 0.0361328125 0.0361328125
3 0.513671875 0.61376953125 0.0380859375 0.0341796875
3 0.58837890625 0.6259765625 0.0390625 0.03515625
0 0.55615234375 0.6416015625 0.0205078125 0.017578125
3 0.61572265625 0.42578125 0.0390625 0.041015625
3 0.42578125 0.3984375 0.0400390625 0.0419921875
1 0.03662109375 0.68115234375 0.0732421875 0.2646484375
1 0.02392578125 0.783203125 0.0478515625 0.05859375
1 0.037109375 0.57763671875 0.07421875 0.0810546875