1 0.16552734375 0.64697265625 0.234375 0.130859375
1 0.150390625 0.59228515625 0.2255859375 0.169921875
1 0.3525390625 0.8916015625 0.251953125 0.216796875
1 0.55029296875 0.84619140625 0.3291015625 0.3076171875
3 0.39599609375 0.978515625 0.03515625 0.0322265625
3 0.35595703125 0.88623046875 0.0341796875 0.0322265625
1 0.21484375 0.92431640625 0.158203125 0.1513671875
3 0.26904296875 0.91943359375 0.029296875 0.0302734375
3 0.30810546875 0.99755859375 0.0322265625 0.0048828125
3 0.51513671875 0.94580078125 0.033203125 0.0341796875
3 0.5888671875 0.91162109375 0.0361328125 0.0361328125
3 0.54638671875 0.80517578125 0.0380859375 0.03515625
3 0.57861328125 0.9873046875 0.029296875 0.017578125
3 0.646484375 0.9638671875 0.0302734375 0.0322265625
1 0.07080078125 0.36865234375 0.1416015625 0.1201171875