1 0.56103515625 0.83544921875 0.1982421875 0.201171875
1 0.5244140625 0.68505859375 0.2763671875 0.1279296875
1 0.33251953125 0.52099609375 0.2666015625 0.26171875
1 0.54052734375 0.4794921875 0.1630859375 0.171875
1 0.50830078125 0.59228515625 0.2333984375 0.0830078125
1 0.33447265625 0.78564453125 0.27734375 0.29296875
1 0.31201171875 0.76123046875 0.029296875 0.08984375
1 0.2705078125 0.77392578125 0.0615234375 0.0703125
1 0.28125 0.72900390625 0.087890625 0.0263671875
1 0.8466796875 0.8984375 0.0712890625 0.07421875
1 0.9375 0.908203125 0.11328125 0.18359375
1 0.8515625 0.96484375 0.19921875 0.0703125
3 0.9453125 0.8994140625 0.0380859375 0.0361328125
2 0.9013671875 0.974609375 0.083984375 0.05078125
2 0.79931640625 0.9873046875 0.0595703125 0.025390625
0 0.46435546875 0.6904296875 0.009765625 0.0107421875
3 0.46728515625 0.6669921875 0.03515625 0.033203125
0 0.37109375 0.55615234375 0.01171875 0.01171875
0 0.34765625 0.73291015625 0.015625 0.009765625
0 0.36962890625 0.79345703125 0.017578125 0.017578125
0 0.42626953125 0.8271484375 0.0166015625 0.0146484375
0 0.3525390625 0.6259765625 0.0126953125 0.0126953125
0 0.38037109375 0.599609375 0.0126953125 0.015625
0 0.42041015625 0.642578125 0.015625 0.0126953125
0 0.443359375 0.60205078125 0.01171875 0.0126953125
0 0.40673828125 0.57421875 0.01171875 0.0126953125
0 0.4365234375 0.546875 0.009765625 0.009765625
0 0.4765625 0.541015625 0.0126953125 0.0146484375
0 0.48828125 0.71142578125 0.015625 0.0166015625
1 0.13916015625 0.1337890625 0.2705078125 0.267578125
1 0.07275390625 0.2421875 0.1416015625 0.2607421875
2 0.1171875 0.146484375 0.2255859375 0.2265625
2 0.07080078125 0.21826171875 0.134765625 0.1796875
3 0.08203125 0.04638671875 0.0361328125 0.0341796875
3 0.05029296875 0.0146484375 0.0419921875 0.029296875
3 0.01318359375 0.29541015625 0.0205078125 0.0390625