1 0.52490234375 0.36572265625 0.296875 0.15234375
2 0.48681640625 0.50927734375 0.3203125 0.2724609375
1 0.48486328125 0.51904296875 0.3359375 0.310546875
1 0.12841796875 0.4287109375 0.2568359375 0.30078125
1 0.2138671875 0.13037109375 0.103515625 0.0966796875
1 0.134765625 0.35693359375 0.0361328125 0.04296875
2 0.5791015625 0.44580078125 0.1318359375 0.05859375
0 0.55224609375 0.48486328125 0.0263671875 0.0283203125
0 0.123046875 0.43212890625 0.029296875 0.0322265625
0 0.55419921875 0.3896484375 0.01953125 0.029296875
0 0.60888671875 0.40576171875 0.017578125 0.0224609375