1 0.61083984375 0.29296875 0.1328125 0.15234375
1 0.6689453125 0.3349609375 0.1357421875 0.1494140625
1 0.4560546875 0.50048828125 0.3095703125 0.427734375
1 0.509765625 0.53955078125 0.314453125 0.4169921875
1 0.6865234375 0.49365234375 0.1982421875 0.2373046875
1 0.83203125 0.4912109375 0.2001953125 0.19921875
3 0.66552734375 0.3486328125 0.0263671875 0.025390625
3 0.59716796875 0.296875 0.0234375 0.0244140625
3 0.58154296875 0.3662109375 0.0380859375 0.041015625
3 0.603515625 0.38232421875 0.03515625 0.0458984375
3 0.58837890625 0.44677734375 0.0263671875 0.0263671875
3 0.52099609375 0.39697265625 0.0341796875 0.029296875
3 0.37109375 0.59765625 0.0263671875 0.02734375
3 0.43798828125 0.64697265625 0.02734375 0.02734375
3 0.5126953125 0.5478515625 0.0263671875 0.029296875
3 0.4462890625 0.4970703125 0.025390625 0.02734375
0 0.4208984375 0.6162109375 0.0146484375 0.015625
0 0.5546875 0.40185546875 0.0185546875 0.015625
0 0.57763671875 0.41845703125 0.0126953125 0.013671875
0 0.6748046875 0.41796875 0.0146484375 0.013671875
1 0.3447265625 0.91455078125 0.234375 0.1650390625
1 0.4814453125 0.95166015625 0.1171875 0.0966796875
0 0.36279296875 0.96728515625 0.0205078125 0.0234375
0 0.46240234375 0.94091796875 0.0146484375 0.013671875