1 0.5947265625 0.7744140625 0.103515625 0.224609375
1 0.67138671875 0.4619140625 0.1123046875 0.189453125
1 0.56884765625 0.673828125 0.1455078125 0.080078125
1 0.521484375 0.84716796875 0.140625 0.0888671875
1 0.1279296875 0.341796875 0.109375 0.1875
1 0.94970703125 0.36083984375 0.0966796875 0.1533203125
1 0.50390625 0.74755859375 0.1015625 0.2216796875
1 0.9404296875 0.494140625 0.115234375 0.140625
1 0.41845703125 0.34619140625 0.6025390625 0.1923828125
1 0.1318359375 0.412109375 0.103515625 0.08984375
1 0.64306640625 0.50341796875 0.0849609375 0.1025390625