1 0.4736328125 0.53076171875 0.2685546875 0.2294921875
1 0.53857421875 0.43896484375 0.2607421875 0.2275390625
3 0.5537109375 0.4189453125 0.033203125 0.03515625
3 0.5966796875 0.51318359375 0.009765625 0.013671875
1 0.1923828125 0.171875 0.3330078125 0.296875
1 0.15234375 0.27978515625 0.279296875 0.2626953125
3 0.23291015625 0.18212890625 0.033203125 0.0341796875
3 0.10009765625 0.2666015625 0.0322265625 0.0322265625
3 0.04443359375 0.224609375 0.0263671875 0.0390625
3 0.177734375 0.16259765625 0.03125 0.033203125
3 0.1181640625 0.11865234375 0.0390625 0.0419921875
3 0.08203125 0.0712890625 0.033203125 0.03515625
0 0.12841796875 0.166015625 0.0244140625 0.01953125
1 0.82177734375 0.78125 0.259765625 0.2197265625
1 0.8740234375 0.6904296875 0.23046875 0.2158203125
1 0.91162109375 0.869140625 0.1015625 0.1572265625
1 0.95263671875 0.78173828125 0.03515625 0.0732421875
3 0.8662109375 0.8291015625 0.03515625 0.0400390625
3 0.92529296875 0.8740234375 0.0302734375 0.033203125
3 0.943359375 0.72509765625 0.037109375 0.041015625
3 0.908203125 0.6767578125 0.033203125 0.037109375
0 0.955078125 0.7724609375 0.0244140625 0.029296875