1 0.51416015625 0.61328125 0.6328125 0.416015625
1 0.6064453125 0.45849609375 0.6298828125 0.4189453125
1 0.81005859375 0.66845703125 0.064453125 0.0810546875
1 0.3056640625 0.4013671875 0.0625 0.087890625
1 0.43701171875 0.61279296875 0.0986328125 0.076171875
1 0.5625 0.6796875 0.0927734375 0.07421875
1 0.47119140625 0.357421875 0.0615234375 0.064453125
1 0.55029296875 0.3955078125 0.09765625 0.0732421875
1 0.6767578125 0.45556640625 0.09375 0.0771484375
2 0.64306640625 0.51904296875 0.1494140625 0.12890625
1 0.66064453125 0.4873046875 0.083984375 0.0625
1 0.75634765625 0.49755859375 0.05859375 0.0615234375
0 0.6591796875 0.640625 0.046875 0.0390625
0 0.55810546875 0.60693359375 0.0478515625 0.041015625
0 0.5361328125 0.57275390625 0.0244140625 0.01953125
0 0.41015625 0.509765625 0.0498046875 0.041015625
0 0.447265625 0.458984375 0.0341796875 0.0341796875
0 0.5244140625 0.44873046875 0.0439453125 0.041015625
0 0.68896484375 0.5849609375 0.0556640625 0.044921875
0 0.77197265625 0.57568359375 0.048828125 0.05859375
2 0.513671875 0.48486328125 0.10546875 0.076171875