1 0.5888671875 0.41357421875 0.66015625 0.51171875
3 0.81640625 0.36279296875 0.0361328125 0.0390625
1 0.80126953125 0.48779296875 0.1962890625 0.158203125
3 0.81005859375 0.47412109375 0.0263671875 0.0322265625
1 0.6513671875 0.5400390625 0.1943359375 0.1650390625
3 0.66357421875 0.52685546875 0.037109375 0.0380859375
3 0.66796875 0.41259765625 0.0302734375 0.0361328125
3 0.5166015625 0.466796875 0.0361328125 0.04296875
1 0.50244140625 0.58984375 0.1962890625 0.16015625
3 0.513671875 0.57861328125 0.0361328125 0.03515625
3 0.36767578125 0.51416015625 0.033203125 0.0400390625
1 0.3525390625 0.6435546875 0.197265625 0.1650390625
3 0.3642578125 0.62939453125 0.0263671875 0.029296875
0 0.2900390625 0.63916015625 0.021484375 0.017578125
0 0.2958984375 0.56689453125 0.0263671875 0.02734375
0 0.34375 0.68212890625 0.017578125 0.0166015625
0 0.4384765625 0.587890625 0.0224609375 0.025390625
0 0.4931640625 0.6328125 0.0166015625 0.0166015625
0 0.44482421875 0.51708984375 0.0263671875 0.0234375
0 0.5849609375 0.5341796875 0.0341796875 0.0302734375
0 0.59814453125 0.4609375 0.0263671875 0.0234375
0 0.642578125 0.58056640625 0.0234375 0.017578125
0 0.736328125 0.482421875 0.0263671875 0.025390625
0 0.74462890625 0.40869140625 0.03515625 0.03515625
1 0.25830078125 0.611328125 0.0556640625 0.119140625