1 0.53857421875 0.5625 0.2587890625 0.306640625
1 0.4306640625 0.4853515625 0.263671875 0.345703125
1 0.81494140625 0.27490234375 0.2685546875 0.3486328125
1 0.69287109375 0.19189453125 0.3232421875 0.3701171875
2 0.63232421875 0.2333984375 0.0712890625 0.080078125
0 0.6220703125 0.3271484375 0.064453125 0.060546875
3 0.5146484375 0.640625 0.037109375 0.03515625
3 0.56689453125 0.56494140625 0.0400390625 0.0400390625
1 0.42529296875 0.4794921875 0.1416015625 0.154296875
0 0.5517578125 0.60546875 0.01171875 0.01171875
0 0.51806640625 0.5009765625 0.0146484375 0.017578125