1 0.53271484375 0.5283203125 0.490234375 0.4794921875
1 0.44970703125 0.423828125 0.4892578125 0.478515625
1 0.58642578125 0.5966796875 0.42578125 0.40234375
1 0.40087890625 0.3564453125 0.421875 0.412109375
3 0.40283203125 0.36328125 0.046875 0.0576171875
3 0.474609375 0.30517578125 0.060546875 0.05859375
3 0.55224609375 0.39404296875 0.0419921875 0.04296875
3 0.494140625 0.51220703125 0.0498046875 0.0556640625
3 0.42041015625 0.4873046875 0.0361328125 0.03515625
3 0.45361328125 0.69287109375 0.138671875 0.1357421875
3 0.69873046875 0.51123046875 0.166015625 0.1591796875
3 0.603515625 0.580078125 0.0517578125 0.05078125
3 0.52978515625 0.63330078125 0.052734375 0.0537109375
0 0.5302734375 0.46044921875 0.0205078125 0.0234375
0 0.37548828125 0.5458984375 0.0283203125 0.0263671875
1 0.14306640625 0.8701171875 0.2255859375 0.150390625