1 0.5673828125 0.45751953125 0.2900390625 0.30859375
1 0.66357421875 0.62451171875 0.2890625 0.24609375
0 0.578125 0.50048828125 0.015625 0.0146484375
0 0.6708984375 0.53369140625 0.0166015625 0.017578125
1 0.154296875 0.80810546875 0.2822265625 0.3681640625
2 0.1416015625 0.80712890625 0.2490234375 0.2880859375
1 0.16552734375 0.90576171875 0.2666015625 0.1884765625
0 0.0478515625 0.8642578125 0.0283203125 0.0439453125
1 0.6435546875 0.06884765625 0.1953125 0.1376953125
1 0.798828125 0.0380859375 0.171875 0.076171875
0 0.69921875 0.04248046875 0.0224609375 0.0146484375