1 0.35595703125 0.62255859375 0.1357421875 0.1181640625
1 0.48046875 0.58544921875 0.3125 0.2373046875
1 0.53564453125 0.46142578125 0.3037109375 0.2333984375
2 0.4853515625 0.5859375 0.279296875 0.216796875
3 0.568359375 0.46533203125 0.0390625 0.0361328125
0 0.5185546875 0.48486328125 0.0234375 0.0244140625
1 0.4560546875 0.5986328125 0.072265625 0.060546875
1 0.48486328125 0.60986328125 0.0439453125 0.0791015625
1 0.8544921875 0.8447265625 0.275390625 0.21484375
1 0.8837890625 0.73291015625 0.232421875 0.2099609375
1 0.8095703125 0.90234375 0.240234375 0.140625