1 0.5341796875 0.24609375 0.400390625 0.4921875
1 0.7099609375 0.69189453125 0.513671875 0.6162109375
3 0.63037109375 0.4794921875 0.03515625 0.0322265625
3 0.66650390625 0.58837890625 0.021484375 0.0234375
3 0.6904296875 0.67041015625 0.021484375 0.0234375
3 0.7109375 0.736328125 0.0361328125 0.0283203125
3 0.73486328125 0.837890625 0.0224609375 0.01953125
3 0.75830078125 0.89990234375 0.0380859375 0.0341796875
3 0.7822265625 0.97802734375 0.0166015625 0.0234375
1 0.478515625 0.73046875 0.4296875 0.5390625
3 0.51806640625 0.98095703125 0.017578125 0.0234375
3 0.49365234375 0.90283203125 0.0283203125 0.0244140625
3 0.474609375 0.8330078125 0.0302734375 0.0302734375
3 0.45654296875 0.77392578125 0.0244140625 0.0322265625
3 0.40380859375 0.681640625 0.0419921875 0.0419921875
3 0.40673828125 0.60986328125 0.037109375 0.0400390625
1 0.30322265625 0.27001953125 0.4814453125 0.5400390625
3 0.3828125 0.55029296875 0.0556640625 0.0498046875
3 0.59814453125 0.39111328125 0.0283203125 0.0419921875
3 0.3564453125 0.451171875 0.037109375 0.03515625
3 0.32861328125 0.36181640625 0.02734375 0.0283203125
3 0.23291015625 0.2705078125 0.0458984375 0.044921875
3 0.267578125 0.1650390625 0.0380859375 0.0419921875
3 0.23583984375 0.060546875 0.0439453125 0.0380859375
3 0.50048828125 0.0625 0.0283203125 0.02734375
3 0.52978515625 0.14111328125 0.0380859375 0.0361328125
3 0.57470703125 0.29638671875 0.03125 0.03515625
3 0.5439453125 0.20458984375 0.0341796875 0.029296875
0 0.39404296875 0.20166015625 0.056640625 0.041015625
0 0.58642578125 0.8291015625 0.05078125 0.0498046875
0 0.560546875 0.8447265625 0.0224609375 0.0244140625
0 0.5732421875 0.86962890625 0.0244140625 0.0283203125
1 0.326171875 0.025390625 0.15625 0.05078125
0 0.35693359375 0.0771484375 0.037109375 0.0263671875
0 0.4765625 0.49462890625 0.0205078125 0.025390625
0 0.458984375 0.48388671875 0.0185546875 0.025390625
0 0.59814453125 0.68310546875 0.03515625 0.0302734375
0 0.7314453125 0.97705078125 0.03515625 0.0458984375
1 0.36669921875 0.69482421875 0.048828125 0.0771484375
1 0.67529296875 0.9794921875 0.0869140625 0.041015625