1 0.4482421875 0.49072265625 0.2998046875 0.28515625
1 0.53662109375 0.60986328125 0.326171875 0.3203125
1 0.58740234375 0.591796875 0.068359375 0.1240234375
1 0.6025390625 0.57177734375 0.099609375 0.0908203125
1 0.95751953125 0.64111328125 0.0849609375 0.2080078125
1 0.98095703125 0.7646484375 0.0380859375 0.064453125
1 0.97998046875 0.74609375 0.0400390625 0.08203125
1 0.939453125 0.53564453125 0.0546875 0.0869140625
1 0.9111328125 0.53857421875 0.048828125 0.0869140625
1 0.84619140625 0.712890625 0.21484375 0.4140625
1 0.84814453125 0.6826171875 0.0625 0.0810546875
1 0.8515625 0.7294921875 0.0673828125 0.0634765625
1 0.92919921875 0.8876953125 0.0703125 0.078125
0 0.83056640625 0.8203125 0.0185546875 0.0185546875
0 0.4892578125 0.51318359375 0.01953125 0.0166015625
1 0.2431640625 0.59716796875 0.2333984375 0.4287109375
0 0.21533203125 0.7138671875 0.021484375 0.0185546875
1 0.32861328125 0.4228515625 0.0498046875 0.078125
1 0.3212890625 0.7763671875 0.0732421875 0.083984375
1 0.23681640625 0.57080078125 0.060546875 0.0771484375
1 0.23974609375 0.61669921875 0.0654296875 0.0625