1 0.49169921875 0.48486328125 0.2509765625 0.240234375
1 0.58203125 0.5517578125 0.2255859375 0.2421875
1 0.8935546875 0.783203125 0.212890625 0.244140625
1 0.9404296875 0.81689453125 0.119140625 0.1611328125
2 0.93408203125 0.78173828125 0.1318359375 0.1376953125
0 0.994140625 0.80859375 0.01171875 0.02734375
0 0.54736328125 0.4814453125 0.0400390625 0.037109375
0 0.50048828125 0.52294921875 0.0498046875 0.0478515625
1 0.6669921875 0.41259765625 0.1787109375 0.1865234375
1 0.7841796875 0.44970703125 0.1513671875 0.154296875
1 0.66845703125 0.564453125 0.1044921875 0.109375
1 0.11328125 0.23388671875 0.2265625 0.2744140625
1 0.083984375 0.2041015625 0.16796875 0.2265625
0 0.0908203125 0.2158203125 0.0234375 0.0224609375
0 0.5205078125 0.40283203125 0.013671875 0.017578125