1 0.72998046875 0.876953125 0.3330078125 0.2109375
3 0.732421875 0.900390625 0.0205078125 0.025390625
1 0.70947265625 0.962890625 0.3173828125 0.07421875
0 0.74365234375 0.96533203125 0.0478515625 0.0234375
1 0.8134765625 0.5625 0.2451171875 0.1552734375
1 0.79296875 0.65087890625 0.2470703125 0.1474609375
1 0.49365234375 0.4990234375 0.1279296875 0.177734375
1 0.4150390625 0.474609375 0.1376953125 0.18359375
1 0.27783203125 0.13623046875 0.333984375 0.255859375
1 0.22216796875 0.271484375 0.337890625 0.25
0 0.12646484375 0.30419921875 0.0283203125 0.029296875
0 0.25830078125 0.2392578125 0.0478515625 0.03515625
0 0.34619140625 0.25732421875 0.0185546875 0.01953125
0 0.28564453125 0.1357421875 0.0302734375 0.0302734375