1 0.49755859375 0.34033203125 0.2275390625 0.4814453125
1 0.36279296875 0.3125 0.2216796875 0.484375
1 0.9169921875 0.43212890625 0.166015625 0.4814453125
1 0.98291015625 0.59130859375 0.0341796875 0.1845703125
3 0.958984375 0.28564453125 0.033203125 0.0341796875
3 0.92529296875 0.44970703125 0.0361328125 0.0361328125
3 0.8974609375 0.5927734375 0.033203125 0.0390625
3 0.505859375 0.36328125 0.037109375 0.0390625
3 0.31787109375 0.47265625 0.0400390625 0.04296875
3 0.34716796875 0.32958984375 0.0439453125 0.0419921875
3 0.36669921875 0.20654296875 0.0283203125 0.0205078125
3 0.3818359375 0.14697265625 0.037109375 0.0400390625
0 0.3994140625 0.4091796875 0.021484375 0.01953125
0 0.42724609375 0.26171875 0.0224609375 0.01953125
0 0.5048828125 0.2763671875 0.01171875 0.013671875
0 0.5107421875 0.2587890625 0.013671875 0.01171875
0 0.47509765625 0.41796875 0.0068359375 0.005859375