1 0.47119140625 0.58642578125 0.5205078125 0.4248046875
1 0.54052734375 0.4541015625 0.1435546875 0.15234375
1 0.48681640625 0.43408203125 0.1083984375 0.1865234375
0 0.4619140625 0.47705078125 0.029296875 0.0302734375
1 0.3671875 0.74365234375 0.505859375 0.4189453125
0 0.36669921875 0.68017578125 0.0419921875 0.0400390625
0 0.53662109375 0.86669921875 0.0712890625 0.0595703125
3 0.66650390625 0.65478515625 0.0458984375 0.0654296875
3 0.61572265625 0.68212890625 0.0244140625 0.0283203125
3 0.44580078125 0.82275390625 0.0283203125 0.0361328125
3 0.40087890625 0.490234375 0.0517578125 0.060546875
3 0.33056640625 0.4482421875 0.0517578125 0.05859375
3 0.51513671875 0.56005859375 0.0517578125 0.0556640625
3 0.58447265625 0.60302734375 0.0556640625 0.0595703125
3 0.20849609375 0.6748046875 0.0419921875 0.037109375
0 0.5439453125 0.73876953125 0.037109375 0.0322265625
0 0.37890625 0.64111328125 0.0546875 0.0400390625
0 0.2255859375 0.54296875 0.02734375 0.0234375
1 0.07763671875 0.455078125 0.1552734375 0.365234375
0 0.017578125 0.5419921875 0.017578125 0.025390625
3 0.09619140625 0.490234375 0.0439453125 0.05078125
3 0.02294921875 0.44921875 0.0458984375 0.048828125
1 0.50146484375 0.263671875 0.1552734375 0.1171875
1 0.47412109375 0.29931640625 0.1279296875 0.1064453125