1 0.5625 0.5673828125 0.408203125 0.22265625
1 0.58447265625 0.69482421875 0.4072265625 0.1708984375
1 0.4833984375 0.55224609375 0.099609375 0.0791015625
1 0.6318359375 0.5263671875 0.09765625 0.080078125
1 0.6396484375 0.71240234375 0.091796875 0.0654296875
1 0.5400390625 0.73095703125 0.087890625 0.0634765625
3 0.4921875 0.60205078125 0.03515625 0.0322265625
3 0.64013671875 0.57568359375 0.0361328125 0.0341796875
3 0.71142578125 0.6513671875 0.0712890625 0.046875
2 0.4677734375 0.71337890625 0.16796875 0.1142578125
0 0.5517578125 0.55517578125 0.017578125 0.0166015625
0 0.57080078125 0.55029296875 0.0126953125 0.0146484375
0 0.56298828125 0.685546875 0.0244140625 0.01953125
0 0.56298828125 0.6552734375 0.0302734375 0.017578125
1 0.41552734375 0.1123046875 0.4091796875 0.22265625
1 0.33544921875 0.0986328125 0.0986328125 0.078125
1 0.48681640625 0.07275390625 0.0986328125 0.0771484375
3 0.49267578125 0.1220703125 0.0341796875 0.033203125
3 0.3447265625 0.1494140625 0.03515625 0.03515625
3 0.56396484375 0.19970703125 0.0712890625 0.0439453125
3 0.30517578125 0.2431640625 0.0712890625 0.046875
3 0.39306640625 0.2763671875 0.0947265625 0.06640625
3 0.49462890625 0.26025390625 0.0947265625 0.0634765625
0 0.40478515625 0.1005859375 0.0146484375 0.01171875
0 0.421875 0.0966796875 0.013671875 0.013671875