1 0.71484375 0.2021484375 0.1181640625 0.12109375
1 0.48876953125 0.30078125 0.515625 0.5693359375
1 0.3603515625 0.525390625 0.1201171875 0.119140625
1 0.6064453125 0.4375 0.38671875 0.42578125
0 0.59033203125 0.3134765625 0.0185546875 0.017578125
1 0.63916015625 0.408203125 0.1103515625 0.11328125
1 0.56591796875 0.47412109375 0.111328125 0.1123046875
3 0.7158203125 0.34228515625 0.0380859375 0.0361328125
3 0.5009765625 0.541015625 0.03515625 0.0380859375
1 0.1494140625 0.7509765625 0.298828125 0.427734375
2 0.06005859375 0.87451171875 0.1201171875 0.1376953125
1 0.2373046875 0.85009765625 0.2490234375 0.2578125
1 0.2626953125 0.68115234375 0.119140625 0.1201171875
0 0.1533203125 0.81494140625 0.0224609375 0.0224609375
0 0.06201171875 0.9296875 0.017578125 0.0166015625
0 0.21728515625 0.71337890625 0.0185546875 0.01953125
0 0.3896484375 0.484375 0.015625 0.015625
1 0.21826171875 0.89697265625 0.099609375 0.103515625
1 0.17333984375 0.9404296875 0.068359375 0.037109375
3 0.29052734375 0.82470703125 0.041015625 0.0439453125