1 0.49169921875 0.47021484375 0.4169921875 0.2314453125
1 0.52392578125 0.6162109375 0.4033203125 0.19921875
1 0.330078125 0.5927734375 0.0625 0.11328125
1 0.69580078125 0.49658203125 0.0576171875 0.1064453125
1 0.27880859375 0.20703125 0.4931640625 0.22265625
1 0.25146484375 0.10302734375 0.4931640625 0.2041015625
0 0.2890625 0.09716796875 0.01953125 0.0224609375
3 0.23974609375 0.125 0.0166015625 0.029296875
3 0.54443359375 0.439453125 0.0400390625 0.037109375
3 0.44384765625 0.5078125 0.0146484375 0.015625
3 0.40625 0.47119140625 0.037109375 0.0361328125
3 0.53369140625 0.50634765625 0.0166015625 0.0185546875
3 0.521484375 0.4853515625 0.015625 0.015625
3 0.5068359375 0.4736328125 0.013671875 0.029296875
3 0.59912109375 0.61279296875 0.0380859375 0.0380859375
3 0.48046875 0.640625 0.037109375 0.03515625
3 0.41552734375 0.6572265625 0.0322265625 0.033203125
3 0.39208984375 0.6064453125 0.0205078125 0.02734375
3 0.54052734375 0.6279296875 0.0634765625 0.05078125