1 0.43408203125 0.4365234375 0.298828125 0.337890625
1 0.5517578125 0.50537109375 0.2998046875 0.3388671875
2 0.55419921875 0.50634765625 0.267578125 0.310546875
0 0.474609375 0.3984375 0.0244140625 0.0244140625
1 0.3671875 0.59375 0.0869140625 0.0712890625
1 0.37646484375 0.654296875 0.0732421875 0.0810546875
1 0.31689453125 0.6650390625 0.080078125 0.068359375
1 0.3056640625 0.603515625 0.0693359375 0.080078125
1 0.14404296875 0.7001953125 0.2421875 0.189453125
1 0.04833984375 0.74365234375 0.08203125 0.2529296875
1 0.15673828125 0.876953125 0.2509765625 0.24609375
1 0.060546875 0.93212890625 0.072265625 0.1357421875
3 0.09130859375 0.84326171875 0.0458984375 0.052734375
3 0.04248046875 0.7998046875 0.0478515625 0.052734375
0 0.068359375 0.728515625 0.02734375 0.0244140625
0 0.0615234375 0.861328125 0.0263671875 0.025390625
1 0.6005859375 0.07177734375 0.20703125 0.1435546875
1 0.7158203125 0.103515625 0.255859375 0.20703125
0 0.61572265625 0.02197265625 0.0234375 0.0234375