1 0.5126953125 0.3564453125 0.6767578125 0.4375
0 0.26953125 0.4482421875 0.0126953125 0.0126953125
0 0.3447265625 0.34765625 0.0107421875 0.009765625
0 0.40283203125 0.40966796875 0.0166015625 0.0146484375
0 0.4560546875 0.38671875 0.0146484375 0.0146484375
0 0.486328125 0.29736328125 0.0185546875 0.0146484375
0 0.64599609375 0.3720703125 0.0107421875 0.01171875
0 0.58984375 0.44970703125 0.013671875 0.013671875
0 0.74072265625 0.4384765625 0.0166015625 0.0146484375
1 0.09326171875 0.91259765625 0.1865234375 0.0927734375
3 0.0068359375 0.92919921875 0.013671875 0.0146484375
3 0.11962890625 0.94189453125 0.0185546875 0.0205078125