1 0.5498046875 0.8154296875 0.22265625 0.263671875
1 0.69775390625 0.79296875 0.2158203125 0.2548828125
1 0.49853515625 0.47265625 0.2265625 0.2666015625
1 0.6494140625 0.453125 0.22265625 0.2548828125
1 0.59521484375 0.11865234375 0.2216796875 0.2373046875
1 0.44482421875 0.13232421875 0.22265625 0.2626953125
2 0.56298828125 0.1123046875 0.0810546875 0.12109375
2 0.42431640625 0.15283203125 0.0419921875 0.0380859375
2 0.47412109375 0.4990234375 0.0390625 0.03515625
0 0.46875 0.56884765625 0.0185546875 0.0185546875
0 0.41748046875 0.22607421875 0.017578125 0.015625