1 0.17919921875 0.43115234375 0.3583984375 0.3916015625
0 0.1796875 0.45849609375 0.01953125 0.0185546875
1 0.373046875 0.314453125 0.3232421875 0.3525390625
1 0.2978515625 0.62255859375 0.30859375 0.318359375
1 0.48291015625 0.529296875 0.3037109375 0.3212890625
3 0.31005859375 0.55322265625 0.0322265625 0.0244140625
3 0.357421875 0.6513671875 0.0322265625 0.029296875
3 0.44482421875 0.5400390625 0.0546875 0.0498046875
3 0.47216796875 0.59521484375 0.0556640625 0.05078125
3 0.5087890625 0.5087890625 0.0869140625 0.078125
3 0.533203125 0.56201171875 0.083984375 0.0712890625
0 0.28515625 0.306640625 0.0302734375 0.029296875