1 0.37646484375 0.40478515625 0.3310546875 0.2080078125
1 0.4169921875 0.5537109375 0.36328125 0.314453125
1 0.359375 0.40234375 0.083984375 0.083984375
1 0.4052734375 0.55517578125 0.07421875 0.1142578125
1 0.34326171875 0.58740234375 0.0810546875 0.1064453125
0 0.4453125 0.5615234375 0.033203125 0.0390625
1 0.1328125 0.61767578125 0.265625 0.2001953125
1 0.2412109375 0.53466796875 0.095703125 0.0771484375
1 0.1845703125 0.74609375 0.296875 0.259765625
1 0.123046875 0.61181640625 0.08203125 0.0908203125
1 0.18701171875 0.583984375 0.0849609375 0.08984375
1 0.11962890625 0.7890625 0.0712890625 0.09375
1 0.1923828125 0.75341796875 0.080078125 0.0986328125
0 0.255859375 0.74755859375 0.03515625 0.0478515625
1 0.06298828125 0.87646484375 0.1259765625 0.2119140625
1 0.0244140625 0.888671875 0.048828125 0.125
1 0.52001953125 0.8916015625 0.2197265625 0.216796875
1 0.66259765625 0.8828125 0.2509765625 0.234375
1 0.51904296875 0.9541015625 0.0986328125 0.091796875
1 0.65771484375 0.88427734375 0.0986328125 0.0634765625
1 0.6875 0.94677734375 0.095703125 0.0673828125
1 0.828125 0.45849609375 0.228515625 0.3310546875
1 0.822265625 0.462890625 0.103515625 0.095703125
1 0.91943359375 0.39697265625 0.1611328125 0.2548828125
1 0.95849609375 0.39208984375 0.0830078125 0.0654296875
1 0.97216796875 0.4580078125 0.0556640625 0.06640625
1 0.8330078125 0.53125 0.033203125 0.0390625
1 0.9609375 0.35205078125 0.0234375 0.0146484375
1 0.92724609375 0.66796875 0.1455078125 0.298828125
1 0.955078125 0.6484375 0.087890625 0.111328125
1 0.974609375 0.7294921875 0.048828125 0.076171875
1 0.97021484375 0.6962890625 0.0322265625 0.033203125