1 0.3896484375 0.39306640625 0.2841796875 0.2626953125
1 0.33203125 0.568359375 0.232421875 0.2333984375
1 0.517578125 0.61865234375 0.2470703125 0.2412109375
1 0.5087890625 0.61962890625 0.1494140625 0.15234375
1 0.5576171875 0.4482421875 0.2666015625 0.2490234375
1 0.556640625 0.42919921875 0.173828125 0.185546875
0 0.52734375 0.505859375 0.0439453125 0.0380859375
0 0.4833984375 0.36279296875 0.03515625 0.0341796875
0 0.29541015625 0.46435546875 0.0322265625 0.03515625
3 0.37646484375 0.3662109375 0.0322265625 0.0322265625
3 0.4140625 0.46044921875 0.029296875 0.0302734375
3 0.31591796875 0.61474609375 0.029296875 0.03125
3 0.3896484375 0.62939453125 0.03125 0.0322265625
1 0.74169921875 0.5302734375 0.2509765625 0.33203125
3 0.626953125 0.44873046875 0.021484375 0.017578125
1 0.34033203125 0.1806640625 0.099609375 0.1318359375
1 0.29541015625 0.1650390625 0.0888671875 0.1298828125
1 0.880859375 0.646484375 0.23828125 0.283203125
1 0.83544921875 0.4140625 0.3291015625 0.501953125
1 0.9072265625 0.1669921875 0.162109375 0.333984375
1 0.91650390625 0.26171875 0.1455078125 0.154296875
1 0.931640625 0.0419921875 0.080078125 0.083984375
1 0.72509765625 0.18017578125 0.228515625 0.15625
1 0.6923828125 0.267578125 0.2177734375 0.1689453125
0 0.99609375 0.6181640625 0.0078125 0.025390625