1 0.5087890625 0.4453125 0.439453125 0.1953125
1 0.24462890625 0.35693359375 0.0849609375 0.0732421875
1 0.2392578125 0.4140625 0.091796875 0.06640625
1 0.3359375 0.47119140625 0.12109375 0.0771484375
1 0.517578125 0.59814453125 0.37890625 0.2255859375
3 0.43359375 0.58740234375 0.03515625 0.0341796875
3 0.384765625 0.6484375 0.041015625 0.037109375
3 0.51904296875 0.6025390625 0.0400390625 0.03515625
3 0.52392578125 0.40673828125 0.0146484375 0.0146484375
3 0.705078125 0.4794921875 0.013671875 0.01953125
0 0.306640625 0.49169921875 0.013671875 0.0166015625
0 0.3349609375 0.4951171875 0.03515625 0.021484375
0 0.55126953125 0.5771484375 0.0166015625 0.025390625