1 0.5341796875 0.4453125 0.263671875 0.185546875
1 0.505859375 0.5751953125 0.271484375 0.189453125
1 0.4970703125 0.61376953125 0.1171875 0.0517578125
1 0.3232421875 0.5439453125 0.1640625 0.201171875
1 0.67529296875 0.1318359375 0.2236328125 0.263671875
1 0.54150390625 0.10400390625 0.2138671875 0.2080078125
1 0.6953125 0.09375 0.12109375 0.080078125
1 0.6826171875 0.14599609375 0.099609375 0.1025390625
1 0.53173828125 0.07568359375 0.1279296875 0.0791015625
1 0.54443359375 0.03857421875 0.1005859375 0.0771484375
0 0.63623046875 0.0849609375 0.0224609375 0.021484375
0 0.52294921875 0.5322265625 0.0263671875 0.029296875
3 0.49169921875 0.4462890625 0.0419921875 0.029296875
3 0.56640625 0.4140625 0.0234375 0.0234375