1 0.55322265625 0.611328125 0.1826171875 0.259765625
1 0.41455078125 0.61376953125 0.1806640625 0.3310546875
1 0.3818359375 0.54345703125 0.1357421875 0.1064453125
1 0.3828125 0.623046875 0.130859375 0.087890625
1 0.87646484375 0.552734375 0.2470703125 0.1796875
1 0.86669921875 0.70068359375 0.2666015625 0.1923828125
1 0.83837890625 0.7138671875 0.0712890625 0.06640625
1 0.89697265625 0.71533203125 0.0576171875 0.0654296875
3 0.90185546875 0.5263671875 0.0302734375 0.033203125
3 0.7998046875 0.65283203125 0.0625 0.0517578125
0 0.7890625 0.5908203125 0.013671875 0.015625
0 0.849609375 0.6005859375 0.013671875 0.015625
0 0.9306640625 0.61328125 0.01171875 0.01171875
3 0.55224609375 0.60888671875 0.0263671875 0.0224609375
0 0.4599609375 0.63525390625 0.01171875 0.0146484375