1 0.42529296875 0.552734375 0.3388671875 0.3740234375
1 0.525390625 0.46142578125 0.3583984375 0.375
1 0.828125 0.50537109375 0.1748046875 0.1611328125
1 0.87109375 0.5498046875 0.181640625 0.1630859375
1 0.892578125 0.85888671875 0.21484375 0.2529296875
1 0.81884765625 0.90380859375 0.2373046875 0.171875
1 0.66162109375 0.4130859375 0.1015625 0.0908203125
1 0.71533203125 0.43310546875 0.0966796875 0.1005859375
1 0.67431640625 0.47021484375 0.0947265625 0.0966796875
1 0.72802734375 0.4873046875 0.099609375 0.0869140625
1 0.1162109375 0.13671875 0.216796875 0.2451171875
1 0.248046875 0.1103515625 0.189453125 0.2041015625
0 0.4716796875 0.5703125 0.021484375 0.02734375
0 0.56298828125 0.48876953125 0.03515625 0.033203125
0 0.5849609375 0.478515625 0.0263671875 0.021484375
1 0.703125 0.2041015625 0.0947265625 0.087890625
1 0.67333984375 0.169921875 0.09375 0.0888671875
1 0.59375 0.09326171875 0.13671875 0.0986328125
1 0.56982421875 0.0498046875 0.130859375 0.095703125
1 0.89013671875 0.05029296875 0.1748046875 0.1005859375
0 0.9404296875 0.00341796875 0.0234375 0.0068359375
0 0.91748046875 0.88818359375 0.0244140625 0.02734375
0 0.99072265625 0.8876953125 0.0185546875 0.01953125
0 0.48095703125 0.4375 0.0087890625 0.009765625
0 0.2216796875 0.0859375 0.021484375 0.021484375