1 0.34033203125 0.4931640625 0.3486328125 0.234375
1 0.841796875 0.548828125 0.31640625 0.22265625
1 0.0703125 0.70849609375 0.140625 0.2001953125
3 0.30712890625 0.50048828125 0.0263671875 0.025390625
2 0.26806640625 0.435546875 0.111328125 0.0400390625
0 0.32666015625 0.5263671875 0.01171875 0.013671875
0 0.1923828125 0.5224609375 0.013671875 0.01171875
0 0.84912109375 0.58544921875 0.0107421875 0.009765625
0 0.8623046875 0.48779296875 0.0146484375 0.0146484375
0 0.87841796875 0.4853515625 0.0107421875 0.01171875
0 0.86181640625 0.59765625 0.0087890625 0.0126953125
0 0.85107421875 0.59765625 0.009765625 0.0078125
3 0.830078125 0.55712890625 0.0263671875 0.0263671875
1 0.57421875 0.765625 0.1748046875 0.2060546875