1 0.2421875 0.4970703125 0.24609375 0.23046875
1 0.3740234375 0.3916015625 0.130859375 0.138671875
1 0.29345703125 0.6806640625 0.2587890625 0.244140625
1 0.39453125 0.50634765625 0.109375 0.1376953125
1 0.498046875 0.45166015625 0.201171875 0.2236328125
1 0.53564453125 0.61767578125 0.2021484375 0.1904296875
2 0.255859375 0.49365234375 0.0390625 0.0791015625
0 0.2568359375 0.64404296875 0.029296875 0.0283203125
3 0.30908203125 0.6318359375 0.0283203125 0.02734375
0 0.51708984375 0.46435546875 0.0263671875 0.0263671875
0 0.51806640625 0.58349609375 0.0302734375 0.0244140625
1 0.56005859375 0.6328125 0.0263671875 0.044921875
1 0.576171875 0.62939453125 0.025390625 0.0400390625
1 0.5283203125 0.6455078125 0.03515625 0.04296875
1 0.509765625 0.64697265625 0.029296875 0.0498046875
0 0.263671875 0.60205078125 0.033203125 0.0283203125
1 0.80322265625 0.33837890625 0.2490234375 0.3017578125
3 0.765625 0.35546875 0.033203125 0.02734375
1 0.85595703125 0.1337890625 0.1708984375 0.220703125
1 0.908203125 0.3115234375 0.16015625 0.212890625
0 0.86572265625 0.2548828125 0.0244140625 0.0234375
0 0.89794921875 0.35791015625 0.0205078125 0.0224609375
3 0.80224609375 0.3740234375 0.0283203125 0.029296875
1 0.82763671875 0.6953125 0.1240234375 0.171875
1 0.75537109375 0.7138671875 0.1083984375 0.1640625
0 0.78125 0.64697265625 0.013671875 0.0126953125