1 0.5146484375 0.34375 0.513671875 0.3232421875
1 0.490234375 0.4775390625 0.51171875 0.326171875
3 0.66162109375 0.357421875 0.0439453125 0.0439453125
3 0.4970703125 0.32666015625 0.044921875 0.044921875
3 0.353515625 0.29833984375 0.046875 0.0458984375
3 0.46826171875 0.48974609375 0.04296875 0.04296875
0 0.40966796875 0.46044921875 0.0126953125 0.013671875
0 0.55419921875 0.48681640625 0.0166015625 0.0185546875
0 0.5732421875 0.490234375 0.0126953125 0.0146484375
1 0.4755859375 0.890625 0.505859375 0.21875
1 0.3291015625 0.96826171875 0.212890625 0.0634765625
3 0.64599609375 0.9560546875 0.0439453125 0.04296875
3 0.4638671875 0.921875 0.0400390625 0.0380859375
3 0.31884765625 0.89501953125 0.0458984375 0.0419921875
1 0.91748046875 0.693359375 0.1650390625 0.197265625
1 0.93115234375 0.556640625 0.1376953125 0.1796875
3 0.953125 0.5419921875 0.046875 0.0478515625