1 0.33984375 0.51171875 0.5244140625 0.3583984375
1 0.31982421875 0.64599609375 0.525390625 0.3515625
1 0.41650390625 0.11767578125 0.5087890625 0.2353515625
1 0.568359375 0.02734375 0.189453125 0.0546875
3 0.26171875 0.052734375 0.04296875 0.0419921875
3 0.4267578125 0.07763671875 0.044921875 0.044921875
3 0.5712890625 0.09814453125 0.0478515625 0.04296875
3 0.36328125 0.5009765625 0.046875 0.046875
3 0.482421875 0.68359375 0.052734375 0.0498046875
3 0.337890625 0.66162109375 0.052734375 0.0537109375
3 0.21484375 0.64892578125 0.0283203125 0.0322265625
3 0.15380859375 0.6357421875 0.0478515625 0.046875
0 0.4150390625 0.60498046875 0.0263671875 0.0283203125
0 0.265625 0.58544921875 0.0263671875 0.0283203125
0 0.27685546875 0.50634765625 0.017578125 0.0166015625
0 0.25830078125 0.50146484375 0.015625 0.0166015625
0 0.41943359375 0.529296875 0.0078125 0.0087890625