1 0.47119140625 0.33544921875 0.2919921875 0.1083984375
1 0.42333984375 0.5234375 0.2001953125 0.3828125
1 0.58251953125 0.4736328125 0.1982421875 0.3828125
1 0.53466796875 0.6611328125 0.2900390625 0.1015625
0 0.4208984375 0.5986328125 0.017578125 0.01953125
0 0.3857421875 0.484375 0.013671875 0.015625
0 0.60791015625 0.48583984375 0.0341796875 0.0283203125
1 0.20703125 0.14990234375 0.103515625 0.2021484375
1 0.2978515625 0.16552734375 0.099609375 0.1279296875
1 0.267578125 0.22021484375 0.1484375 0.0712890625
1 0.3427734375 0.06591796875 0.265625 0.0986328125
1 0.24169921875 0.0751953125 0.0849609375 0.0859375
1 0.42431640625 0.037109375 0.1083984375 0.07421875
1 0.09521484375 0.30419921875 0.1259765625 0.1298828125