1 0.43359375 0.51171875 0.2099609375 0.302734375
1 0.533203125 0.55322265625 0.20703125 0.296875
1 0.67041015625 0.62841796875 0.2265625 0.1806640625
1 0.63330078125 0.71142578125 0.2138671875 0.162109375
1 0.54296875 0.77490234375 0.169921875 0.16796875
3 0.5732421875 0.76123046875 0.029296875 0.029296875
3 0.5498046875 0.81396484375 0.0302734375 0.02734375
3 0.5009765625 0.7919921875 0.029296875 0.0302734375
0 0.611328125 0.69189453125 0.0166015625 0.017578125
0 0.5576171875 0.6689453125 0.0185546875 0.0166015625
0 0.56005859375 0.59130859375 0.013671875 0.0185546875
0 0.521484375 0.58447265625 0.009765625 0.0126953125
1 0.5009765625 0.3447265625 0.1376953125 0.1279296875
1 0.609375 0.39013671875 0.150390625 0.130859375