1 0.58642578125 0.4697265625 0.333984375 0.474609375
1 0.45263671875 0.50927734375 0.32421875 0.46875
1 0.4091796875 0.58447265625 0.216796875 0.228515625
1 0.4140625 0.47705078125 0.228515625 0.18359375
3 0.623046875 0.48974609375 0.0361328125 0.037109375
3 0.6044921875 0.43603515625 0.0419921875 0.0400390625
3 0.583984375 0.353515625 0.0458984375 0.052734375
0 0.50146484375 0.3994140625 0.0263671875 0.0380859375
0 0.4111328125 0.4833984375 0.029296875 0.03515625
0 0.39697265625 0.44873046875 0.0146484375 0.0185546875
0 0.560546875 0.43212890625 0.0185546875 0.0205078125
1 0.955078125 0.201171875 0.08984375 0.1484375
1 0.97021484375 0.2900390625 0.0595703125 0.12109375