1 0.2578125 0.39208984375 0.2919921875 0.2978515625
1 0.173828125 0.55517578125 0.2265625 0.2236328125
1 0.0517578125 0.5078125 0.103515625 0.138671875
1 0.08203125 0.4013671875 0.1357421875 0.1259765625
1 0.02978515625 0.416015625 0.0595703125 0.19140625
1 0.04150390625 0.283203125 0.029296875 0.0703125
1 0.07373046875 0.15625 0.0537109375 0.115234375
1 0.30126953125 0.634765625 0.1630859375 0.1875
1 0.3798828125 0.4677734375 0.1865234375 0.2490234375
1 0.48779296875 0.4912109375 0.1826171875 0.2373046875
1 0.46875 0.0478515625 0.2109375 0.095703125
1 0.61669921875 0.07568359375 0.181640625 0.142578125
1 0.755859375 0.12744140625 0.2421875 0.1953125
1 0.6005859375 0.0439453125 0.0341796875 0.033203125
1 0.59814453125 0.06298828125 0.041015625 0.0380859375
0 0.642578125 0.11669921875 0.021484375 0.021484375
3 0.5 0.005859375 0.029296875 0.01171875
0 0.55859375 0.06787109375 0.0244140625 0.0244140625
0 0.23681640625 0.470703125 0.0283203125 0.0283203125
0 0.13232421875 0.38525390625 0.0224609375 0.0234375
3 0.14697265625 0.54296875 0.0283203125 0.02734375
3 0.49951171875 0.4697265625 0.0361328125 0.0400390625
1 0.80615234375 0.48193359375 0.3125 0.3486328125
1 0.806640625 0.4755859375 0.177734375 0.193359375
1 0.72705078125 0.7158203125 0.255859375 0.28125
1 0.9150390625 0.564453125 0.169921875 0.314453125
1 0.85986328125 0.80517578125 0.2119140625 0.28125
1 0.802734375 0.92626953125 0.244140625 0.1474609375
1 0.84326171875 0.9658203125 0.1005859375 0.052734375
1 0.8349609375 0.97216796875 0.083984375 0.0556640625
1 0.62109375 0.8828125 0.275390625 0.234375
1 0.61572265625 0.84228515625 0.076171875 0.0625
1 0.61474609375 0.8564453125 0.0869140625 0.044921875
1 0.57177734375 0.92724609375 0.0771484375 0.0654296875
1 0.56689453125 0.94189453125 0.08984375 0.048828125
3 0.546875 0.9736328125 0.0322265625 0.0263671875
3 0.66552734375 0.93701171875 0.03125 0.029296875
0 0.689453125 0.9560546875 0.0341796875 0.0390625
1 0.72607421875 0.72021484375 0.1796875 0.173828125
3 0.66943359375 0.77587890625 0.029296875 0.029296875
0 0.74609375 0.69140625 0.0283203125 0.025390625
3 0.74267578125 0.63232421875 0.0341796875 0.0322265625
0 0.8349609375 0.88427734375 0.0302734375 0.033203125
0 0.78076171875 0.6015625 0.03125 0.0302734375
0 0.97607421875 0.44677734375 0.0244140625 0.025390625
0 0.9091796875 0.572265625 0.025390625 0.0224609375
0 0.81689453125 0.59521484375 0.03125 0.0283203125
0 0.73974609375 0.5556640625 0.029296875 0.029296875
3 0.94921875 0.74072265625 0.0302734375 0.029296875
3 0.919921875 0.78857421875 0.0361328125 0.0302734375
3 0.89453125 0.830078125 0.0380859375 0.0361328125
3 0.8720703125 0.8818359375 0.0380859375 0.03515625
0 0.79931640625 0.4775390625 0.015625 0.0166015625
0 0.875 0.6708984375 0.0439453125 0.05078125
0 0.8994140625 0.634765625 0.0146484375 0.013671875