1 0.4833984375 0.50927734375 0.1845703125 0.1806640625
1 0.38427734375 0.4169921875 0.2080078125 0.193359375
1 0.6162109375 0.69677734375 0.1962890625 0.201171875
1 0.78466796875 0.12744140625 0.2060546875 0.1943359375
1 0.84130859375 0.24365234375 0.1884765625 0.181640625
1 0.06201171875 0.740234375 0.1240234375 0.185546875
1 0.11572265625 0.8330078125 0.181640625 0.1865234375
1 0.30029296875 0.92919921875 0.203125 0.138671875
2 0.38525390625 0.41845703125 0.125 0.0966796875
2 0.48193359375 0.505859375 0.1005859375 0.1201171875
2 0.6181640625 0.7021484375 0.1083984375 0.12109375
2 0.29833984375 0.95361328125 0.1201171875 0.087890625
2 0.11376953125 0.8330078125 0.1025390625 0.12109375
2 0.041015625 0.7373046875 0.08203125 0.087890625
2 0.7783203125 0.13232421875 0.1220703125 0.1064453125
2 0.84619140625 0.2431640625 0.1171875 0.1171875