1 0.5830078125 0.5576171875 0.28125 0.359375
1 0.45361328125 0.49365234375 0.2802734375 0.4033203125
1 0.20751953125 0.92919921875 0.1669921875 0.1416015625
1 0.32958984375 0.96142578125 0.1845703125 0.0771484375
1 0.22265625 0.62109375 0.111328125 0.125
1 0.77294921875 0.04345703125 0.1650390625 0.0869140625
1 0.876953125 0.06591796875 0.123046875 0.1318359375
1 0.14990234375 0.87841796875 0.1220703125 0.1337890625
0 0.47509765625 0.39794921875 0.0302734375 0.0263671875
0 0.3876953125 0.99169921875 0.041015625 0.0166015625
0 0.36962890625 0.60498046875 0.0439453125 0.0595703125
3 0.63037109375 0.47705078125 0.0400390625 0.0400390625