1 0.501953125 0.5859375 0.263671875 0.228515625
1 0.505859375 0.59716796875 0.16015625 0.1337890625
1 0.4072265625 0.44970703125 0.255859375 0.2275390625
1 0.35400390625 0.58349609375 0.0537109375 0.0615234375
2 0.5703125 0.3984375 0.12890625 0.142578125
1 0.572265625 0.400390625 0.142578125 0.16796875
1 0.5498046875 0.44873046875 0.05078125 0.0634765625
1 0.423828125 0.47705078125 0.05859375 0.0576171875
1 0.39013671875 0.4130859375 0.1513671875 0.130859375
1 0.41015625 0.439453125 0.03515625 0.02734375
1 0.43994140625 0.466796875 0.0400390625 0.076171875
0 0.392578125 0.5205078125 0.0234375 0.029296875
3 0.4296875 0.58251953125 0.03515625 0.0380859375
3 0.521484375 0.52587890625 0.03515625 0.0361328125