1 0.55224609375 0.5087890625 0.1630859375 0.279296875
1 0.6982421875 0.54296875 0.265625 0.306640625
1 0.41455078125 0.486328125 0.2470703125 0.283203125
1 0.7744140625 0.35009765625 0.18359375 0.1923828125
1 0.58935546875 0.30078125 0.2470703125 0.19140625
1 0.57958984375 0.27001953125 0.1904296875 0.1240234375
1 0.568359375 0.32275390625 0.20703125 0.0751953125
3 0.78564453125 0.3359375 0.0380859375 0.04296875
0 0.73583984375 0.51123046875 0.0146484375 0.0126953125
3 0.7392578125 0.470703125 0.033203125 0.02734375
3 0.7119140625 0.58447265625 0.029296875 0.0244140625
3 0.69873046875 0.62646484375 0.0341796875 0.0322265625
3 0.43701171875 0.546875 0.0419921875 0.0390625
3 0.45849609375 0.42724609375 0.0458984375 0.0400390625
3 0.59375 0.4208984375 0.02734375 0.021484375
3 0.736328125 0.384765625 0.03125 0.029296875
0 0.7470703125 0.537109375 0.03515625 0.03125
0 0.65380859375 0.43310546875 0.0166015625 0.0185546875
0 0.568359375 0.39306640625 0.0078125 0.0126953125
0 0.51611328125 0.3916015625 0.0302734375 0.0234375
1 0.96533203125 0.8125 0.0693359375 0.138671875
1 0.82568359375 0.05859375 0.1982421875 0.1171875
0 0.78955078125 0.02734375 0.0146484375 0.015625