1 0.36181640625 0.62744140625 0.4619140625 0.2236328125
1 0.390625 0.46484375 0.462890625 0.263671875
1 0.90869140625 0.70947265625 0.1494140625 0.1923828125
1 0.93359375 0.5771484375 0.1328125 0.119140625
2 0.48046875 0.5283203125 0.16015625 0.076171875
0 0.89453125 0.65576171875 0.0234375 0.0283203125
3 0.533203125 0.6376953125 0.044921875 0.041015625
3 0.41064453125 0.61767578125 0.0322265625 0.0361328125
3 0.32080078125 0.603515625 0.0341796875 0.03515625
3 0.33740234375 0.470703125 0.0439453125 0.04296875
0 0.35693359375 0.65673828125 0.0361328125 0.0224609375