1 0.51904296875 0.63525390625 0.9619140625 0.6220703125
1 0.11767578125 0.3671875 0.2353515625 0.427734375
3 0.78076171875 0.6171875 0.0556640625 0.0546875
0 0.9267578125 0.80322265625 0.146484375 0.1826171875
0 0.77392578125 0.76953125 0.1435546875 0.150390625
0 0.65576171875 0.73095703125 0.0380859375 0.0302734375
0 0.58837890625 0.7001953125 0.0380859375 0.037109375
0 0.6103515625 0.64111328125 0.03515625 0.0400390625
0 0.64404296875 0.61181640625 0.0400390625 0.0302734375
0 0.037109375 0.38330078125 0.01953125 0.0166015625
0 0.06298828125 0.33837890625 0.0146484375 0.0185546875
0 0.0107421875 0.32666015625 0.021484375 0.0205078125