1 0.5595703125 0.42236328125 0.84765625 0.8447265625
1 0.4052734375 0.603515625 0.11328125 0.12890625
1 0.71923828125 0.27978515625 0.1337890625 0.1416015625
0 0.22900390625 0.6787109375 0.0302734375 0.021484375
0 0.4248046875 0.59814453125 0.0234375 0.0185546875
0 0.5791015625 0.5126953125 0.025390625 0.0234375
0 0.5380859375 0.45166015625 0.0234375 0.0185546875
0 0.57177734375 0.4228515625 0.0224609375 0.0234375
0 0.63037109375 0.37939453125 0.0224609375 0.0244140625
0 0.54443359375 0.34814453125 0.0244140625 0.0244140625
0 0.58642578125 0.32373046875 0.0224609375 0.0205078125
0 0.8857421875 0.09423828125 0.0234375 0.0224609375