1 0.48828125 0.55126953125 0.3232421875 0.212890625
1 0.63916015625 0.5263671875 0.052734375 0.080078125
1 0.53125 0.4169921875 0.3173828125 0.2119140625
1 0.39208984375 0.44384765625 0.05078125 0.078125
1 0.4375 0.541015625 0.1328125 0.09765625
1 0.5205078125 0.5595703125 0.0947265625 0.109375
1 0.50927734375 0.72705078125 0.21484375 0.2890625
1 0.3583984375 0.6728515625 0.2509765625 0.306640625
2 0.38525390625 0.62109375 0.1328125 0.091796875
2 0.341796875 0.71923828125 0.1826171875 0.171875
3 0.3857421875 0.76318359375 0.0322265625 0.021484375
3 0.40283203125 0.70361328125 0.0361328125 0.025390625
3 0.537109375 0.77880859375 0.0244140625 0.0234375
3 0.5556640625 0.71630859375 0.025390625 0.0263671875
3 0.56884765625 0.66943359375 0.0283203125 0.029296875
0 0.466796875 0.65380859375 0.0166015625 0.0166015625
3 0.572265625 0.57080078125 0.0234375 0.0234375
3 0.39794921875 0.5146484375 0.0224609375 0.0244140625
3 0.49658203125 0.57666015625 0.025390625 0.01953125
3 0.4716796875 0.3974609375 0.0205078125 0.0205078125
3 0.6123046875 0.4423828125 0.0244140625 0.0263671875
1 0.54345703125 0.41552734375 0.0869140625 0.111328125
1 0.609375 0.83349609375 0.1455078125 0.2685546875
1 0.54541015625 0.90673828125 0.1533203125 0.111328125
1 0.068359375 0.24169921875 0.1123046875 0.2802734375