1 0.66455078125 0.53564453125 0.2421875 0.201171875
1 0.669921875 0.35791015625 0.205078125 0.228515625
1 0.4228515625 0.4189453125 0.4140625 0.3330078125
1 0.330078125 0.630859375 0.177734375 0.1982421875
1 0.466796875 0.5869140625 0.208984375 0.2646484375
1 0.5556640625 0.546875 0.0771484375 0.1865234375
1 0.23779296875 0.458984375 0.2939453125 0.267578125
1 0.54638671875 0.71875 0.2158203125 0.193359375
3 0.4580078125 0.5732421875 0.0263671875 0.025390625
3 0.6240234375 0.41259765625 0.0322265625 0.0302734375
0 0.52294921875 0.55810546875 0.0205078125 0.0166015625
0 0.49853515625 0.494140625 0.0234375 0.025390625
0 0.40625 0.4306640625 0.0224609375 0.0234375