1 0.33544921875 0.7578125 0.2900390625 0.3955078125
1 0.48876953125 0.81298828125 0.2666015625 0.3740234375
2 0.4560546875 0.80419921875 0.1435546875 0.2626953125
3 0.46728515625 0.90673828125 0.03515625 0.029296875
3 0.50048828125 0.82177734375 0.0263671875 0.0234375
3 0.53369140625 0.720703125 0.02734375 0.021484375
1 0.58154296875 0.564453125 0.212890625 0.25
1 0.54833984375 0.6201171875 0.0771484375 0.0576171875
1 0.44873046875 0.51708984375 0.220703125 0.25390625
0 0.64013671875 0.47998046875 0.03125 0.0263671875
0 0.4443359375 0.5087890625 0.029296875 0.03125
0 0.42578125 0.54443359375 0.02734375 0.0283203125