1 0.6123046875 0.380859375 0.28515625 0.564453125
1 0.48486328125 0.3427734375 0.2802734375 0.58984375
1 0.48828125 0.341796875 0.08984375 0.103515625
1 0.61572265625 0.384765625 0.0927734375 0.109375
1 0.37158203125 0.25927734375 0.1455078125 0.1259765625
1 0.40087890625 0.16015625 0.1474609375 0.140625
0 0.71484375 0.15478515625 0.021484375 0.0244140625
0 0.6865234375 0.32421875 0.015625 0.015625
0 0.58203125 0.298828125 0.01953125 0.01953125
3 0.5732421875 0.5166015625 0.02734375 0.01953125
0 0.57568359375 0.4765625 0.0166015625 0.017578125
0 0.61767578125 0.3125 0.0146484375 0.01171875
0 0.48388671875 0.23681640625 0.0185546875 0.0166015625
3 0.47119140625 0.46923828125 0.0263671875 0.0205078125
1 0.31494140625 0.44970703125 0.1259765625 0.0830078125
1 0.333984375 0.396484375 0.130859375 0.0859375
1 0.02685546875 0.19580078125 0.0537109375 0.1123046875
1 0.01318359375 0.2958984375 0.0263671875 0.099609375