1 0.1650390625 0.48486328125 0.20703125 0.615234375
1 0.42041015625 0.4912109375 0.380859375 0.6171875
1 0.16796875 0.38427734375 0.0966796875 0.0712890625
1 0.1572265625 0.58349609375 0.1015625 0.0712890625
1 0.3046875 0.56201171875 0.05859375 0.1005859375
1 0.3115234375 0.42724609375 0.0517578125 0.1025390625
3 0.1474609375 0.28173828125 0.02734375 0.0234375
3 0.15185546875 0.4853515625 0.0380859375 0.0419921875
3 0.13134765625 0.68798828125 0.0302734375 0.0322265625
3 0.32666015625 0.703125 0.0283203125 0.044921875
0 0.265625 0.48974609375 0.0244140625 0.0341796875
3 0.3466796875 0.2822265625 0.0302734375 0.05078125
3 0.349609375 0.42578125 0.04296875 0.083984375
3 0.345703125 0.56005859375 0.05078125 0.0859375