1 0.5498046875 0.42822265625 0.322265625 0.3134765625
1 0.505859375 0.560546875 0.423828125 0.384765625
2 0.6328125 0.451171875 0.068359375 0.0703125
1 0.49658203125 0.34423828125 0.0654296875 0.0673828125
1 0.416015625 0.43115234375 0.080078125 0.0751953125
1 0.64404296875 0.5263671875 0.1181640625 0.10546875
1 0.43017578125 0.5224609375 0.0595703125 0.052734375
1 0.61328125 0.66748046875 0.09765625 0.0986328125
0 0.48046875 0.58935546875 0.02734375 0.0244140625
0 0.49853515625 0.4404296875 0.0244140625 0.0234375
0 0.56298828125 0.61279296875 0.0146484375 0.0185546875
1 0.583984375 0.44921875 0.017578125 0.021484375
1 0.91552734375 0.90966796875 0.1689453125 0.1162109375
1 0.7451171875 0.14453125 0.376953125 0.2890625
1 0.84423828125 0.06787109375 0.2236328125 0.1357421875
0 0.68408203125 0.09375 0.0244140625 0.0234375
3 0.85595703125 0.0634765625 0.0439453125 0.041015625
3 0.79541015625 0.0166015625 0.0439453125 0.033203125
0 0.9267578125 0.03759765625 0.02734375 0.0263671875