1 0.54296875 0.5439453125 0.2763671875 0.232421875
2 0.5439453125 0.5634765625 0.255859375 0.17578125
1 0.4921875 0.42138671875 0.2705078125 0.224609375
2 0.494140625 0.40234375 0.2421875 0.1611328125
3 0.57421875 0.48095703125 0.044921875 0.0439453125
0 0.5322265625 0.49658203125 0.0244140625 0.025390625
3 0.470703125 0.46337890625 0.041015625 0.041015625
1 0.103515625 0.77490234375 0.2021484375 0.2158203125
1 0.0556640625 0.79296875 0.111328125 0.259765625
1 0.060546875 0.59814453125 0.12109375 0.1787109375
1 0.07470703125 0.65234375 0.1201171875 0.0625
1 0.009765625 0.68505859375 0.01953125 0.0439453125
0 0.037109375 0.6884765625 0.0263671875 0.0283203125
1 0.41162109375 0.0205078125 0.1259765625 0.041015625
1 0.6923828125 0.8037109375 0.201171875 0.1357421875
1 0.69970703125 0.74365234375 0.2412109375 0.1630859375
1 0.70947265625 0.8466796875 0.2001953125 0.1357421875
1 0.767578125 0.9462890625 0.181640625 0.107421875
1 0.62060546875 0.96875 0.1806640625 0.0625