1 0.50732421875 0.51416015625 0.2353515625 0.2119140625
1 0.72265625 0.65576171875 0.46484375 0.3154296875
1 0.57470703125 0.63134765625 0.283203125 0.2275390625
1 0.66455078125 0.49755859375 0.1689453125 0.15625
1 0.6240234375 0.41455078125 0.16796875 0.1396484375
1 0.7998046875 0.52392578125 0.267578125 0.240234375
1 0.83349609375 0.34716796875 0.3330078125 0.3349609375
1 0.9296875 0.47607421875 0.140625 0.2509765625
3 0.4658203125 0.50927734375 0.033203125 0.0400390625
3 0.517578125 0.48828125 0.0341796875 0.0419921875
3 0.5537109375 0.646484375 0.044921875 0.0498046875
0 0.4423828125 0.5703125 0.021484375 0.021484375
3 0.6591796875 0.6015625 0.0478515625 0.0517578125
3 0.69384765625 0.47900390625 0.041015625 0.04296875
3 0.74560546875 0.568359375 0.0341796875 0.0390625
3 0.82861328125 0.361328125 0.041015625 0.0439453125
3 0.9072265625 0.32568359375 0.037109375 0.0380859375
3 0.96044921875 0.30859375 0.029296875 0.0341796875
3 0.9853515625 0.462890625 0.029296875 0.048828125
0 0.88525390625 0.38427734375 0.0166015625 0.015625
0 0.8671875 0.3916015625 0.0166015625 0.01953125
0 0.912109375 0.52734375 0.0224609375 0.0244140625
1 0.83251953125 0.52001953125 0.1455078125 0.138671875