1 0.443359375 0.44580078125 0.28515625 0.31640625
1 0.5615234375 0.51318359375 0.23828125 0.3291015625
1 0.404296875 0.45751953125 0.1591796875 0.0927734375
1 0.44091796875 0.39208984375 0.09375 0.1455078125
1 0.79443359375 0.27001953125 0.125 0.1591796875
1 0.744140625 0.2421875 0.12109375 0.1591796875
3 0.61474609375 0.470703125 0.0234375 0.01953125
3 0.54541015625 0.4775390625 0.01953125 0.021484375
3 0.57275390625 0.53955078125 0.0234375 0.017578125
0 0.61962890625 0.4912109375 0.0205078125 0.0234375
1 0.7734375 0.9169921875 0.0703125 0.0615234375
1 0.75732421875 0.9453125 0.0703125 0.064453125