1 0.447265625 0.37939453125 0.4228515625 0.443359375
1 0.3798828125 0.4609375 0.4072265625 0.421875
0 0.43505859375 0.5 0.0126953125 0.0146484375
1 0.11865234375 0.25048828125 0.2373046875 0.3251953125
1 0.15625 0.19384765625 0.3125 0.2724609375
0 0.0888671875 0.244140625 0.01171875 0.013671875
0 0.32666015625 0.404296875 0.0166015625 0.0166015625
0 0.34375 0.44921875 0.015625 0.015625
0 0.2470703125 0.294921875 0.03125 0.0322265625
1 0.89208984375 0.78271484375 0.2158203125 0.2685546875
1 0.82275390625 0.853515625 0.2607421875 0.193359375
1 0.84619140625 0.896484375 0.1123046875 0.0791015625
1 0.724609375 0.56494140625 0.130859375 0.130859375
1 0.77587890625 0.607421875 0.126953125 0.125