1 0.55810546875 0.70263671875 0.400390625 0.296875
1 0.62744140625 0.5625 0.408203125 0.3125
1 0.5126953125 0.78955078125 0.2822265625 0.1650390625
1 0.8486328125 0.29296875 0.302734375 0.255859375
1 0.8779296875 0.14453125 0.244140625 0.224609375
1 0.9287109375 0.1171875 0.142578125 0.150390625
1 0.8603515625 0.310546875 0.1533203125 0.1533203125
0 0.9150390625 0.28564453125 0.01953125 0.0224609375
0 0.673828125 0.8046875 0.0224609375 0.017578125
0 0.40673828125 0.67236328125 0.0244140625 0.0224609375
0 0.5107421875 0.45556640625 0.0224609375 0.0185546875
0 0.60498046875 0.60595703125 0.01953125 0.0166015625
0 0.5908203125 0.65283203125 0.01171875 0.0107421875