1 0.3681640625 0.4775390625 0.6640625 0.580078125
2 0.5263671875 0.6474609375 0.208984375 0.17578125
2 0.1572265625 0.42041015625 0.169921875 0.1298828125
1 0.41357421875 0.54150390625 0.1181640625 0.1005859375
1 0.33740234375 0.44140625 0.1162109375 0.09765625
3 0.3896484375 0.37060546875 0.029296875 0.0302734375
3 0.19384765625 0.349609375 0.0322265625 0.03125
3 0.1923828125 0.275390625 0.02734375 0.029296875
0 0.541015625 0.5673828125 0.025390625 0.021484375
0 0.2607421875 0.4052734375 0.021484375 0.021484375
0 0.3232421875 0.361328125 0.017578125 0.021484375
0 0.57763671875 0.47998046875 0.0185546875 0.0146484375