1 0.5263671875 0.4375 0.27734375 0.2822265625
1 0.4521484375 0.35107421875 0.2626953125 0.26953125
1 0.1201171875 0.80078125 0.240234375 0.29296875
1 0.078125 0.71484375 0.15625 0.26171875
1 0.8125 0.8935546875 0.240234375 0.212890625
1 0.8876953125 0.8779296875 0.1640625 0.244140625
1 0.8896484375 0.1416015625 0.220703125 0.216796875
1 0.80029296875 0.08447265625 0.1796875 0.12109375
0 0.42822265625 0.32373046875 0.0390625 0.041015625
0 0.43017578125 0.42333984375 0.037109375 0.03125
0 0.01611328125 0.697265625 0.0322265625 0.037109375
0 0.93408203125 0.88427734375 0.033203125 0.03515625
0 0.9384765625 0.0693359375 0.076171875 0.046875