1 0.37841796875 0.306640625 0.7568359375 0.52734375
1 0.34130859375 0.40869140625 0.6826171875 0.4345703125
0 0.12646484375 0.30517578125 0.0283203125 0.0302734375
1 0.32470703125 0.5107421875 0.6494140625 0.486328125
1 0.20947265625 0.49169921875 0.2158203125 0.1689453125
3 0.025390625 0.3759765625 0.0390625 0.04296875
3 0.06689453125 0.40283203125 0.0517578125 0.0478515625
3 0.11181640625 0.4267578125 0.0400390625 0.041015625
0 0.103515625 0.39501953125 0.0234375 0.0185546875
0 0.25830078125 0.38818359375 0.0478515625 0.0361328125
3 0.52685546875 0.38818359375 0.0302734375 0.0322265625
3 0.35888671875 0.56689453125 0.0537109375 0.0439453125
3 0.31591796875 0.54248046875 0.0302734375 0.0341796875
3 0.40283203125 0.58837890625 0.0341796875 0.0419921875
3 0.45263671875 0.61572265625 0.0498046875 0.0458984375
3 0.49609375 0.64013671875 0.033203125 0.0380859375
0 0.48828125 0.609375 0.01953125 0.015625
1 0.08984375 0.9755859375 0.08984375 0.048828125
1 0.84814453125 0.0693359375 0.2138671875 0.138671875
3 0.8740234375 0.0478515625 0.048828125 0.046875
1 0.7119140625 0.02685546875 0.1171875 0.0537109375