1 0.11865234375 0.15673828125 0.2373046875 0.2294921875
1 0.5302734375 0.32275390625 0.3671875 0.466796875
1 0.603515625 0.4345703125 0.208984375 0.2861328125
1 0.69482421875 0.25537109375 0.21875 0.265625
3 0.62744140625 0.369140625 0.046875 0.044921875
3 0.609375 0.46826171875 0.04296875 0.05078125
3 0.4736328125 0.4560546875 0.052734375 0.052734375
3 0.49169921875 0.357421875 0.05859375 0.0537109375
3 0.529296875 0.25390625 0.0576171875 0.0576171875
3 0.54150390625 0.18896484375 0.0576171875 0.0546875
3 0.7158203125 0.224609375 0.0439453125 0.048828125
3 0.69873046875 0.3046875 0.046875 0.0517578125
0 0.6875 0.26123046875 0.0234375 0.017578125
0 0.6689453125 0.34521484375 0.0205078125 0.017578125
0 0.45703125 0.40380859375 0.01953125 0.0146484375
1 0.79345703125 0.09033203125 0.1494140625 0.1806640625
1 0.71728515625 0.12841796875 0.0859375 0.0830078125
1 0.1171875 0.26904296875 0.234375 0.2529296875