1 0.2421875 0.49267578125 0.25 0.234375
1 0.3759765625 0.3896484375 0.1328125 0.140625
1 0.29052734375 0.67724609375 0.2626953125 0.2490234375
1 0.39453125 0.50439453125 0.111328125 0.1396484375
1 0.4990234375 0.45166015625 0.205078125 0.2275390625
1 0.53369140625 0.6181640625 0.205078125 0.1943359375
2 0.255859375 0.4892578125 0.0400390625 0.080078125
0 0.25439453125 0.6396484375 0.0302734375 0.029296875
3 0.306640625 0.62841796875 0.0283203125 0.0283203125
0 0.517578125 0.46484375 0.0263671875 0.0263671875
0 0.5166015625 0.583984375 0.0302734375 0.025390625
1 0.5576171875 0.6337890625 0.02734375 0.044921875
1 0.57373046875 0.630859375 0.0263671875 0.0400390625
1 0.52587890625 0.64599609375 0.0361328125 0.0439453125
1 0.50732421875 0.64697265625 0.0302734375 0.05078125
0 0.26171875 0.59814453125 0.0341796875 0.029296875
1 0.80615234375 0.34375 0.25390625 0.3056640625
3 0.76806640625 0.3603515625 0.033203125 0.0283203125
1 0.8623046875 0.14013671875 0.1748046875 0.2236328125
1 0.91162109375 0.31884765625 0.1640625 0.2158203125
0 0.8701171875 0.26123046875 0.0244140625 0.0234375
0 0.900390625 0.36474609375 0.0205078125 0.0224609375
3 0.80419921875 0.37939453125 0.029296875 0.0302734375
1 0.82421875 0.701171875 0.126953125 0.173828125
1 0.75146484375 0.71826171875 0.111328125 0.166015625
0 0.77880859375 0.65185546875 0.013671875 0.0126953125