1 0.50341796875 0.5888671875 0.2998046875 0.630859375
1 0.47265625 0.8349609375 0.095703125 0.083984375
1 0.48193359375 0.7861328125 0.1201171875 0.05859375
1 0.5068359375 0.69677734375 0.091796875 0.0830078125
1 0.5146484375 0.6494140625 0.1171875 0.060546875
1 0.53759765625 0.5595703125 0.0927734375 0.083984375
1 0.546875 0.51025390625 0.125 0.0595703125
1 0.57421875 0.4189453125 0.095703125 0.0859375
1 0.58349609375 0.3720703125 0.1181640625 0.060546875
1 0.3623046875 0.5546875 0.27734375 0.626953125
1 0.3876953125 0.31201171875 0.087890625 0.0869140625
1 0.3798828125 0.36328125 0.09375 0.0625
1 0.35302734375 0.45166015625 0.1005859375 0.0810546875
1 0.34619140625 0.501953125 0.1025390625 0.060546875
1 0.31982421875 0.58935546875 0.0966796875 0.0849609375
1 0.3173828125 0.642578125 0.107421875 0.064453125
1 0.28564453125 0.72900390625 0.0947265625 0.0849609375
1 0.28125 0.7802734375 0.107421875 0.0625
3 0.41259765625 0.73046875 0.0361328125 0.021484375
0 0.3916015625 0.85107421875 0.013671875 0.0166015625
3 0.42236328125 0.701171875 0.0322265625 0.025390625
3 0.4375 0.60986328125 0.0390625 0.0283203125
3 0.45361328125 0.5439453125 0.0361328125 0.033203125
3 0.48193359375 0.45458984375 0.0322265625 0.0224609375
3 0.48779296875 0.42431640625 0.0380859375 0.0322265625
1 0.6787109375 0.0830078125 0.173828125 0.140625
3 0.6298828125 0.099609375 0.021484375 0.021484375
1 0.7099609375 0.08349609375 0.09375 0.0830078125
1 0.71142578125 0.04736328125 0.1005859375 0.0361328125
1 0.53662109375 0.05810546875 0.1552734375 0.1142578125
1 0.51806640625 0.02783203125 0.0966796875 0.0556640625
1 0.52734375 0.00927734375 0.080078125 0.0185546875
3 0.40380859375 0.5830078125 0.0263671875 0.0234375
0 0.4482421875 0.41357421875 0.025390625 0.0263671875
0 0.37744140625 0.71533203125 0.0185546875 0.0185546875