1 0.4541015625 0.32568359375 0.3046875 0.6484375
1 0.3427734375 0.333984375 0.3076171875 0.62890625
1 0.4775390625 0.07080078125 0.0537109375 0.0693359375
1 0.47802734375 0.17041015625 0.056640625 0.0712890625
1 0.48095703125 0.2734375 0.0537109375 0.0703125
1 0.48291015625 0.3740234375 0.0498046875 0.0693359375
1 0.4853515625 0.47607421875 0.0546875 0.0673828125
1 0.4873046875 0.576171875 0.048828125 0.064453125
3 0.31591796875 0.6044921875 0.03125 0.02734375
0 0.31982421875 0.53662109375 0.0556640625 0.08203125
3 0.31494140625 0.4658203125 0.03125 0.02734375
3 0.3134765625 0.4013671875 0.0341796875 0.033203125
1 0.31494140625 0.33349609375 0.0615234375 0.08984375
3 0.310546875 0.26171875 0.033203125 0.0302734375
3 0.3115234375 0.19580078125 0.0322265625 0.0283203125
1 0.3115234375 0.12939453125 0.0595703125 0.08203125
3 0.3076171875 0.06005859375 0.033203125 0.033203125
1 0.390625 0.90576171875 0.234375 0.1884765625
1 0.5244140625 0.9091796875 0.107421875 0.181640625
1 0.6064453125 0.94921875 0.154296875 0.1015625
1 0.6005859375 0.9912109375 0.14453125 0.017578125
3 0.38232421875 0.9775390625 0.03515625 0.0244140625