1 0.8583984375 0.5478515625 0.283203125 0.361328125
1 0.90234375 0.77099609375 0.166015625 0.25
1 0.96533203125 0.48974609375 0.0693359375 0.2255859375
1 0.89501953125 0.7275390625 0.0498046875 0.04296875
1 0.89306640625 0.70751953125 0.05859375 0.0361328125
1 0.91357421875 0.81787109375 0.046875 0.0419921875
1 0.9091796875 0.796875 0.056640625 0.0361328125
2 0.9345703125 0.5322265625 0.1064453125 0.169921875
3 0.85986328125 0.50732421875 0.0478515625 0.06640625
3 0.87939453125 0.60986328125 0.05078125 0.0654296875
0 0.97900390625 0.423828125 0.015625 0.013671875
1 0.466796875 0.2109375 0.208984375 0.17578125
1 0.49951171875 0.359375 0.2294921875 0.2568359375
1 0.53076171875 0.5361328125 0.2109375 0.21484375
1 0.52392578125 0.57470703125 0.16015625 0.125
1 0.34521484375 0.5830078125 0.2626953125 0.2138671875
1 0.3310546875 0.43310546875 0.2568359375 0.228515625
1 0.2958984375 0.3720703125 0.091796875 0.15234375
1 0.23974609375 0.373046875 0.1083984375 0.140625
1 0.21923828125 0.1875 0.337890625 0.3203125
1 0.0751953125 0.2021484375 0.1181640625 0.27734375
0 0.1962890625 0.19482421875 0.0234375 0.0185546875
3 0.52294921875 0.2861328125 0.0283203125 0.02734375
0 0.34375 0.4912109375 0.025390625 0.0234375
0 0.392578125 0.58203125 0.02734375 0.029296875