1 0.52490234375 0.48779296875 0.7314453125 0.65234375
1 0.51416015625 0.44287109375 0.2001953125 0.197265625
0 0.42333984375 0.52392578125 0.0380859375 0.0380859375
0 0.39404296875 0.46435546875 0.025390625 0.0263671875
0 0.3564453125 0.46484375 0.0146484375 0.01953125
0 0.46484375 0.56787109375 0.0302734375 0.0400390625
0 0.55078125 0.56982421875 0.0205078125 0.0302734375
0 0.6376953125 0.4111328125 0.0263671875 0.02734375
0 0.7763671875 0.41064453125 0.037109375 0.0302734375
0 0.49853515625 0.45166015625 0.041015625 0.0439453125
0 0.52001953125 0.478515625 0.0576171875 0.05078125