1 0.56494140625 0.8876953125 0.1806640625 0.224609375
1 0.3828125 0.85791015625 0.2490234375 0.2314453125
1 0.376953125 0.97265625 0.201171875 0.0546875
1 0.599609375 0.6884765625 0.1708984375 0.22265625
1 0.4306640625 0.66259765625 0.234375 0.2314453125
1 0.626953125 0.51171875 0.1669921875 0.1796875
1 0.6591796875 0.3359375 0.16796875 0.205078125
1 0.46240234375 0.4833984375 0.22265625 0.1884765625
1 0.48876953125 0.31787109375 0.220703125 0.2197265625
1 0.70703125 0.13525390625 0.2158203125 0.251953125
1 0.6962890625 0.1796875 0.083984375 0.0859375
1 0.71630859375 0.0654296875 0.078125 0.0712890625
1 0.67138671875 0.3369140625 0.123046875 0.1416015625
1 0.6494140625 0.47607421875 0.083984375 0.0615234375
1 0.63916015625 0.55078125 0.0830078125 0.060546875
1 0.61962890625 0.6455078125 0.0703125 0.05859375
0 0.5791015625 0.689453125 0.0244140625 0.0234375
1 0.60595703125 0.73486328125 0.0732421875 0.0625
3 0.59423828125 0.85009765625 0.0576171875 0.046875
0 0.56005859375 0.8740234375 0.013671875 0.0146484375
3 0.58447265625 0.91650390625 0.0576171875 0.05078125
3 0.5087890625 0.92236328125 0.0244140625 0.021484375
3 0.353515625 0.9091796875 0.056640625 0.056640625
3 0.3720703125 0.814453125 0.060546875 0.0615234375
1 0.41455078125 0.6875 0.087890625 0.0869140625
1 0.421875 0.6171875 0.0791015625 0.0595703125
1 0.4384765625 0.52197265625 0.078125 0.056640625
1 0.44873046875 0.447265625 0.07421875 0.05859375
3 0.44140625 0.26123046875 0.0419921875 0.0390625
3 0.43212890625 0.328125 0.041015625 0.037109375
0 0.55322265625 0.4013671875 0.0263671875 0.0224609375
0 0.443359375 0.8232421875 0.0244140625 0.03125
0 0.42822265625 0.9208984375 0.025390625 0.03125
0 0.60302734375 0.439453125 0.0224609375 0.021484375
0 0.537109375 0.87353515625 0.021484375 0.025390625
1 0.4462890625 0.1181640625 0.376953125 0.236328125
1 0.4775390625 0.14404296875 0.11328125 0.0869140625
0 0.5517578125 0.10888671875 0.0712890625 0.0205078125
3 0.54833984375 0.1337890625 0.0244140625 0.0234375
3 0.54052734375 0.17529296875 0.0205078125 0.025390625
1 0.50048828125 0.03369140625 0.0986328125 0.0673828125
3 0.57421875 0.0263671875 0.0263671875 0.029296875
3 0.57080078125 0.06201171875 0.025390625 0.029296875
3 0.60498046875 0.09423828125 0.015625 0.01953125
0 0.37744140625 0.12939453125 0.029296875 0.072265625
3 0.38037109375 0.00634765625 0.0263671875 0.0126953125
3 0.37841796875 0.0322265625 0.0234375 0.0283203125
3 0.3017578125 0.12109375 0.02734375 0.029296875
0 0.3427734375 0.70751953125 0.025390625 0.072265625
0 0.44189453125 0.02880859375 0.0263671875 0.0576171875
0 0.74365234375 0.21435546875 0.0146484375 0.0146484375