1 0.34228515625 0.60400390625 0.1494140625 0.1337890625
1 0.47021484375 0.58251953125 0.3388671875 0.2734375
1 0.5400390625 0.4658203125 0.330078125 0.2685546875
2 0.47509765625 0.58349609375 0.3037109375 0.2490234375
3 0.572265625 0.47412109375 0.04296875 0.041015625
0 0.52001953125 0.4873046875 0.0263671875 0.02734375
1 0.4443359375 0.5927734375 0.0791015625 0.0693359375
1 0.4716796875 0.607421875 0.0537109375 0.083984375
1 0.81005859375 0.880859375 0.2998046875 0.23828125
1 0.8525390625 0.77783203125 0.255859375 0.236328125
1 0.7578125 0.92626953125 0.255859375 0.1474609375