1 0.46923828125 0.3505859375 0.451171875 0.28515625
1 0.541015625 0.5068359375 0.4599609375 0.384765625
1 0.4931640625 0.50537109375 0.1123046875 0.1162109375
1 0.39501953125 0.3671875 0.169921875 0.1298828125
0 0.509765625 0.287109375 0.0751953125 0.0498046875
0 0.37890625 0.43798828125 0.015625 0.0185546875
3 0.56884765625 0.42431640625 0.0224609375 0.029296875
0 0.4306640625 0.453125 0.021484375 0.0224609375
0 0.5322265625 0.40478515625 0.013671875 0.0126953125
1 0.67138671875 0.3564453125 0.037109375 0.0439453125
3 0.41015625 0.5556640625 0.0400390625 0.04296875
0 0.40478515625 0.65478515625 0.015625 0.01171875
1 0.12451171875 0.546875 0.2490234375 0.298828125
0 0.36865234375 0.5361328125 0.0107421875 0.013671875
1 0.7734375 0.873046875 0.185546875 0.2294921875
1 0.86962890625 0.849609375 0.169921875 0.232421875
1 0.958984375 0.64794921875 0.08203125 0.2041015625
1 0.86181640625 0.09228515625 0.2314453125 0.1845703125
1 0.890625 0.25341796875 0.2041015625 0.2763671875
2 0.9599609375 0.17919921875 0.041015625 0.0625
0 0.92333984375 0.244140625 0.041015625 0.0419921875
0 0.91259765625 0.20166015625 0.01953125 0.0234375
3 0.8955078125 0.06591796875 0.02734375 0.025390625
0 0.96826171875 0.0595703125 0.0048828125 0.0087890625
1 0.2421875 0.94091796875 0.2890625 0.1181640625
3 0.22900390625 0.984375 0.0302734375 0.0244140625
0 0.169921875 0.96826171875 0.013671875 0.0146484375
0 0.34423828125 0.94775390625 0.0146484375 0.009765625