1 0.36083984375 0.5361328125 0.2548828125 0.1982421875
1 0.41552734375 0.36962890625 0.251953125 0.173828125
1 0.30078125 0.4375 0.1298828125 0.314453125
1 0.47509765625 0.482421875 0.1337890625 0.3125
1 0.16943359375 0.47900390625 0.1181640625 0.2021484375
1 0.1845703125 0.54638671875 0.14453125 0.1171875
1 0.20751953125 0.43603515625 0.1279296875 0.115234375
1 0.39404296875 0.671875 0.15234375 0.099609375
1 0.361328125 0.65380859375 0.08203125 0.0859375
1 0.4404296875 0.673828125 0.0771484375 0.1005859375
2 0.40087890625 0.37939453125 0.10546875 0.064453125
3 0.4658203125 0.466796875 0.0322265625 0.0302734375
3 0.30908203125 0.4345703125 0.029296875 0.0283203125