1 0.5517578125 0.5205078125 0.107421875 0.095703125
1 0.39404296875 0.43505859375 0.2978515625 0.3642578125
1 0.55908203125 0.34423828125 0.291015625 0.33984375
1 0.40869140625 0.2451171875 0.099609375 0.07421875
3 0.41748046875 0.4990234375 0.037109375 0.037109375
3 0.357421875 0.3662109375 0.0390625 0.037109375
0 0.42724609375 0.40576171875 0.03515625 0.04296875
0 0.5009765625 0.36572265625 0.0390625 0.0478515625
3 0.59765625 0.4140625 0.0322265625 0.0322265625
3 0.537109375 0.28173828125 0.041015625 0.0361328125
0 0.46923828125 0.23876953125 0.013671875 0.0166015625
0 0.5849609375 0.48876953125 0.015625 0.0146484375
1 0.87060546875 0.13623046875 0.212890625 0.1748046875
1 0.97705078125 0.12890625 0.0458984375 0.08203125
3 0.87890625 0.0986328125 0.03515625 0.0400390625
1 0.75927734375 0.86279296875 0.3056640625 0.2744140625
1 0.64697265625 0.88671875 0.2861328125 0.2265625
1 0.76513671875 0.8798828125 0.1416015625 0.1318359375
0 0.64697265625 0.79638671875 0.0263671875 0.025390625
3 0.62548828125 0.96435546875 0.0390625 0.037109375
0 0.7607421875 0.8447265625 0.0205078125 0.0166015625