1 0.890625 0.31787109375 0.21875 0.3388671875
3 0.9267578125 0.3173828125 0.02734375 0.021484375
1 0.9658203125 0.3896484375 0.068359375 0.236328125
0 0.98876953125 0.31298828125 0.0224609375 0.0439453125
1 0.60107421875 0.19580078125 0.1748046875 0.2412109375
1 0.6865234375 0.2275390625 0.16796875 0.240234375
1 0.49951171875 0.5078125 0.1708984375 0.138671875
1 0.46484375 0.5810546875 0.17578125 0.146484375
1 0.123046875 0.67529296875 0.24609375 0.3154296875
1 0.236328125 0.75146484375 0.255859375 0.3251953125
0 0.259765625 0.84619140625 0.03125 0.0263671875
0 0.21044921875 0.70849609375 0.0380859375 0.0478515625
0 0.2392578125 0.623046875 0.017578125 0.017578125
0 0.1123046875 0.6669921875 0.029296875 0.029296875