1 0.5888671875 0.4736328125 0.501953125 0.4111328125
1 0.50537109375 0.3759765625 0.5 0.4013671875
1 0.75732421875 0.1611328125 0.2744140625 0.236328125
1 0.8232421875 0.23388671875 0.26953125 0.2353515625
0 0.72314453125 0.1533203125 0.021484375 0.0205078125
1 0.8408203125 0.7373046875 0.318359375 0.330078125
1 0.91357421875 0.8388671875 0.1728515625 0.2109375
1 0.939453125 0.888671875 0.0927734375 0.0947265625
1 0.9794921875 0.8212890625 0.041015625 0.072265625
0 0.81591796875 0.6728515625 0.0224609375 0.0234375
0 0.8564453125 0.85400390625 0.0302734375 0.0283203125
1 0.92333984375 0.6044921875 0.1533203125 0.287109375