1 0.6103515625 0.36279296875 0.1474609375 0.1640625
1 0.6806640625 0.4677734375 0.1611328125 0.189453125
1 0.6142578125 0.5390625 0.20703125 0.267578125
1 0.7041015625 0.666015625 0.154296875 0.1455078125
3 0.68408203125 0.66015625 0.0478515625 0.0458984375
1 0.544921875 0.5859375 0.154296875 0.1728515625
1 0.4736328125 0.4775390625 0.1435546875 0.1669921875
1 0.5732421875 0.7802734375 0.1455078125 0.1484375
1 0.48583984375 0.65576171875 0.2099609375 0.2607421875
1 0.41259765625 0.7041015625 0.15625 0.1728515625
1 0.3408203125 0.5947265625 0.138671875 0.166015625
1 0.35400390625 0.77490234375 0.208984375 0.2607421875
1 0.4453125 0.89794921875 0.1435546875 0.1474609375
1 0.30224609375 0.97314453125 0.1376953125 0.0537109375
1 0.21728515625 0.88037109375 0.2177734375 0.2392578125
3 0.19091796875 0.82421875 0.0478515625 0.0498046875
3 0.28515625 0.99462890625 0.05078125 0.0107421875
3 0.419921875 0.89453125 0.048828125 0.0439453125
3 0.32373046875 0.76611328125 0.0615234375 0.0546875
3 0.32421875 0.70556640625 0.046875 0.0439453125
3 0.4580078125 0.6474609375 0.0556640625 0.052734375
3 0.4560546875 0.5888671875 0.0439453125 0.0400390625
3 0.55126953125 0.7763671875 0.048828125 0.0419921875
3 0.59033203125 0.5302734375 0.0556640625 0.052734375
3 0.58642578125 0.470703125 0.05078125 0.0478515625
1 0.2099609375 0.71484375 0.146484375 0.1708984375
1 0.27783203125 0.82080078125 0.1572265625 0.1748046875
1 0.31201171875 0.115234375 0.2294921875 0.201171875
1 0.15478515625 0.193359375 0.2705078125 0.2451171875
3 0.21240234375 0.16748046875 0.06640625 0.0869140625
1 0.14892578125 0.18603515625 0.05859375 0.041015625
1 0.16064453125 0.2099609375 0.0498046875 0.0556640625
3 0.32568359375 0.0859375 0.05078125 0.0478515625
3 0.24560546875 0.10205078125 0.037109375 0.03125
3 0.19287109375 0.11083984375 0.0283203125 0.02734375
1 0.88916015625 0.86474609375 0.09765625 0.0673828125
1 0.86279296875 0.86181640625 0.2333984375 0.1455078125