1 0.8486328125 0.45458984375 0.23828125 0.2919921875
1 0.705078125 0.48828125 0.1875 0.275390625
1 0.56005859375 0.48046875 0.1884765625 0.2890625
1 0.44140625 0.5146484375 0.185546875 0.2734375
1 0.29345703125 0.509765625 0.1884765625 0.29296875
1 0.17724609375 0.5380859375 0.1884765625 0.271484375
3 0.826171875 0.390625 0.041015625 0.044921875
3 0.85205078125 0.48388671875 0.0419921875 0.0439453125
3 0.685546875 0.47265625 0.025390625 0.01953125
3 0.70556640625 0.54296875 0.0263671875 0.017578125
3 0.4208984375 0.50146484375 0.0234375 0.0205078125
3 0.15576171875 0.5263671875 0.0224609375 0.017578125
0 0.34375 0.599609375 0.029296875 0.037109375
0 0.6083984375 0.5732421875 0.02734375 0.03515625
0 0.8740234375 0.54638671875 0.025390625 0.0341796875
0 0.763671875 0.41064453125 0.015625 0.0166015625
0 0.11962890625 0.4736328125 0.0244140625 0.015625