1 0.70703125 0.564453125 0.2998046875 0.3046875
1 0.55322265625 0.41162109375 0.298828125 0.3037109375
2 0.5673828125 0.43408203125 0.18359375 0.103515625
2 0.54736328125 0.39892578125 0.181640625 0.1103515625
2 0.52978515625 0.36279296875 0.1806640625 0.111328125
2 0.724609375 0.58056640625 0.18359375 0.1123046875
2 0.7041015625 0.54638671875 0.1806640625 0.111328125
2 0.68603515625 0.50927734375 0.18359375 0.11328125
1 0.1455078125 0.84716796875 0.1845703125 0.263671875
2 0.14404296875 0.884765625 0.107421875 0.0693359375
2 0.12890625 0.84765625 0.1015625 0.0712890625
2 0.11328125 0.81103515625 0.0927734375 0.068359375