1 0.6513671875 0.5205078125 0.43359375 0.6953125
1 0.46484375 0.2626953125 0.1484375 0.1171875
1 0.5625 0.71923828125 0.2333984375 0.3212890625
1 0.30224609375 0.3837890625 0.447265625 0.4345703125
1 0.47607421875 0.42333984375 0.2216796875 0.30859375
1 0.4287109375 0.16455078125 0.18359375 0.1845703125
1 0.326171875 0.2138671875 0.1357421875 0.146484375
3 0.33056640625 0.19873046875 0.02734375 0.02734375
3 0.3408203125 0.2353515625 0.0263671875 0.0244140625
3 0.2724609375 0.3212890625 0.0234375 0.0205078125
3 0.4208984375 0.4033203125 0.025390625 0.021484375
0 0.470703125 0.3349609375 0.025390625 0.03515625
3 0.40478515625 0.34765625 0.0263671875 0.025390625
1 0.4345703125 0.74755859375 0.3037109375 0.3486328125
1 0.30224609375 0.46142578125 0.1005859375 0.072265625
1 0.31005859375 0.48828125 0.0849609375 0.0712890625
3 0.27734375 0.39208984375 0.0224609375 0.01953125
0 0.35791015625 0.69970703125 0.0205078125 0.0224609375
0 0.4814453125 0.44873046875 0.0244140625 0.021484375
0 0.25732421875 0.36376953125 0.0185546875 0.017578125