1 0.4462890625 0.833984375 0.27734375 0.1640625
1 0.55517578125 0.8759765625 0.1728515625 0.248046875
1 0.39111328125 0.900390625 0.1708984375 0.19921875
1 0.4658203125 0.9765625 0.048828125 0.046875
1 0.48291015625 0.982421875 0.0341796875 0.03515625
0 0.552734375 0.896484375 0.015625 0.015625
1 0.919921875 0.80908203125 0.16015625 0.2529296875
1 0.89892578125 0.77001953125 0.0673828125 0.1103515625
3 0.9609375 0.71875 0.0234375 0.0234375
1 0.826171875 0.099609375 0.158203125 0.19921875
1 0.91064453125 0.0859375 0.0673828125 0.171875
3 0.86474609375 0.103515625 0.0302734375 0.025390625
1 0.79638671875 0.037109375 0.0673828125 0.07421875
3 0.8486328125 0.01171875 0.03125 0.0234375
3 0.90234375 0.005859375 0.015625 0.01171875
3 0.92138671875 0.09326171875 0.0205078125 0.0224609375
0 0.78759765625 0.15673828125 0.0185546875 0.0185546875