1 0.7470703125 0.57421875 0.208984375 0.1884765625
1 0.59130859375 0.63916015625 0.10546875 0.12109375
1 0.74853515625 0.3828125 0.2177734375 0.2041015625
1 0.59228515625 0.5205078125 0.10546875 0.1201171875
1 0.5009765625 0.54931640625 0.1865234375 0.189453125
1 0.498046875 0.37744140625 0.1708984375 0.158203125
2 0.7314453125 0.57470703125 0.01953125 0.0810546875
0 0.77490234375 0.4287109375 0.025390625 0.0234375
3 0.72021484375 0.42724609375 0.025390625 0.0224609375
0 0.47314453125 0.5302734375 0.021484375 0.0244140625
0 0.505859375 0.4150390625 0.0263671875 0.01953125
1 0.48095703125 0.35498046875 0.0224609375 0.04296875
1 0.458984375 0.3544921875 0.021484375 0.044921875
1 0.51123046875 0.35400390625 0.0263671875 0.0458984375
1 0.533203125 0.35546875 0.0234375 0.0458984375
0 0.75634765625 0.46728515625 0.03125 0.0224609375
1 0.162109375 0.57421875 0.19140625 0.2861328125
3 0.2060546875 0.5654296875 0.029296875 0.0224609375
1 0.0615234375 0.75244140625 0.123046875 0.1962890625
1 0.05859375 0.56396484375 0.1171875 0.2001953125
0 0.08056640625 0.63525390625 0.01953125 0.021484375
0 0.07958984375 0.52783203125 0.017578125 0.0234375
3 0.17529296875 0.53759765625 0.0234375 0.0244140625
1 0.2392578125 0.22216796875 0.0908203125 0.158203125
1 0.314453125 0.22314453125 0.0732421875 0.1552734375
0 0.2705078125 0.28076171875 0.01171875 0.0107421875