1 0.45263671875 0.5244140625 0.2255859375 0.275390625
1 0.32373046875 0.599609375 0.3115234375 0.33203125
1 0.57568359375 0.470703125 0.2998046875 0.28515625
1 0.19140625 0.435546875 0.205078125 0.216796875
1 0.357421875 0.33984375 0.265625 0.228515625
1 0.3681640625 0.30908203125 0.16796875 0.1630859375
1 0.3876953125 0.33837890625 0.205078125 0.0966796875
3 0.1787109375 0.42724609375 0.044921875 0.0478515625
0 0.2763671875 0.5791015625 0.015625 0.013671875
3 0.26220703125 0.54150390625 0.0361328125 0.0322265625
3 0.322265625 0.642578125 0.03125 0.029296875
3 0.34716796875 0.6787109375 0.0380859375 0.037109375
3 0.57373046875 0.5263671875 0.0478515625 0.044921875
3 0.51708984375 0.41845703125 0.0498046875 0.0478515625
3 0.38720703125 0.45166015625 0.0302734375 0.0263671875
3 0.23974609375 0.4580078125 0.0341796875 0.033203125
0 0.2744140625 0.60693359375 0.0390625 0.0361328125
0 0.33349609375 0.48046875 0.0185546875 0.021484375
0 0.40234375 0.41845703125 0.009765625 0.0146484375
0 0.4541015625 0.40185546875 0.033203125 0.0283203125
1 0.11083984375 0.921875 0.1455078125 0.15625
1 0.0791015625 0.13330078125 0.158203125 0.1904296875
0 0.0068359375 0.0732421875 0.013671875 0.021484375
0 0.0859375 0.13330078125 0.01171875 0.0166015625