1 0.58203125 0.62353515625 0.326171875 0.25390625
1 0.61474609375 0.47802734375 0.326171875 0.1953125
1 0.69677734375 0.4013671875 0.16015625 0.1083984375
1 0.69970703125 0.197265625 0.30078125 0.1640625
1 0.7177734375 0.11767578125 0.30859375 0.1474609375
1 0.7373046875 0.06396484375 0.2978515625 0.115234375
3 0.60595703125 0.18603515625 0.0361328125 0.03515625
3 0.70556640625 0.2119140625 0.0361328125 0.0361328125
0 0.572265625 0.19921875 0.021484375 0.0244140625
0 0.65185546875 0.2119140625 0.021484375 0.0224609375
0 0.64404296875 0.45947265625 0.0244140625 0.02734375
0 0.50830078125 0.42236328125 0.015625 0.0166015625
0 0.53857421875 0.62060546875 0.0146484375 0.015625