1 0.29150390625 0.42138671875 0.2509765625 0.1689453125
1 0.31298828125 0.27392578125 0.2900390625 0.1748046875
1 0.283203125 0.25732421875 0.068359375 0.0908203125
1 0.25048828125 0.25439453125 0.0244140625 0.1005859375
0 0.26611328125 0.3583984375 0.0146484375 0.013671875
0 0.1962890625 0.46728515625 0.01171875 0.0146484375
1 0.505859375 0.4921875 0.392578125 0.322265625
1 0.33837890625 0.55712890625 0.0595703125 0.0556640625
1 0.5439453125 0.513671875 0.103515625 0.060546875
1 0.50927734375 0.53076171875 0.0537109375 0.0966796875
1 0.58203125 0.333984375 0.099609375 0.1015625
1 0.43994140625 0.35986328125 0.0986328125 0.1220703125
1 0.7919921875 0.10791015625 0.26171875 0.2158203125
1 0.89306640625 0.08837890625 0.1708984375 0.1767578125
0 0.81884765625 0.02978515625 0.0166015625 0.0205078125
0 0.6083984375 0.4423828125 0.0234375 0.029296875