1 0.4736328125 0.38525390625 0.6337890625 0.4853515625
1 0.3984375 0.55712890625 0.6298828125 0.4873046875
1 0.16845703125 0.36962890625 0.0693359375 0.0791015625
1 0.7080078125 0.5751953125 0.0673828125 0.0849609375
1 0.54931640625 0.380859375 0.1015625 0.0859375
1 0.416015625 0.328125 0.095703125 0.083984375
1 0.544921875 0.63818359375 0.06640625 0.0693359375
1 0.46337890625 0.6103515625 0.1005859375 0.0830078125
1 0.330078125 0.56591796875 0.0966796875 0.0869140625
2 0.35693359375 0.4990234375 0.15625 0.142578125
1 0.34228515625 0.53125 0.0869140625 0.0732421875
1 0.24560546875 0.533203125 0.0634765625 0.06640625
0 0.32470703125 0.38037109375 0.048828125 0.0439453125
0 0.4296875 0.400390625 0.0498046875 0.04296875
0 0.45556640625 0.43212890625 0.025390625 0.0224609375
0 0.587890625 0.47998046875 0.0517578125 0.044921875
0 0.55712890625 0.533203125 0.037109375 0.037109375
0 0.48193359375 0.5537109375 0.0458984375 0.0439453125
0 0.30126953125 0.43798828125 0.0576171875 0.0517578125
0 0.220703125 0.4580078125 0.0537109375 0.0615234375
2 0.48779296875 0.51708984375 0.107421875 0.087890625