1 0.57080078125 0.55859375 0.3583984375 0.267578125
1 0.62109375 0.443359375 0.359375 0.236328125
1 0.16943359375 0.2373046875 0.3388671875 0.232421875
1 0.14697265625 0.35791015625 0.2939453125 0.2646484375
3 0.22021484375 0.388671875 0.0791015625 0.08203125
0 0.54443359375 0.59765625 0.0302734375 0.033203125
0 0.56640625 0.60791015625 0.02734375 0.0322265625
0 0.07958984375 0.39453125 0.0322265625 0.03515625
0 0.10498046875 0.4033203125 0.0322265625 0.03125
3 0.0556640625 0.359375 0.0390625 0.04296875
3 0.60009765625 0.4169921875 0.0263671875 0.029296875
3 0.65625 0.44482421875 0.029296875 0.0283203125
3 0.1357421875 0.21484375 0.03125 0.02734375
3 0.13427734375 0.265625 0.0126953125 0.015625
3 0.15185546875 0.2705078125 0.0107421875 0.01171875
3 0.1884765625 0.2392578125 0.029296875 0.0234375
3 0.27880859375 0.28076171875 0.0224609375 0.0224609375
3 0.7099609375 0.5205078125 0.01171875 0.015625
1 0.35009765625 0.31640625 0.1044921875 0.09765625
1 0.31787109375 0.3896484375 0.0986328125 0.109375
1 0.27490234375 0.4599609375 0.0751953125 0.099609375