1 0.796875 0.1669921875 0.291015625 0.2978515625
1 0.78955078125 0.22119140625 0.099609375 0.0859375
1 0.833984375 0.251953125 0.041015625 0.0458984375
1 0.89111328125 0.18505859375 0.046875 0.0458984375
1 0.85009765625 0.15283203125 0.0986328125 0.0888671875
1 0.896484375 0.0810546875 0.20703125 0.142578125
1 0.66650390625 0.099609375 0.298828125 0.1962890625
1 0.69580078125 0.28759765625 0.2177734375 0.203125
1 0.72607421875 0.30810546875 0.0673828125 0.0654296875
1 0.73291015625 0.29931640625 0.083984375 0.046875
1 0.521484375 0.1435546875 0.2607421875 0.244140625
1 0.48046875 0.08642578125 0.111328125 0.1279296875
1 0.46484375 0.109375 0.1416015625 0.0859375
1 0.69482421875 0.5498046875 0.158203125 0.1708984375
1 0.6318359375 0.4677734375 0.1357421875 0.1484375
1 0.5673828125 0.60986328125 0.2236328125 0.208984375
1 0.47021484375 0.43994140625 0.275390625 0.27734375
1 0.45556640625 0.669921875 0.1572265625 0.181640625
1 0.4521484375 0.67529296875 0.0869140625 0.1064453125
1 0.33154296875 0.71240234375 0.2333984375 0.2197265625
1 0.265625 0.5810546875 0.2294921875 0.2041015625
1 0.35498046875 0.49267578125 0.244140625 0.2568359375
1 0.3369140625 0.46728515625 0.0859375 0.162109375
1 0.31005859375 0.4775390625 0.1220703125 0.138671875
1 0.15283203125 0.798828125 0.3056640625 0.2890625
1 0.1064453125 0.65283203125 0.212890625 0.2001953125
3 0.0498046875 0.68603515625 0.0244140625 0.029296875
3 0.1142578125 0.6533203125 0.0234375 0.03125
3 0.14892578125 0.63720703125 0.029296875 0.0302734375
3 0.2685546875 0.5224609375 0.05078125 0.0478515625
3 0.52001953125 0.58984375 0.0458984375 0.046875
0 0.70947265625 0.08251953125 0.02734375 0.0234375
0 0.63671875 0.05224609375 0.0224609375 0.0205078125
1 0.7666015625 0.32421875 0.029296875 0.03515625
3 0.4150390625 0.4033203125 0.025390625 0.0283203125
3 0.38818359375 0.57470703125 0.0283203125 0.029296875
0 0.3515625 0.59375 0.025390625 0.0263671875
0 0.44580078125 0.5546875 0.03515625 0.0341796875
0 0.20751953125 0.6884765625 0.0234375 0.025390625
0 0.01708984375 0.83837890625 0.0224609375 0.021484375
0 0.6181640625 0.615234375 0.0146484375 0.0146484375
1 0.22509765625 0.197265625 0.4423828125 0.39453125
1 0.22900390625 0.2939453125 0.1845703125 0.1875
1 0.20166015625 0.328125 0.1455078125 0.1806640625
1 0.1181640625 0.1865234375 0.0546875 0.05078125
1 0.111328125 0.1953125 0.0419921875 0.0654296875
1 0.158203125 0.15771484375 0.05859375 0.05078125
1 0.14990234375 0.16259765625 0.0419921875 0.0634765625
1 0.19921875 0.12451171875 0.05859375 0.0517578125
1 0.19189453125 0.1318359375 0.0439453125 0.0634765625
1 0.2490234375 0.08984375 0.0537109375 0.048828125
1 0.23974609375 0.09423828125 0.041015625 0.0634765625
1 0.28466796875 0.05810546875 0.056640625 0.0517578125
1 0.27978515625 0.0634765625 0.044921875 0.05859375
1 0.3271484375 0.0234375 0.056640625 0.046875
1 0.3203125 0.03173828125 0.04296875 0.0634765625
3 0.24658203125 0.02490234375 0.033203125 0.0263671875
0 0.20263671875 0.05615234375 0.0205078125 0.01953125
3 0.150390625 0.03466796875 0.02734375 0.03515625
3 0.0341796875 0.29541015625 0.0263671875 0.02734375
0 0.119140625 0.298828125 0.015625 0.013671875