1 0.42626953125 0.31591796875 0.2333984375 0.1767578125
1 0.5849609375 0.35546875 0.18359375 0.16015625
1 0.58544921875 0.541015625 0.2138671875 0.271484375
1 0.4326171875 0.49365234375 0.287109375 0.2529296875
1 0.4013671875 0.45654296875 0.119140625 0.0673828125
1 0.40771484375 0.4287109375 0.1025390625 0.076171875
3 0.50439453125 0.4677734375 0.0322265625 0.02734375
3 0.59912109375 0.36572265625 0.0341796875 0.0341796875
0 0.5205078125 0.38232421875 0.02734375 0.0263671875
0 0.60107421875 0.515625 0.0146484375 0.0234375
0 0.62060546875 0.53955078125 0.0146484375 0.0166015625
0 0.36279296875 0.48046875 0.0185546875 0.013671875