1 0.39453125 0.39794921875 0.4423828125 0.359375
1 0.51318359375 0.80908203125 0.462890625 0.330078125
2 0.66015625 0.8076171875 0.072265625 0.056640625
2 0.6435546875 0.86328125 0.123046875 0.0712890625
2 0.67041015625 0.912109375 0.095703125 0.064453125
2 0.5302734375 0.77685546875 0.2353515625 0.10546875
2 0.51953125 0.72412109375 0.2314453125 0.1044921875
2 0.47900390625 0.8603515625 0.1240234375 0.0712890625
2 0.36865234375 0.8896484375 0.0947265625 0.06640625
2 0.35595703125 0.83642578125 0.0966796875 0.060546875
2 0.39453125 0.42822265625 0.41015625 0.2177734375
2 0.50537109375 0.291015625 0.1396484375 0.1025390625
1 0.06884765625 0.84814453125 0.1376953125 0.1552734375
2 0.0830078125 0.89990234375 0.068359375 0.04296875
2 0.03271484375 0.81494140625 0.0654296875 0.0615234375
2 0.01123046875 0.8720703125 0.0224609375 0.048828125