1 0.6279296875 0.34326171875 0.744140625 0.6865234375
0 0.43017578125 0.04931640625 0.017578125 0.017578125
0 0.44580078125 0.1083984375 0.017578125 0.01953125
0 0.5517578125 0.15966796875 0.0185546875 0.0185546875
0 0.56591796875 0.22119140625 0.015625 0.017578125
1 0.40869140625 0.54443359375 0.7919921875 0.6904296875
0 0.67431640625 0.26806640625 0.01953125 0.01953125
0 0.685546875 0.33544921875 0.015625 0.017578125
0 0.7294921875 0.36572265625 0.021484375 0.0244140625
0 0.7900390625 0.3779296875 0.015625 0.01953125
0 0.845703125 0.47998046875 0.017578125 0.01953125
0 0.9091796875 0.48779296875 0.015625 0.0146484375
0 0.9677734375 0.587890625 0.01953125 0.0205078125
0 0.1728515625 0.3193359375 0.0166015625 0.0166015625
0 0.232421875 0.3388671875 0.0185546875 0.01953125
0 0.29345703125 0.42626953125 0.0205078125 0.025390625
0 0.3515625 0.44921875 0.01953125 0.021484375
0 0.41162109375 0.5361328125 0.01953125 0.0205078125
0 0.4697265625 0.56103515625 0.0185546875 0.0244140625
0 0.5146484375 0.59423828125 0.0244140625 0.02734375
0 0.5302734375 0.64599609375 0.017578125 0.0205078125
0 0.57568359375 0.7373046875 0.0625 0.05859375