1 0.70166015625 0.55810546875 0.5947265625 0.4130859375
3 0.9365234375 0.60791015625 0.02734375 0.0322265625
3 0.87939453125 0.587890625 0.0302734375 0.02734375
3 0.78271484375 0.57373046875 0.0263671875 0.0302734375
3 0.71875 0.54248046875 0.029296875 0.0263671875
3 0.61669921875 0.55517578125 0.0283203125 0.0322265625
3 0.5576171875 0.474609375 0.029296875 0.03125
3 0.5771484375 0.41845703125 0.0234375 0.0224609375
0 0.90478515625 0.55908203125 0.0185546875 0.0146484375
0 0.92041015625 0.57421875 0.0146484375 0.017578125
0 0.744140625 0.5244140625 0.009765625 0.0078125
0 0.73583984375 0.572265625 0.0244140625 0.029296875
0 0.896484375 0.6142578125 0.0234375 0.025390625
0 0.916015625 0.63330078125 0.015625 0.0263671875
0 0.6298828125 0.51513671875 0.013671875 0.0126953125
0 0.57666015625 0.50830078125 0.0244140625 0.0302734375
0 0.58837890625 0.45263671875 0.0126953125 0.0146484375
0 0.58349609375 0.3984375 0.0068359375 0.0078125