1 0.326171875 0.61767578125 0.2978515625 0.404296875
1 0.47998046875 0.64013671875 0.314453125 0.412109375
1 0.22802734375 0.60205078125 0.166015625 0.28515625
1 0.80712890625 0.7822265625 0.2607421875 0.333984375
1 0.92529296875 0.77880859375 0.1494140625 0.3037109375
1 0.96142578125 0.79736328125 0.0771484375 0.1552734375
1 0.79150390625 0.7841796875 0.1533203125 0.154296875
0 0.83203125 0.8291015625 0.0224609375 0.0205078125
0 0.263671875 0.759765625 0.01953125 0.0234375
0 0.3076171875 0.46435546875 0.0234375 0.0263671875
0 0.5458984375 0.49658203125 0.0205078125 0.0244140625
0 0.431640625 0.6328125 0.017578125 0.0205078125
0 0.38330078125 0.6337890625 0.0126953125 0.0126953125