1 0.58740234375 0.52587890625 0.4423828125 0.53515625
1 0.45263671875 0.4609375 0.1572265625 0.1484375
1 0.4345703125 0.515625 0.1904296875 0.115234375
0 0.478515625 0.5390625 0.03125 0.0302734375
1 0.748046875 0.6240234375 0.4365234375 0.5205078125
0 0.6845703125 0.626953125 0.041015625 0.04296875
0 0.865234375 0.45068359375 0.0625 0.0732421875
3 0.64892578125 0.328125 0.0673828125 0.0478515625
3 0.67822265625 0.3779296875 0.029296875 0.025390625
3 0.82421875 0.54296875 0.037109375 0.029296875
3 0.49365234375 0.599609375 0.0625 0.0537109375
3 0.4541015625 0.6708984375 0.060546875 0.0537109375
3 0.5595703125 0.48291015625 0.0576171875 0.0537109375
3 0.60009765625 0.412109375 0.0615234375 0.0576171875
3 0.68505859375 0.78515625 0.0380859375 0.04296875
0 0.7373046875 0.44775390625 0.033203125 0.0380859375
0 0.64501953125 0.6162109375 0.0419921875 0.0556640625
0 0.552734375 0.77294921875 0.0244140625 0.0283203125
1 0.46923828125 0.919921875 0.3701171875 0.16015625
0 0.55859375 0.98046875 0.0263671875 0.0185546875
3 0.50439453125 0.90380859375 0.052734375 0.0458984375
3 0.4658203125 0.97705078125 0.05078125 0.0458984375
1 0.263671875 0.5068359375 0.1220703125 0.1591796875
1 0.30029296875 0.53271484375 0.111328125 0.1318359375