1 0.67822265625 0.41357421875 0.205078125 0.25390625
1 0.650390625 0.57470703125 0.1826171875 0.2021484375
1 0.46484375 0.5888671875 0.2939453125 0.2470703125
1 0.50146484375 0.4326171875 0.2861328125 0.3173828125
1 0.537109375 0.39892578125 0.0810546875 0.1259765625
1 0.56494140625 0.40234375 0.0888671875 0.1083984375
3 0.53271484375 0.501953125 0.0302734375 0.03515625
3 0.64111328125 0.58984375 0.0380859375 0.0380859375
0 0.619140625 0.51220703125 0.0302734375 0.0302734375
0 0.4921875 0.60205078125 0.025390625 0.017578125
0 0.46875 0.62353515625 0.0185546875 0.0166015625
0 0.509765625 0.3623046875 0.0166015625 0.0205078125