1 0.83837890625 0.8466796875 0.3173828125 0.302734375
1 0.31640625 0.65234375 0.4921875 0.5546875
1 0.4150390625 0.73046875 0.486328125 0.537109375
1 0.88330078125 0.744140625 0.2333984375 0.296875
1 0.56640625 0.5771484375 0.06640625 0.0625
1 0.470703125 0.68798828125 0.06640625 0.0712890625
1 0.3759765625 0.80517578125 0.072265625 0.0712890625
1 0.2822265625 0.916015625 0.068359375 0.072265625
1 0.16552734375 0.82177734375 0.0712890625 0.0712890625
1 0.26123046875 0.70654296875 0.0693359375 0.0712890625
1 0.35595703125 0.5927734375 0.0732421875 0.072265625
1 0.44970703125 0.47705078125 0.0732421875 0.0732421875
0 0.19677734375 0.79296875 0.0361328125 0.0390625
0 0.28515625 0.66845703125 0.0234375 0.0322265625
3 0.38134765625 0.5556640625 0.0224609375 0.01953125
3 0.47412109375 0.43994140625 0.0185546875 0.0166015625
3 0.5947265625 0.54345703125 0.021484375 0.0224609375
3 0.50048828125 0.65869140625 0.0244140625 0.0263671875
3 0.40625 0.77099609375 0.025390625 0.0244140625
3 0.31005859375 0.8857421875 0.0185546875 0.0234375
0 0.56982421875 0.50048828125 0.0205078125 0.0205078125
0 0.47607421875 0.61767578125 0.0244140625 0.0185546875
0 0.37939453125 0.72998046875 0.0322265625 0.0205078125
0 0.287109375 0.84033203125 0.017578125 0.0263671875