1 0.490234375 0.3525390625 0.3486328125 0.33984375
1 0.30419921875 0.53271484375 0.326171875 0.333984375
1 0.53857421875 0.57373046875 0.513671875 0.541015625
2 0.40673828125 0.64013671875 0.216796875 0.232421875
3 0.50634765625 0.642578125 0.041015625 0.0380859375
3 0.44189453125 0.71142578125 0.041015625 0.0380859375
3 0.4140625 0.73974609375 0.04296875 0.04296875
3 0.33056640625 0.47119140625 0.0390625 0.0400390625
3 0.26171875 0.54150390625 0.0439453125 0.041015625
3 0.2353515625 0.5693359375 0.044921875 0.04296875
1 0.85009765625 0.75341796875 0.1064453125 0.1171875
1 0.88330078125 0.78369140625 0.107421875 0.1171875