1 0.47998046875 0.4501953125 0.287109375 0.2119140625
1 0.4169921875 0.31591796875 0.3349609375 0.306640625
1 0.52587890625 0.57958984375 0.2978515625 0.2900390625
1 0.59033203125 0.1982421875 0.2158203125 0.205078125
1 0.673828125 0.3720703125 0.224609375 0.2685546875
1 0.705078125 0.380859375 0.154296875 0.18359375
1 0.67041015625 0.39892578125 0.0869140625 0.2109375
3 0.60107421875 0.185546875 0.0478515625 0.044921875
0 0.4404296875 0.2705078125 0.0146484375 0.015625
3 0.4794921875 0.25927734375 0.03125 0.0361328125
3 0.37353515625 0.310546875 0.029296875 0.03125
3 0.3349609375 0.33251953125 0.0361328125 0.037109375
3 0.46728515625 0.57080078125 0.044921875 0.0478515625
3 0.58056640625 0.5244140625 0.0478515625 0.05078125
3 0.5576171875 0.392578125 0.0263671875 0.0302734375
3 0.56396484375 0.24462890625 0.033203125 0.0341796875
0 0.412109375 0.26611328125 0.03515625 0.0390625
0 0.53369140625 0.33544921875 0.021484375 0.0185546875
0 0.58984375 0.41015625 0.013671875 0.0087890625
0 0.6015625 0.462890625 0.02734375 0.033203125
1 0.10107421875 0.07958984375 0.2021484375 0.1396484375
1 0.021484375 0.04248046875 0.04296875 0.0537109375
1 0.8955078125 0.1025390625 0.1875 0.205078125
1 0.92822265625 0.0234375 0.1123046875 0.046875
0 0.9697265625 0.04052734375 0.0244140625 0.0263671875
0 0.9013671875 0.11865234375 0.0146484375 0.0126953125