1 0.86767578125 0.66064453125 0.2646484375 0.3603515625
1 0.90771484375 0.5087890625 0.1845703125 0.126953125
1 0.27001953125 0.49267578125 0.244140625 0.2236328125
1 0.44677734375 0.53955078125 0.2490234375 0.23828125
1 0.3095703125 0.37255859375 0.224609375 0.1845703125
1 0.47509765625 0.41748046875 0.2333984375 0.1826171875
3 0.2880859375 0.50732421875 0.05078125 0.048828125
3 0.43212890625 0.54638671875 0.0498046875 0.0478515625
0 0.458984375 0.44189453125 0.04296875 0.0400390625
0 0.31298828125 0.40234375 0.0419921875 0.037109375
1 0.3203125 0.35302734375 0.111328125 0.0810546875
3 0.26416015625 0.33935546875 0.0244140625 0.017578125
1 0.48388671875 0.39892578125 0.107421875 0.080078125
3 0.5458984375 0.41162109375 0.0263671875 0.0263671875
3 0.908203125 0.63134765625 0.0341796875 0.0380859375
1 0.9267578125 0.71826171875 0.146484375 0.1162109375
0 0.80126953125 0.64404296875 0.015625 0.015625
1 0.02783203125 0.2841796875 0.0556640625 0.150390625
1 0.00732421875 0.38818359375 0.0146484375 0.0947265625
1 0.81591796875 0.08154296875 0.2724609375 0.1630859375
3 0.826171875 0.05322265625 0.046875 0.0439453125
0 0.8642578125 0.02734375 0.01171875 0.01171875