1 0.5693359375 0.6259765625 0.166015625 0.1533203125
1 0.53662109375 0.384765625 0.1953125 0.1201171875
1 0.48974609375 0.52978515625 0.1767578125 0.314453125
1 0.623046875 0.48388671875 0.171875 0.279296875
2 0.49755859375 0.501953125 0.1171875 0.16796875
2 0.62109375 0.48681640625 0.111328125 0.177734375
3 0.55810546875 0.49560546875 0.0751953125 0.1298828125
1 0.7822265625 0.39208984375 0.322265625 0.232421875
1 0.7568359375 0.54296875 0.15625 0.197265625
1 0.86474609375 0.548828125 0.1953125 0.181640625
1 0.8720703125 0.5068359375 0.189453125 0.166015625
1 0.7099609375 0.5361328125 0.1533203125 0.193359375
1 0.779296875 0.390625 0.1591796875 0.1162109375