1 0.189453125 0.72314453125 0.37890625 0.3955078125
1 0.16015625 0.59619140625 0.3203125 0.3642578125
1 0.7001953125 0.314453125 0.599609375 0.5625
1 0.72900390625 0.42919921875 0.5419921875 0.5205078125
3 0.93505859375 0.16162109375 0.0478515625 0.046875
3 0.8173828125 0.22998046875 0.03125 0.03125
3 0.73876953125 0.27880859375 0.04296875 0.0458984375
3 0.70654296875 0.29296875 0.03125 0.03125
3 0.91162109375 0.38818359375 0.02734375 0.02734375
3 0.798828125 0.4541015625 0.0283203125 0.0283203125
3 0.68701171875 0.51953125 0.0283203125 0.02734375
3 0.58056640625 0.58154296875 0.0517578125 0.046875
3 0.2880859375 0.6611328125 0.046875 0.0478515625
3 0.17529296875 0.7314453125 0.0478515625 0.048828125
3 0.05859375 0.79541015625 0.0439453125 0.0380859375
3 0.09619140625 0.56005859375 0.0498046875 0.0478515625
3 0.1953125 0.5048828125 0.046875 0.044921875
0 0.236328125 0.48095703125 0.0302734375 0.025390625
0 0.07373046875 0.62646484375 0.02734375 0.03515625
0 0.10009765625 0.71337890625 0.021484375 0.0224609375
0 0.7431640625 0.42919921875 0.0185546875 0.0185546875
0 0.96728515625 0.29345703125 0.0146484375 0.01171875
3 0.59619140625 0.35888671875 0.0283203125 0.0302734375
3 0.509765625 0.4169921875 0.0517578125 0.0498046875
0 0.82421875 0.30712890625 0.0390625 0.0390625