1 0.3779296875 0.40380859375 0.212890625 0.146484375
1 0.3935546875 0.50634765625 0.212890625 0.1416015625
1 0.30712890625 0.4609375 0.0576171875 0.1044921875
1 0.4423828125 0.4990234375 0.15625 0.3203125
1 0.50830078125 0.625 0.09765625 0.0625
1 0.54931640625 0.486328125 0.16796875 0.322265625
1 0.48681640625 0.35986328125 0.0966796875 0.0625
3 0.4306640625 0.57861328125 0.033203125 0.025390625
0 0.45556640625 0.4560546875 0.0302734375 0.0263671875
3 0.38818359375 0.3828125 0.0263671875 0.02734375
0 0.31689453125 0.39501953125 0.03125 0.0263671875
0 0.560546875 0.46484375 0.02734375 0.0322265625
1 0.837890625 0.34716796875 0.2216796875 0.1416015625
1 0.8251953125 0.24853515625 0.2119140625 0.1396484375
1 0.75927734375 0.30419921875 0.068359375 0.0947265625
1 0.88916015625 0.3408203125 0.1591796875 0.3291015625
1 0.92041015625 0.203125 0.0810546875 0.0595703125
1 0.95263671875 0.46728515625 0.0947265625 0.0615234375
0 0.9052734375 0.296875 0.0322265625 0.0302734375
3 0.83642578125 0.2265625 0.0302734375 0.0244140625
3 0.8828125 0.4189453125 0.025390625 0.029296875
0 0.9326171875 0.43505859375 0.021484375 0.017578125