1 0.5615234375 0.2490234375 0.478515625 0.498046875
3 0.52587890625 0.2392578125 0.0478515625 0.046875
1 0.45068359375 0.6728515625 0.4990234375 0.58203125
2 0.53564453125 0.49560546875 0.2275390625 0.1259765625
2 0.49267578125 0.59228515625 0.2294921875 0.1240234375
2 0.4345703125 0.71240234375 0.2265625 0.1201171875
2 0.40185546875 0.78125 0.2314453125 0.130859375
2 0.36474609375 0.859375 0.2275390625 0.126953125
0 0.3544921875 0.62744140625 0.236328125 0.3876953125
3 0.47119140625 0.65234375 0.0439453125 0.046875
3 0.53662109375 0.521484375 0.0185546875 0.015625
3 0.44140625 0.63427734375 0.015625 0.0166015625
3 0.5078125 0.77490234375 0.01953125 0.0185546875
3 0.31787109375 0.52734375 0.0263671875 0.0166015625
3 0.48046875 0.69580078125 0.037109375 0.0439453125
0 0.63916015625 0.08447265625 0.0185546875 0.0185546875
0 0.5908203125 0.126953125 0.015625 0.01171875
0 0.57568359375 0.23046875 0.0126953125 0.013671875
0 0.505859375 0.37353515625 0.017578125 0.0146484375