1 0.48095703125 0.40478515625 0.5048828125 0.7333984375
1 0.63525390625 0.49365234375 0.5146484375 0.7099609375
3 0.6240234375 0.14501953125 0.041015625 0.0439453125
3 0.50341796875 0.373046875 0.0439453125 0.046875
3 0.36669921875 0.60888671875 0.0419921875 0.0458984375
3 0.52490234375 0.6943359375 0.0400390625 0.041015625
3 0.7509765625 0.29248046875 0.041015625 0.0361328125
2 0.6865234375 0.4580078125 0.119140625 0.13671875
3 0.70361328125 0.37451171875 0.0361328125 0.0361328125
3 0.62939453125 0.3076171875 0.0283203125 0.025390625
3 0.62744140625 0.5908203125 0.0166015625 0.02734375
3 0.4599609375 0.61572265625 0.033203125 0.0283203125
3 0.5458984375 0.74462890625 0.0234375 0.0322265625
3 0.54296875 0.4619140625 0.029296875 0.029296875
2 0.55712890625 0.3505859375 0.1103515625 0.173828125
2 0.63525390625 0.38427734375 0.0908203125 0.1103515625
0 0.71435546875 0.439453125 0.0185546875 0.01953125
0 0.80029296875 0.28662109375 0.0146484375 0.0205078125
0 0.7138671875 0.15673828125 0.03515625 0.0283203125