1 0.455078125 0.5341796875 0.11328125 0.2392578125
1 0.5419921875 0.419921875 0.2919921875 0.1083984375
1 0.52880859375 0.55517578125 0.0986328125 0.16796875
1 0.5361328125 0.51611328125 0.1171875 0.09765625
1 0.62841796875 0.56005859375 0.1357421875 0.1220703125
1 0.58740234375 0.474609375 0.22265625 0.087890625
1 0.25341796875 0.01953125 0.0751953125 0.025390625
1 0.3544921875 0.041015625 0.1552734375 0.0771484375
1 0.138671875 0.25 0.1943359375 0.2021484375
2 0.1494140625 0.216796875 0.1611328125 0.1318359375
1 0.130859375 0.5 0.26171875 0.107421875
1 0.044921875 0.62158203125 0.087890625 0.2255859375
1 0.10400390625 0.6357421875 0.099609375 0.1708984375
1 0.10986328125 0.5966796875 0.1171875 0.1015625
1 0.16455078125 0.55810546875 0.220703125 0.0927734375
0 0.1416015625 0.4853515625 0.0302734375 0.0244140625
3 0.03466796875 0.58203125 0.0283203125 0.029296875
3 0.12890625 0.60498046875 0.03515625 0.0341796875
0 0.42431640625 0.455078125 0.0166015625 0.017578125
3 0.4599609375 0.49658203125 0.0283203125 0.0263671875
3 0.55126953125 0.52001953125 0.04296875 0.041015625
0 0.56640625 0.404296875 0.0390625 0.029296875
1 0.869140625 0.67578125 0.1103515625 0.240234375
1 0.94287109375 0.6982421875 0.09375 0.169921875
1 0.94775390625 0.6591796875 0.1044921875 0.09375
1 0.947265625 0.62744140625 0.10546875 0.0673828125
1 0.9873046875 0.70947265625 0.025390625 0.1025390625
3 0.9638671875 0.662109375 0.0419921875 0.041015625
3 0.87109375 0.6416015625 0.029296875 0.0263671875
3 0.83740234375 0.60009765625 0.0146484375 0.013671875
3 0.990234375 0.5458984375 0.0146484375 0.0146484375
1 0.17724609375 0.947265625 0.0908203125 0.10546875
1 0.27587890625 0.8955078125 0.28515625 0.1103515625
1 0.31494140625 0.95361328125 0.21875 0.0908203125
1 0.267578125 0.97119140625 0.115234375 0.0576171875
1 0.2392578125 0.9716796875 0.056640625 0.056640625
3 0.18798828125 0.9755859375 0.0234375 0.02734375
3 0.283203125 0.98876953125 0.046875 0.0224609375
3 0.29638671875 0.88427734375 0.0380859375 0.0244140625
0 0.15771484375 0.93310546875 0.0166015625 0.0166015625