1 0.5712890625 0.5986328125 0.130859375 0.1494140625
1 0.41162109375 0.5068359375 0.1748046875 0.107421875
1 0.4130859375 0.615234375 0.18359375 0.1875
1 0.4794921875 0.63427734375 0.142578125 0.2265625
1 0.52490234375 0.48046875 0.314453125 0.2431640625
1 0.5546875 0.41015625 0.171875 0.173828125
1 0.46630859375 0.34716796875 0.125 0.1279296875
3 0.431640625 0.41015625 0.02734375 0.029296875
2 0.63427734375 0.50830078125 0.0224609375 0.025390625
2 0.4755859375 0.419921875 0.0166015625 0.0205078125
2 0.5986328125 0.48046875 0.017578125 0.015625
1 0.267578125 0.658203125 0.1357421875 0.123046875