1 0.529296875 0.4404296875 0.35546875 0.275390625
1 0.46923828125 0.568359375 0.3232421875 0.29296875
3 0.576171875 0.43798828125 0.04296875 0.0361328125
3 0.5166015625 0.634765625 0.04296875 0.0390625
3 0.45068359375 0.5986328125 0.0302734375 0.029296875
3 0.4921875 0.4443359375 0.033203125 0.02734375
0 0.62109375 0.552734375 0.01171875 0.015625
0 0.51123046875 0.5390625 0.0185546875 0.015625
1 0.91259765625 0.17138671875 0.0869140625 0.1162109375
1 0.7451171875 0.18212890625 0.3046875 0.2333984375
1 0.66259765625 0.046875 0.0830078125 0.09375
1 0.8408203125 0.07080078125 0.318359375 0.1416015625
3 0.833984375 0.03369140625 0.041015625 0.0283203125
3 0.72998046875 0.189453125 0.0458984375 0.0390625
3 0.79443359375 0.21875 0.0400390625 0.033203125
0 0.76318359375 0.0625 0.0244140625 0.0234375
0 0.85595703125 0.08935546875 0.0166015625 0.0166015625
0 0.7041015625 0.14892578125 0.013671875 0.0126953125
1 0.3330078125 0.0322265625 0.259765625 0.064453125
1 0.07568359375 0.16259765625 0.1513671875 0.2001953125
1 0.03955078125 0.3076171875 0.0791015625 0.1796875
2 0.0234375 0.2880859375 0.046875 0.064453125
2 0.044921875 0.13134765625 0.015625 0.0126953125
2 0.93212890625 0.08251953125 0.0087890625 0.0107421875
1 0.92626953125 0.74951171875 0.0908203125 0.1142578125
1 0.91064453125 0.8388671875 0.1787109375 0.15625
1 0.8603515625 0.76416015625 0.05078125 0.0771484375
1 0.9697265625 0.7421875 0.060546875 0.099609375
0 0.98095703125 0.78369140625 0.0224609375 0.0205078125