1 0.6142578125 0.3974609375 0.244140625 0.267578125
1 0.443359375 0.32763671875 0.21875 0.2177734375
1 0.38037109375 0.50927734375 0.2255859375 0.2314453125
1 0.3798828125 0.50048828125 0.142578125 0.1396484375
1 0.5478515625 0.56103515625 0.232421875 0.2509765625
1 0.56689453125 0.5615234375 0.1748046875 0.162109375
0 0.4921875 0.52685546875 0.03515625 0.0419921875
0 0.63818359375 0.4931640625 0.0322265625 0.033203125
0 0.5498046875 0.29833984375 0.033203125 0.0302734375
3 0.64208984375 0.38623046875 0.0302734375 0.0302734375
3 0.54541015625 0.4169921875 0.0283203125 0.02734375
3 0.3984375 0.30859375 0.029296875 0.02734375
3 0.37841796875 0.380859375 0.0302734375 0.029296875
1 0.453125 0.73876953125 0.31640625 0.2294921875
3 0.54248046875 0.63037109375 0.0166015625 0.0205078125
1 0.82958984375 0.36279296875 0.1259765625 0.0908203125
1 0.8486328125 0.3193359375 0.125 0.080078125
1 0.326171875 0.8798828125 0.267578125 0.240234375
1 0.56201171875 0.8466796875 0.4814453125 0.306640625
1 0.8056640625 0.93017578125 0.330078125 0.1396484375
1 0.70849609375 0.93212890625 0.1455078125 0.1357421875
1 0.943359375 0.9638671875 0.11328125 0.072265625
1 0.80322265625 0.7470703125 0.1416015625 0.21875
1 0.71826171875 0.7080078125 0.1552734375 0.20703125
0 0.34716796875 0.9921875 0.0244140625 0.015625