1 0.43115234375 0.435546875 0.2041015625 0.251953125
1 0.39990234375 0.498046875 0.2685546875 0.162109375
1 0.4794921875 0.5224609375 0.248046875 0.279296875
1 0.587890625 0.59912109375 0.24609375 0.2587890625
0 0.5810546875 0.55859375 0.02734375 0.029296875
3 0.45849609375 0.412109375 0.0341796875 0.037109375
3 0.37158203125 0.53466796875 0.0283203125 0.0322265625
1 0.78515625 0.27001953125 0.068359375 0.0595703125
1 0.7392578125 0.3193359375 0.07421875 0.0546875
1 0.79296875 0.3212890625 0.05078125 0.052734375
1 0.72998046875 0.267578125 0.0498046875 0.052734375