1 0.595703125 0.53173828125 0.263671875 0.3212890625
1 0.4716796875 0.45556640625 0.296875 0.3095703125
1 0.35546875 0.87158203125 0.3359375 0.2568359375
1 0.27197265625 0.919921875 0.3271484375 0.16015625
1 0.29443359375 0.736328125 0.2119140625 0.15625
1 0.80615234375 0.181640625 0.2548828125 0.3046875
1 0.69921875 0.11865234375 0.234375 0.2373046875
1 0.83837890625 0.03173828125 0.1123046875 0.0634765625
0 0.490234375 0.47216796875 0.03125 0.0302734375
0 0.80810546875 0.15087890625 0.0341796875 0.0361328125
0 0.72705078125 0.2353515625 0.0146484375 0.01953125
0 0.2978515625 0.953125 0.037109375 0.0390625
0 0.341796875 0.81201171875 0.03125 0.0361328125
3 0.70361328125 0.06396484375 0.0380859375 0.0380859375