1 0.4521484375 0.4375 0.318359375 0.302734375
1 0.60986328125 0.3251953125 0.259765625 0.29296875
0 0.49267578125 0.4228515625 0.0146484375 0.015625
0 0.5185546875 0.32568359375 0.01953125 0.015625
1 0.8251953125 0.826171875 0.349609375 0.326171875
2 0.83349609375 0.841796875 0.267578125 0.2880859375
1 0.92041015625 0.8173828125 0.1591796875 0.31640625
0 0.90380859375 0.92578125 0.0439453125 0.0400390625
1 0.0654296875 0.39697265625 0.130859375 0.2001953125
1 0.0283203125 0.2431640625 0.056640625 0.173828125
0 0.02734375 0.34130859375 0.0146484375 0.0224609375