1 0.5078125 0.52783203125 0.25 0.2099609375
1 0.2705078125 0.5126953125 0.115234375 0.0859375
1 0.26806640625 0.45849609375 0.1005859375 0.0634765625
1 0.32958984375 0.42919921875 0.1064453125 0.1201171875
1 0.4404296875 0.42822265625 0.208984375 0.2080078125
1 0.3447265625 0.56689453125 0.16015625 0.1435546875
1 0.6552734375 0.77685546875 0.12890625 0.1259765625
1 0.716796875 0.84228515625 0.146484375 0.1220703125
1 0.86669921875 0.40380859375 0.2626953125 0.2822265625
1 0.91796875 0.5419921875 0.1640625 0.208984375
1 0.44775390625 0.8994140625 0.2216796875 0.201171875
1 0.48291015625 0.5693359375 0.0419921875 0.037109375