1 0.47900390625 0.49658203125 0.1376953125 0.2490234375
1 0.365234375 0.5263671875 0.140625 0.255859375
1 0.3994140625 0.408203125 0.111328125 0.0625
1 0.4453125 0.61376953125 0.11328125 0.0654296875
3 0.32763671875 0.44873046875 0.0244140625 0.0224609375
3 0.337890625 0.5078125 0.025390625 0.03125
3 0.4873046875 0.4453125 0.029296875 0.025390625
0 0.4375 0.6083984375 0.013671875 0.01171875
3 0.45166015625 0.51318359375 0.0244140625 0.0185546875
0 0.34814453125 0.47607421875 0.0126953125 0.0166015625
1 0.83447265625 0.13525390625 0.1494140625 0.2509765625
1 0.71826171875 0.17822265625 0.1513671875 0.2548828125
1 0.7431640625 0.05419921875 0.107421875 0.0693359375
1 0.810546875 0.25830078125 0.107421875 0.0673828125
3 0.6767578125 0.1005859375 0.029296875 0.029296875
3 0.69091796875 0.162109375 0.0263671875 0.029296875
3 0.8359375 0.0810546875 0.02734375 0.02734375
3 0.8056640625 0.15625 0.025390625 0.01953125
0 0.703125 0.12548828125 0.013671875 0.0107421875
0 0.72509765625 0.26708984375 0.0205078125 0.0185546875
1 0.953125 0.68310546875 0.09375 0.2294921875
1 0.87451171875 0.728515625 0.1494140625 0.25390625
1 0.9482421875 0.81494140625 0.103515625 0.0634765625
1 0.8935546875 0.5966796875 0.134765625 0.060546875
3 0.8271484375 0.65380859375 0.01953125 0.0224609375
3 0.837890625 0.71240234375 0.025390625 0.0224609375
0 0.85400390625 0.67626953125 0.0205078125 0.0126953125
0 0.873046875 0.8154296875 0.01953125 0.017578125