1 0.49072265625 0.4033203125 0.5693359375 0.7490234375
1 0.63427734375 0.50830078125 0.5791015625 0.7255859375
3 0.6611328125 0.1591796875 0.0439453125 0.046875
3 0.51708984375 0.3740234375 0.046875 0.0498046875
3 0.35595703125 0.5947265625 0.044921875 0.0478515625
3 0.50439453125 0.69580078125 0.04296875 0.04296875
3 0.77099609375 0.31982421875 0.0439453125 0.0390625
2 0.689453125 0.47705078125 0.125 0.1455078125
3 0.71533203125 0.39599609375 0.0380859375 0.0390625
3 0.64892578125 0.32177734375 0.0302734375 0.02734375
3 0.6171875 0.60302734375 0.017578125 0.0283203125
3 0.4482421875 0.611328125 0.0341796875 0.0302734375
3 0.51953125 0.748046875 0.0263671875 0.033203125
3 0.546875 0.466796875 0.03125 0.0322265625
2 0.57177734375 0.3564453125 0.125 0.1787109375
2 0.6455078125 0.39892578125 0.1005859375 0.1142578125
0 0.72021484375 0.46142578125 0.0205078125 0.0205078125
0 0.82080078125 0.31884765625 0.015625 0.021484375
0 0.74853515625 0.18115234375 0.0361328125 0.0302734375