1 0.5771484375 0.2783203125 0.11328125 0.13671875
1 0.64111328125 0.310546875 0.1162109375 0.1328125
1 0.45654296875 0.50732421875 0.2509765625 0.3935546875
1 0.515625 0.53759765625 0.2578125 0.3818359375
1 0.68310546875 0.46435546875 0.1669921875 0.2138671875
1 0.82666015625 0.439453125 0.1748046875 0.173828125
3 0.6396484375 0.32470703125 0.0234375 0.0224609375
3 0.56396484375 0.2841796875 0.0205078125 0.021484375
3 0.5595703125 0.35498046875 0.033203125 0.0361328125
3 0.583984375 0.36767578125 0.029296875 0.0419921875
3 0.5791015625 0.43359375 0.0234375 0.0234375
3 0.50439453125 0.39501953125 0.0302734375 0.0244140625
3 0.38818359375 0.61669921875 0.0224609375 0.0244140625
3 0.4619140625 0.65478515625 0.0234375 0.0244140625
3 0.52001953125 0.54541015625 0.0224609375 0.0263671875
3 0.4462890625 0.50537109375 0.021484375 0.0244140625
0 0.43994140625 0.626953125 0.0126953125 0.013671875
0 0.53857421875 0.39453125 0.0166015625 0.013671875
0 0.56396484375 0.4072265625 0.0107421875 0.01171875
0 0.65966796875 0.3916015625 0.0126953125 0.01171875
1 0.41162109375 0.93359375 0.2158203125 0.1328125
1 0.55322265625 0.9541015625 0.1044921875 0.091796875
0 0.4375 0.98291015625 0.017578125 0.0205078125
0 0.53173828125 0.94140625 0.0126953125 0.01171875