1 0.49072265625 0.5224609375 0.208984375 0.259765625
1 0.58984375 0.50341796875 0.1943359375 0.2548828125
1 0.5185546875 0.37744140625 0.1787109375 0.1357421875
1 0.06396484375 0.7294921875 0.1279296875 0.302734375
1 0.13916015625 0.6962890625 0.2783203125 0.326171875
1 0.1796875 0.48828125 0.359375 0.294921875
1 0.453125 0.1640625 0.201171875 0.2509765625
1 0.3232421875 0.162109375 0.2041015625 0.2548828125
0 0.50244140625 0.48388671875 0.0263671875 0.0263671875
0 0.58837890625 0.5517578125 0.033203125 0.033203125
0 0.50830078125 0.443359375 0.021484375 0.021484375
0 0.2236328125 0.50048828125 0.0244140625 0.025390625
0 0.140625 0.65576171875 0.01953125 0.0205078125
0 0.15625 0.7412109375 0.0166015625 0.0166015625