1 0.43408203125 0.54345703125 0.2822265625 0.2998046875
1 0.33349609375 0.37841796875 0.2763671875 0.2412109375
0 0.42236328125 0.501953125 0.0146484375 0.013671875
0 0.32763671875 0.46923828125 0.0146484375 0.0185546875
1 0.84814453125 0.1962890625 0.3037109375 0.33203125
2 0.8642578125 0.19091796875 0.271484375 0.2490234375
1 0.84765625 0.0859375 0.3046875 0.171875
0 0.953125 0.126953125 0.037109375 0.041015625
1 0.3662109375 0.93359375 0.19140625 0.1328125
1 0.21044921875 0.96484375 0.1689453125 0.0703125
0 0.30859375 0.96044921875 0.021484375 0.0126953125