1 0.3779296875 0.29931640625 0.1259765625 0.1376953125
1 0.32177734375 0.34375 0.1298828125 0.134765625
1 0.5439453125 0.498046875 0.3125 0.3662109375
1 0.4921875 0.5400390625 0.3212890625 0.35546875
1 0.31005859375 0.49951171875 0.1728515625 0.2138671875
1 0.16796875 0.5087890625 0.1611328125 0.1865234375
3 0.3271484375 0.35791015625 0.0244140625 0.0224609375
3 0.3935546875 0.30224609375 0.0205078125 0.021484375
3 0.41162109375 0.3701171875 0.0380859375 0.03515625
3 0.390625 0.38818359375 0.0341796875 0.041015625
3 0.40869140625 0.4521484375 0.0244140625 0.0244140625
3 0.47265625 0.3974609375 0.03125 0.025390625
3 0.6337890625 0.59033203125 0.0224609375 0.0234375
3 0.56884765625 0.64306640625 0.025390625 0.0263671875
3 0.48974609375 0.548828125 0.0244140625 0.02734375
3 0.55322265625 0.49365234375 0.0224609375 0.0244140625
0 0.58544921875 0.61181640625 0.0146484375 0.015625
0 0.43994140625 0.40478515625 0.01953125 0.0166015625
0 0.41796875 0.42236328125 0.0126953125 0.013671875
0 0.3212890625 0.4267578125 0.0146484375 0.013671875
1 0.6806640625 0.90673828125 0.232421875 0.1669921875
1 0.54345703125 0.95166015625 0.1201171875 0.0966796875
0 0.66162109375 0.95849609375 0.0205078125 0.0224609375
0 0.56103515625 0.93896484375 0.0146484375 0.0146484375