1 0.4248046875 0.37109375 0.369140625 0.25390625
1 0.37548828125 0.48974609375 0.3740234375 0.2646484375
1 0.03759765625 0.18701171875 0.0751953125 0.1396484375
1 0.01171875 0.28076171875 0.0234375 0.0693359375
1 0.96044921875 0.3876953125 0.0791015625 0.15625
1 0.947265625 0.4853515625 0.10546875 0.1015625
1 0.92626953125 0.57763671875 0.1474609375 0.1611328125
1 0.90185546875 0.91748046875 0.1962890625 0.1650390625
1 0.96337890625 0.89892578125 0.0712890625 0.1669921875
1 0.82373046875 0.9931640625 0.0517578125 0.013671875
3 0.88232421875 0.97705078125 0.0439453125 0.0419921875
0 0.935546875 0.95654296875 0.03125 0.0322265625
1 0.33837890625 0.9833984375 0.1044921875 0.033203125
1 0.2216796875 0.96337890625 0.14453125 0.0732421875
0 0.31005859375 0.40478515625 0.0244140625 0.0283203125
0 0.48095703125 0.482421875 0.0302734375 0.03125