1 0.611328125 0.60498046875 0.259765625 0.1689453125
1 0.4140625 0.380859375 0.25 0.16015625
3 0.42529296875 0.40869140625 0.0478515625 0.0419921875
1 0.310546875 0.2626953125 0.25 0.16796875
3 0.30419921875 0.30029296875 0.0244140625 0.0146484375
0 0.5966796875 0.58837890625 0.052734375 0.0224609375
0 0.6298828125 0.55029296875 0.025390625 0.0205078125
3 0.59326171875 0.65771484375 0.0166015625 0.0146484375
1 0.51513671875 0.494140625 0.2470703125 0.1640625
0 0.4970703125 0.4736328125 0.044921875 0.017578125
0 0.53125 0.435546875 0.0234375 0.015625
0 0.42578125 0.54638671875 0.0234375 0.0244140625
0 0.39501953125 0.359375 0.0458984375 0.01953125
0 0.42919921875 0.32275390625 0.0244140625 0.0205078125
0 0.34619140625 0.33251953125 0.0244140625 0.0224609375
0 0.294921875 0.24609375 0.048828125 0.01953125
0 0.32763671875 0.2099609375 0.0244140625 0.017578125
3 0.23779296875 0.306640625 0.0263671875 0.015625