1 0.43701171875 0.45703125 0.49609375 0.470703125
1 0.5693359375 0.58642578125 0.25390625 0.1640625
1 0.505859375 0.62939453125 0.1611328125 0.2470703125
1 0.36962890625 0.62060546875 0.240234375 0.2763671875
1 0.25732421875 0.529296875 0.1328125 0.1357421875
1 0.43896484375 0.36181640625 0.1552734375 0.2353515625
1 0.39013671875 0.4013671875 0.2314453125 0.158203125
1 0.59765625 0.44482421875 0.2822265625 0.255859375
3 0.59619140625 0.51220703125 0.0556640625 0.0546875
3 0.47607421875 0.5712890625 0.03515625 0.0361328125
3 0.431640625 0.60400390625 0.0390625 0.0419921875
3 0.4228515625 0.56298828125 0.037109375 0.03515625
3 0.2802734375 0.58154296875 0.0576171875 0.0576171875
3 0.5302734375 0.31103515625 0.0419921875 0.0458984375
0 0.43701171875 0.4921875 0.01953125 0.01953125
3 0.5830078125 0.45703125 0.0380859375 0.0400390625