1 0.53125 0.5732421875 0.32421875 0.3076171875
1 0.3515625 0.64208984375 0.263671875 0.2998046875
0 0.48779296875 0.57666015625 0.015625 0.0166015625
0 0.439453125 0.6640625 0.01953125 0.0166015625
1 0.255859375 0.1328125 0.369140625 0.265625
2 0.2548828125 0.11572265625 0.28515625 0.2314453125
1 0.14892578125 0.1220703125 0.2080078125 0.244140625
0 0.21044921875 0.0048828125 0.0458984375 0.009765625
1 0.9072265625 0.70947265625 0.15625 0.2021484375
1 0.9091796875 0.8671875 0.0869140625 0.1748046875
0 0.9208984375 0.76806640625 0.015625 0.0224609375