1 0.60498046875 0.59130859375 0.21875 0.1748046875
1 0.615234375 0.681640625 0.2578125 0.166015625
1 0.46630859375 0.57177734375 0.2861328125 0.373046875
1 0.3154296875 0.60302734375 0.259765625 0.3701171875
1 0.298828125 0.57421875 0.1611328125 0.111328125
1 0.29736328125 0.650390625 0.154296875 0.15625
1 0.69091796875 0.9072265625 0.1982421875 0.185546875
1 0.5419921875 0.9453125 0.1875 0.109375
1 0.40283203125 0.9580078125 0.1416015625 0.08203125
0 0.375 0.96728515625 0.03515625 0.03125
0 0.38818359375 0.7275390625 0.0283203125 0.021484375
3 0.32958984375 0.51708984375 0.0703125 0.0771484375
3 0.49267578125 0.58642578125 0.0458984375 0.037109375