1 0.58935546875 0.47509765625 0.4970703125 0.404296875
1 0.5078125 0.3759765625 0.49609375 0.39453125
1 0.763671875 0.16552734375 0.2724609375 0.2333984375
1 0.828125 0.2392578125 0.267578125 0.232421875
0 0.72900390625 0.1572265625 0.021484375 0.0205078125
1 0.83984375 0.7431640625 0.3203125 0.326171875
1 0.9111328125 0.845703125 0.177734375 0.208984375
1 0.9326171875 0.89599609375 0.091796875 0.09375
1 0.97705078125 0.830078125 0.0458984375 0.072265625
0 0.81298828125 0.67822265625 0.0224609375 0.0234375
0 0.85009765625 0.8603515625 0.0302734375 0.0283203125
1 0.92333984375 0.6123046875 0.1533203125 0.28515625