1 0.53125 0.61328125 0.3359375 0.318359375
1 0.4267578125 0.48681640625 0.341796875 0.3291015625
2 0.3603515625 0.54052734375 0.208984375 0.2177734375
3 0.3681640625 0.5302734375 0.04296875 0.044921875
3 0.48388671875 0.43310546875 0.0478515625 0.0498046875
3 0.45703125 0.521484375 0.041015625 0.04296875
0 0.4072265625 0.4365234375 0.017578125 0.017578125
0 0.42138671875 0.45556640625 0.0224609375 0.0205078125
0 0.39794921875 0.47509765625 0.0205078125 0.0146484375
0 0.654296875 0.548828125 0.015625 0.013671875
0 0.45361328125 0.7265625 0.0166015625 0.017578125
3 0.60107421875 0.57177734375 0.0458984375 0.0439453125
3 0.484375 0.6708984375 0.048828125 0.04296875
1 0.884765625 0.27685546875 0.19921875 0.2685546875
1 0.82373046875 0.14599609375 0.2841796875 0.2919921875
3 0.9052734375 0.31201171875 0.046875 0.0478515625
3 0.7900390625 0.171875 0.0546875 0.05078125
3 0.9091796875 0.07470703125 0.041015625 0.0419921875
0 0.88037109375 0.1630859375 0.0439453125 0.041015625
0 0.82568359375 0.115234375 0.0224609375 0.0234375
0 0.8447265625 0.099609375 0.021484375 0.01953125
0 0.88037109375 0.365234375 0.0185546875 0.015625
0 0.5595703125 0.439453125 0.013671875 0.01171875
0 0.77880859375 0.2490234375 0.0166015625 0.015625
1 0.8505859375 0.89013671875 0.298828125 0.1826171875
1 0.974609375 0.93310546875 0.05078125 0.0439453125
1 0.10107421875 0.06640625 0.1357421875 0.068359375