1 0.36767578125 0.39892578125 0.2568359375 0.1962890625
3 0.330078125 0.35546875 0.044921875 0.044921875
1 0.49658203125 0.59912109375 0.3544921875 0.4345703125
3 0.47412109375 0.44482421875 0.0419921875 0.0400390625
3 0.39697265625 0.501953125 0.0400390625 0.037109375
0 0.3896484375 0.455078125 0.041015625 0.037109375
0 0.3515625 0.48291015625 0.03125 0.0302734375
1 0.62548828125 0.45068359375 0.2119140625 0.2333984375
3 0.541015625 0.505859375 0.046875 0.044921875
3 0.54248046875 0.61328125 0.0244140625 0.015625
3 0.50537109375 0.64013671875 0.0224609375 0.0146484375
3 0.5732421875 0.62939453125 0.013671875 0.0126953125