1 0.34814453125 0.458984375 0.2548828125 0.123046875
1 0.435546875 0.5234375 0.2578125 0.314453125
1 0.3984375 0.5439453125 0.15625 0.21875
1 0.2998046875 0.55517578125 0.083984375 0.0947265625
1 0.4091796875 0.341796875 0.09765625 0.08203125
1 0.5947265625 0.607421875 0.095703125 0.080078125
1 0.56884765625 0.427734375 0.2451171875 0.3125
1 0.587890625 0.427734375 0.048828125 0.06640625
1 0.57373046875 0.46728515625 0.0751953125 0.0380859375
1 0.5478515625 0.42822265625 0.033203125 0.0673828125
3 0.611328125 0.50390625 0.029296875 0.029296875
3 0.5390625 0.39306640625 0.03125 0.0283203125
0 0.5830078125 0.59716796875 0.017578125 0.0224609375
3 0.48681640625 0.603515625 0.0322265625 0.03125
0 0.41455078125 0.51806640625 0.0185546875 0.0263671875
0 0.39208984375 0.35888671875 0.0224609375 0.0205078125