1 0.54052734375 0.7021484375 0.3408203125 0.4287109375
1 0.42041015625 0.6552734375 0.333984375 0.4248046875
1 0.55615234375 0.71533203125 0.1552734375 0.1904296875
1 0.4033203125 0.650390625 0.166015625 0.216796875
3 0.6142578125 0.56689453125 0.044921875 0.04296875
3 0.595703125 0.61669921875 0.0400390625 0.0341796875
3 0.5205078125 0.8115234375 0.04296875 0.0380859375
3 0.4833984375 0.73388671875 0.0302734375 0.025390625
3 0.359375 0.767578125 0.0400390625 0.0380859375
3 0.4697265625 0.64501953125 0.0341796875 0.0302734375
1 0.40185546875 0.4365234375 0.2568359375 0.2412109375