1 0.30517578125 0.4228515625 0.6025390625 0.4609375
3 0.07421875 0.35400390625 0.029296875 0.0341796875
3 0.13037109375 0.37890625 0.0322265625 0.029296875
3 0.224609375 0.40185546875 0.029296875 0.0322265625
3 0.2861328125 0.43798828125 0.03125 0.0283203125
3 0.38818359375 0.43505859375 0.0302734375 0.0341796875
3 0.4404296875 0.52001953125 0.03125 0.0341796875
3 0.416015625 0.57373046875 0.025390625 0.0244140625
0 0.1025390625 0.40625 0.01953125 0.015625
0 0.08837890625 0.38916015625 0.0166015625 0.0185546875
0 0.25830078125 0.45361328125 0.0107421875 0.0087890625
0 0.27099609375 0.408203125 0.0263671875 0.03125
0 0.115234375 0.3515625 0.025390625 0.02734375
0 0.09716796875 0.33056640625 0.0185546875 0.0283203125
0 0.37158203125 0.4736328125 0.0146484375 0.013671875
0 0.423828125 0.48486328125 0.02734375 0.0322265625
0 0.408203125 0.5390625 0.013671875 0.015625
0 0.40771484375 0.59423828125 0.0068359375 0.0087890625