1 0.2119140625 0.44775390625 0.251953125 0.2080078125
1 0.2314453125 0.3486328125 0.296875 0.138671875
1 0.31005859375 0.28564453125 0.0517578125 0.0341796875
1 0.2958984375 0.27978515625 0.052734375 0.0439453125
1 0.259765625 0.27880859375 0.033203125 0.0478515625
1 0.25830078125 0.29443359375 0.0458984375 0.0439453125
3 0.248046875 0.31396484375 0.025390625 0.0283203125
0 0.23193359375 0.39599609375 0.0341796875 0.0302734375
1 0.1298828125 0.39208984375 0.21875 0.3876953125
3 0.1962890625 0.4111328125 0.021484375 0.033203125
3 0.18359375 0.48388671875 0.025390625 0.0322265625
3 0.2412109375 0.5048828125 0.025390625 0.029296875
1 0.06103515625 0.357421875 0.1220703125 0.33984375
3 0.07958984375 0.46240234375 0.0322265625 0.0322265625
0 0.21044921875 0.4970703125 0.0126953125 0.015625
3 0.01220703125 0.4423828125 0.0185546875 0.0234375
0 0.15576171875 0.24560546875 0.0205078125 0.0146484375