1 0.48388671875 0.65966796875 0.2783203125 0.4833984375
1 0.6123046875 0.70263671875 0.271484375 0.4853515625
1 0.09326171875 0.51318359375 0.1865234375 0.4833984375
1 0.03125 0.34814453125 0.0546875 0.1826171875
3 0.01806640625 0.6572265625 0.0361328125 0.037109375
3 0.0712890625 0.4990234375 0.0390625 0.0390625
3 0.11669921875 0.35986328125 0.0361328125 0.0419921875
3 0.47705078125 0.634765625 0.0400390625 0.041015625
3 0.677734375 0.54931640625 0.04296875 0.0458984375
3 0.630859375 0.6875 0.046875 0.044921875
3 0.59716796875 0.806640625 0.0283203125 0.0234375
3 0.57373046875 0.86474609375 0.0400390625 0.0419921875
0 0.58837890625 0.60205078125 0.0244140625 0.0224609375
0 0.54345703125 0.74560546875 0.0244140625 0.0224609375
0 0.4677734375 0.720703125 0.013671875 0.015625
0 0.45947265625 0.73828125 0.0146484375 0.013671875
0 0.5146484375 0.58447265625 0.0078125 0.0068359375