1 0.47607421875 0.455078125 0.2412109375 0.130859375
1 0.47900390625 0.517578125 0.224609375 0.16796875
1 0.61767578125 0.52490234375 0.224609375 0.330078125
1 0.7353515625 0.4130859375 0.2275390625 0.203125
1 0.779296875 0.5546875 0.2373046875 0.2109375
0 0.7509765625 0.3486328125 0.0283203125 0.0244140625
1 0.55859375 0.744140625 0.2109375 0.140625
1 0.576171875 0.80908203125 0.2236328125 0.146484375
1 0.1494140625 0.1787109375 0.279296875 0.357421875
1 0.36865234375 0.15185546875 0.3896484375 0.3037109375
3 0.12158203125 0.24169921875 0.03515625 0.03515625
3 0.09814453125 0.126953125 0.03125 0.0322265625
3 0.11865234375 0.0478515625 0.03125 0.0322265625
3 0.1767578125 0.10546875 0.0322265625 0.033203125
3 0.048828125 0.0673828125 0.029296875 0.0322265625
3 0.04150390625 0.025390625 0.0205078125 0.0302734375
3 0.17724609375 0.041015625 0.01953125 0.0185546875
0 0.193359375 0.0556640625 0.0185546875 0.0166015625
0 0.166015625 0.2568359375 0.0439453125 0.033203125
3 0.41259765625 0.16943359375 0.03515625 0.0322265625
3 0.32275390625 0.189453125 0.03515625 0.0302734375
3 0.29833984375 0.0927734375 0.037109375 0.0341796875
3 0.3896484375 0.07275390625 0.03125 0.0322265625
1 0.888671875 0.92529296875 0.173828125 0.1484375
1 0.7880859375 0.94091796875 0.369140625 0.1181640625
1 0.71142578125 0.9599609375 0.0546875 0.064453125
3 0.892578125 0.98876953125 0.0224609375 0.0224609375
3 0.814453125 0.99755859375 0.0234375 0.0048828125
3 0.8046875 0.9326171875 0.0244140625 0.021484375