1 0.775390625 0.216796875 0.1455078125 0.365234375
1 0.68359375 0.20068359375 0.1669921875 0.3681640625
1 0.68994140625 0.439453125 0.1220703125 0.1181640625
1 0.58056640625 0.37646484375 0.3115234375 0.2587890625
1 0.53466796875 0.546875 0.2255859375 0.16015625
1 0.5576171875 0.96240234375 0.310546875 0.0751953125
1 0.4267578125 0.705078125 0.10546875 0.0849609375
1 0.04052734375 0.73681640625 0.0810546875 0.2607421875
1 0.03076171875 0.88232421875 0.0615234375 0.0830078125
1 0.0380859375 0.88818359375 0.076171875 0.0869140625
0 0.6103515625 0.97900390625 0.029296875 0.0302734375
0 0.5703125 0.98388671875 0.0166015625 0.0205078125
0 0.62158203125 0.4609375 0.029296875 0.0302734375