1 0.3232421875 0.044921875 0.169921875 0.08984375
1 0.44140625 0.02587890625 0.125 0.0517578125
1 0.4912109375 0.10595703125 0.169921875 0.2119140625
1 0.38525390625 0.126953125 0.1630859375 0.1943359375
1 0.25830078125 0.12109375 0.2021484375 0.2421875
1 0.52734375 0.30322265625 0.197265625 0.2744140625
1 0.41748046875 0.3134765625 0.185546875 0.240234375
1 0.33544921875 0.3173828125 0.123046875 0.21484375
1 0.39208984375 0.53125 0.2421875 0.267578125
1 0.54638671875 0.51904296875 0.2412109375 0.263671875
1 0.60205078125 0.71142578125 0.251953125 0.2802734375
1 0.40673828125 0.7431640625 0.2890625 0.251953125
1 0.3896484375 0.78564453125 0.173828125 0.0888671875
1 0.35888671875 0.85205078125 0.1044921875 0.0966796875
2 0.6298828125 0.70849609375 0.1494140625 0.2294921875
2 0.38623046875 0.7021484375 0.1083984375 0.1396484375
0 0.33740234375 0.82861328125 0.0234375 0.0146484375
0 0.48193359375 0.73193359375 0.0263671875 0.02734375
0 0.46728515625 0.65673828125 0.0380859375 0.0283203125
0 0.4326171875 0.67578125 0.037109375 0.02734375
0 0.50341796875 0.57763671875 0.0263671875 0.025390625
3 0.4482421875 0.607421875 0.04296875 0.029296875
3 0.43505859375 0.5361328125 0.0439453125 0.0341796875
3 0.4208984375 0.46533203125 0.041015625 0.03125
3 0.40673828125 0.40673828125 0.017578125 0.0126953125
3 0.43798828125 0.35888671875 0.041015625 0.029296875
3 0.423828125 0.27978515625 0.04296875 0.0341796875
3 0.41455078125 0.224609375 0.0400390625 0.03515625
0 0.4267578125 0.10546875 0.0234375 0.021484375
0 0.3955078125 0.11376953125 0.0224609375 0.0126953125
0 0.361328125 0.119140625 0.01953125 0.01171875
3 0.3427734375 0.01318359375 0.044921875 0.0263671875