1 0.49853515625 0.5732421875 0.3623046875 0.2578125
1 0.45947265625 0.40185546875 0.36328125 0.298828125
1 0.48388671875 0.404296875 0.208984375 0.220703125
0 0.5244140625 0.33251953125 0.0419921875 0.041015625
0 0.4267578125 0.3603515625 0.0263671875 0.03125
3 0.36865234375 0.42041015625 0.041015625 0.04296875
3 0.41015625 0.60888671875 0.0322265625 0.033203125
3 0.5478515625 0.56982421875 0.029296875 0.037109375
3 0.603515625 0.54833984375 0.033203125 0.0419921875
1 0.30029296875 0.162109375 0.5888671875 0.32421875
1 0.1298828125 0.02880859375 0.228515625 0.0576171875
0 0.32275390625 0.0595703125 0.0263671875 0.025390625