1 0.3720703125 0.47021484375 0.099609375 0.2099609375
1 0.50146484375 0.49755859375 0.1923828125 0.2509765625
1 0.34814453125 0.68115234375 0.1025390625 0.2255859375
1 0.47998046875 0.68896484375 0.1962890625 0.2470703125
2 0.47998046875 0.697265625 0.1826171875 0.189453125
0 0.3916015625 0.5732421875 0.017578125 0.015625
0 0.39013671875 0.59033203125 0.0146484375 0.0166015625
1 0.388671875 0.0546875 0.09375 0.109375
1 0.515625 0.0654296875 0.1953125 0.130859375
0 0.3447265625 0.6171875 0.017578125 0.017578125
0 0.353515625 0.54150390625 0.01171875 0.0107421875