1 0.4169921875 0.46875 0.314453125 0.375
1 0.380859375 0.46826171875 0.1318359375 0.0791015625
1 0.4013671875 0.43115234375 0.0966796875 0.1162109375
0 0.4970703125 0.3486328125 0.0205078125 0.021484375
0 0.38623046875 0.60888671875 0.01953125 0.017578125
3 0.56005859375 0.5810546875 0.0390625 0.0439453125
0 0.533203125 0.4970703125 0.0146484375 0.0166015625
1 0.54296875 0.548828125 0.3154296875 0.396484375
1 0.22412109375 0.69287109375 0.1953125 0.23828125
1 0.14013671875 0.64013671875 0.1943359375 0.228515625
1 0.7109375 0.09912109375 0.3427734375 0.1953125
1 0.8564453125 0.03955078125 0.10546875 0.0478515625
0 0.74072265625 0.02880859375 0.044921875 0.0361328125
0 0.7109375 0.095703125 0.0283203125 0.025390625