1 0.58544921875 0.51220703125 0.3525390625 0.4150390625
1 0.39794921875 0.4931640625 0.2783203125 0.4033203125
1 0.42724609375 0.8427734375 0.2333984375 0.314453125
1 0.58203125 0.84716796875 0.2578125 0.3056640625
1 0.2783203125 0.94970703125 0.13671875 0.1005859375
1 0.1640625 0.9482421875 0.162109375 0.103515625
0 0.40478515625 0.85791015625 0.02734375 0.02734375
0 0.513671875 0.8671875 0.025390625 0.02734375
0 0.44775390625 0.873046875 0.0185546875 0.0146484375
0 0.5849609375 0.64599609375 0.013671875 0.0185546875
3 0.5625 0.64794921875 0.029296875 0.0244140625
3 0.57666015625 0.53369140625 0.05859375 0.0625
3 0.5849609375 0.42578125 0.048828125 0.0478515625
3 0.3720703125 0.40673828125 0.0537109375 0.0576171875
1 0.37548828125 0.48291015625 0.0830078125 0.060546875
1 0.37939453125 0.50830078125 0.0810546875 0.04296875
0 0.54638671875 0.48046875 0.0380859375 0.0234375
0 0.4609375 0.47802734375 0.03515625 0.033203125
1 0.23828125 0.76953125 0.0947265625 0.18359375
1 0.29052734375 0.76611328125 0.10546875 0.17578125
1 0.11474609375 0.85546875 0.0888671875 0.126953125
1 0.22314453125 0.84912109375 0.193359375 0.1748046875
1 0.16796875 0.8583984375 0.0693359375 0.1005859375
1 0.1484375 0.77685546875 0.0751953125 0.083984375
1 0.16845703125 0.77685546875 0.0673828125 0.07421875
1 0.17333984375 0.79931640625 0.0595703125 0.0390625
1 0.1064453125 0.78125 0.0771484375 0.0849609375
1 0.10986328125 0.88232421875 0.07421875 0.0888671875
3 0.24365234375 0.78857421875 0.037109375 0.0400390625
3 0.2802734375 0.78564453125 0.0390625 0.03515625
0 0.55419921875 0.94921875 0.013671875 0.015625
0 0.470703125 0.96875 0.0107421875 0.01171875
0 0.443359375 0.9326171875 0.0166015625 0.0166015625
0 0.5869140625 0.8447265625 0.01953125 0.017578125
0 0.55859375 0.85791015625 0.017578125 0.0126953125
0 0.5576171875 0.8828125 0.015625 0.0146484375