1 0.38720703125 0.37841796875 0.7744140625 0.3955078125
1 0.8994140625 0.5009765625 0.19921875 0.271484375
0 0.955078125 0.51806640625 0.017578125 0.0166015625
0 0.7099609375 0.46826171875 0.015625 0.0107421875
0 0.57421875 0.43603515625 0.01953125 0.0166015625
0 0.4306640625 0.40625 0.017578125 0.009765625
0 0.43115234375 0.48876953125 0.0263671875 0.0302734375
0 0.287109375 0.375 0.01953125 0.015625
0 0.294921875 0.45556640625 0.017578125 0.0302734375
0 0.14697265625 0.34423828125 0.0185546875 0.0146484375
0 0.00927734375 0.314453125 0.0126953125 0.0078125