1 0.32568359375 0.90087890625 0.4892578125 0.1982421875
3 0.27783203125 0.9619140625 0.0283203125 0.0390625
1 0.0791015625 0.66943359375 0.158203125 0.2275390625
1 0.01904296875 0.79248046875 0.0380859375 0.0908203125
1 0.60009765625 0.6005859375 0.16796875 0.1455078125
1 0.4794921875 0.564453125 0.1337890625 0.1650390625
1 0.50146484375 0.376953125 0.330078125 0.400390625
1 0.41259765625 0.5537109375 0.0654296875 0.10546875
1 0.39501953125 0.51123046875 0.09765625 0.0634765625
1 0.36279296875 0.35498046875 0.2685546875 0.3037109375
1 0.30126953125 0.33740234375 0.10546875 0.05859375
1 0.31982421875 0.380859375 0.0751953125 0.1083984375
1 0.3056640625 0.1201171875 0.2265625 0.240234375
1 0.2783203125 0.17626953125 0.068359375 0.109375
1 0.26123046875 0.1318359375 0.0966796875 0.0595703125
1 0.41455078125 0.1025390625 0.2255859375 0.205078125
0 0.408203125 0.0810546875 0.0283203125 0.025390625
0 0.4423828125 0.2861328125 0.029296875 0.0263671875
0 0.3505859375 0.01513671875 0.0126953125 0.01171875
0 0.48291015625 0.3837890625 0.0205078125 0.0107421875
0 0.53662109375 0.4501953125 0.0185546875 0.0166015625