1 0.8388671875 0.40673828125 0.2763671875 0.322265625
1 0.70166015625 0.4599609375 0.2236328125 0.298828125
1 0.556640625 0.47216796875 0.2265625 0.3125
1 0.44384765625 0.5224609375 0.2216796875 0.296875
1 0.296875 0.53857421875 0.2275390625 0.31640625
1 0.185546875 0.58251953125 0.224609375 0.294921875
3 0.8076171875 0.34619140625 0.046875 0.0498046875
3 0.84619140625 0.43505859375 0.0478515625 0.0498046875
3 0.68017578125 0.447265625 0.0283203125 0.0224609375
3 0.70947265625 0.51416015625 0.0283203125 0.021484375
3 0.421875 0.5126953125 0.0263671875 0.0234375
3 0.16259765625 0.57421875 0.0244140625 0.0205078125
0 0.359375 0.62060546875 0.0341796875 0.041015625
0 0.61767578125 0.5576171875 0.0322265625 0.0390625
0 0.876953125 0.49365234375 0.0302734375 0.037109375
0 0.74853515625 0.375 0.017578125 0.0185546875
0 0.11962890625 0.52685546875 0.0263671875 0.0185546875