1 0.34130859375 0.65478515625 0.6416015625 0.6416015625
1 0.43310546875 0.51708984375 0.0751953125 0.0771484375
3 0.43359375 0.66357421875 0.037109375 0.0400390625
3 0.38671875 0.646484375 0.033203125 0.03125
3 0.40087890625 0.56591796875 0.0419921875 0.0380859375
0 0.49462890625 0.6357421875 0.0126953125 0.013671875
0 0.4765625 0.56884765625 0.015625 0.0166015625
0 0.3779296875 0.591796875 0.025390625 0.029296875
0 0.35400390625 0.51025390625 0.0126953125 0.0126953125
0 0.30419921875 0.51123046875 0.0126953125 0.0126953125
0 0.30908203125 0.7177734375 0.0166015625 0.0234375
1 0.8525390625 0.1025390625 0.294921875 0.150390625
1 0.94140625 0.705078125 0.091796875 0.16796875