1 0.5048828125 0.5673828125 0.3212890625 0.2392578125
1 0.556640625 0.47265625 0.314453125 0.2353515625
1 0.6455078125 0.34375 0.2021484375 0.2421875
1 0.72412109375 0.3896484375 0.1826171875 0.228515625
1 0.7783203125 0.48583984375 0.18359375 0.1845703125
3 0.76708984375 0.4541015625 0.0322265625 0.0322265625
3 0.8173828125 0.4833984375 0.0302734375 0.0322265625
3 0.79052734375 0.529296875 0.033203125 0.0322265625
0 0.70263671875 0.4091796875 0.0185546875 0.017578125
0 0.67431640625 0.46044921875 0.017578125 0.01953125
0 0.59716796875 0.4501953125 0.0205078125 0.015625
0 0.5859375 0.4873046875 0.013671875 0.01171875
1 0.345703125 0.48291015625 0.140625 0.1494140625
1 0.40185546875 0.3798828125 0.1455078125 0.162109375