1 0.4189453125 0.3876953125 0.2353515625 0.1279296875
1 0.4306640625 0.45654296875 0.244140625 0.16015625
1 0.44189453125 0.55078125 0.24609375 0.17578125
1 0.65283203125 0.4033203125 0.2822265625 0.2099609375
1 0.65771484375 0.51708984375 0.2470703125 0.1669921875
0 0.45947265625 0.52294921875 0.0361328125 0.037109375
3 0.5888671875 0.4033203125 0.0302734375 0.0322265625
3 0.57470703125 0.5283203125 0.0322265625 0.0322265625
3 0.65234375 0.52099609375 0.03125 0.0302734375
3 0.681640625 0.39501953125 0.033203125 0.037109375
1 0.90283203125 0.73779296875 0.1630859375 0.1572265625
1 0.8603515625 0.84130859375 0.12890625 0.1171875
1 0.93701171875 0.853515625 0.068359375 0.1181640625
1 0.841796875 0.9296875 0.1171875 0.0947265625
1 0.9267578125 0.92578125 0.068359375 0.060546875
3 0.84423828125 0.8564453125 0.0263671875 0.0224609375
3 0.8369140625 0.95166015625 0.0244140625 0.017578125
1 0.3935546875 0.1201171875 0.2822265625 0.1806640625
1 0.5029296875 0.0419921875 0.0302734375 0.0517578125
1 0.37744140625 0.0517578125 0.2626953125 0.103515625
1 0.265625 0.07861328125 0.0302734375 0.052734375
0 0.404296875 0.0546875 0.025390625 0.0224609375