1 0.11669921875 0.75439453125 0.2333984375 0.0869140625
1 0.1220703125 0.67236328125 0.244140625 0.1005859375
1 0.3798828125 0.59716796875 0.28125 0.1630859375
1 0.373046875 0.4345703125 0.28515625 0.1875
1 0.623046875 0.4912109375 0.30859375 0.18359375
1 0.62646484375 0.646484375 0.3115234375 0.16015625
1 0.28759765625 0.8125 0.1298828125 0.134765625
1 0.77783203125 0.0859375 0.4365234375 0.169921875
3 0.30615234375 0.42919921875 0.0556640625 0.0283203125
0 0.3779296875 0.46484375 0.013671875 0.01171875
3 0.40478515625 0.423828125 0.0341796875 0.029296875
3 0.45556640625 0.4208984375 0.0283203125 0.02734375
3 0.5517578125 0.48095703125 0.048828125 0.0419921875
0 0.61474609375 0.5029296875 0.0224609375 0.015625
3 0.642578125 0.47900390625 0.04296875 0.0380859375
3 0.5224609375 0.63916015625 0.025390625 0.0224609375
3 0.583984375 0.63623046875 0.025390625 0.0244140625
3 0.6435546875 0.65576171875 0.02734375 0.0283203125
3 0.681640625 0.6533203125 0.03125 0.03125
3 0.7236328125 0.65234375 0.02734375 0.03125
3 0.421875 0.607421875 0.0390625 0.03515625
3 0.45556640625 0.6044921875 0.0302734375 0.03125
0 0.47509765625 0.466796875 0.0185546875 0.015625
3 0.70068359375 0.07861328125 0.0263671875 0.0244140625
3 0.80029296875 0.02392578125 0.0673828125 0.0224609375
0 0.73095703125 0.03125 0.0185546875 0.0234375
0 0.4501953125 0.53662109375 0.029296875 0.0166015625
0 0.5458984375 0.56494140625 0.013671875 0.0087890625
0 0.55029296875 0.62060546875 0.0107421875 0.0087890625