1 0.56298828125 0.55810546875 0.3681640625 0.4189453125
1 0.267578125 0.18359375 0.3916015625 0.3505859375
1 0.48095703125 0.13818359375 0.2431640625 0.2763671875
1 0.41845703125 0.9775390625 0.1396484375 0.044921875
1 0.50537109375 0.9599609375 0.1005859375 0.080078125
1 0.6142578125 0.93017578125 0.2265625 0.1396484375
3 0.35888671875 0.22314453125 0.029296875 0.0244140625
3 0.341796875 0.1787109375 0.029296875 0.0224609375
3 0.3193359375 0.11328125 0.0322265625 0.02734375
3 0.486328125 0.169921875 0.0244140625 0.0244140625
3 0.44287109375 0.1162109375 0.0341796875 0.029296875
3 0.44189453125 0.0625 0.033203125 0.0283203125
0 0.38427734375 0.10107421875 0.0361328125 0.0400390625
0 0.20068359375 0.11572265625 0.015625 0.0166015625
3 0.49267578125 0.623046875 0.03515625 0.033203125
3 0.470703125 0.56396484375 0.033203125 0.029296875
2 0.611328125 0.5244140625 0.107421875 0.2431640625
3 0.62109375 0.916015625 0.03125 0.033203125