1 0.12060546875 0.771484375 0.2041015625 0.2578125
1 0.15771484375 0.60595703125 0.3134765625 0.2060546875
1 0.25732421875 0.6875 0.2607421875 0.2216796875
1 0.1708984375 0.89013671875 0.263671875 0.2197265625
1 0.19287109375 0.95849609375 0.2685546875 0.0830078125
1 0.3515625 0.90625 0.1953125 0.1875
1 0.45458984375 0.89794921875 0.2333984375 0.2041015625
1 0.32958984375 0.80419921875 0.2626953125 0.2626953125
1 0.49853515625 0.73779296875 0.240234375 0.26171875
1 0.40625 0.58740234375 0.2529296875 0.2412109375
1 0.5390625 0.55615234375 0.158203125 0.21484375
1 0.68701171875 0.4658203125 0.345703125 0.310546875
1 0.62158203125 0.70751953125 0.166015625 0.2021484375
1 0.74462890625 0.685546875 0.267578125 0.318359375
1 0.82666015625 0.5693359375 0.2431640625 0.255859375
1 0.861328125 0.3173828125 0.2734375 0.3349609375
1 0.921875 0.49951171875 0.15625 0.2626953125
1 0.93896484375 0.240234375 0.0654296875 0.0771484375
1 0.94677734375 0.23486328125 0.05078125 0.0810546875
1 0.84423828125 0.2392578125 0.0576171875 0.0546875
1 0.80615234375 0.34326171875 0.0634765625 0.076171875
1 0.81640625 0.33544921875 0.0517578125 0.078125
1 0.71337890625 0.3935546875 0.052734375 0.0595703125
1 0.724609375 0.38671875 0.0439453125 0.0595703125
1 0.67041015625 0.42578125 0.0478515625 0.0615234375
1 0.65771484375 0.431640625 0.048828125 0.0576171875
1 0.61669921875 0.462890625 0.048828125 0.0673828125
1 0.6005859375 0.47021484375 0.048828125 0.0556640625
1 0.970703125 0.5537109375 0.05859375 0.087890625
1 0.9765625 0.54443359375 0.046875 0.0810546875
1 0.65673828125 0.7314453125 0.0751953125 0.087890625
1 0.63818359375 0.7421875 0.0498046875 0.1025390625
1 0.521484375 0.767578125 0.1201171875 0.107421875
1 0.4130859375 0.5517578125 0.0595703125 0.078125
1 0.42529296875 0.54638671875 0.048828125 0.08203125
0 0.919921875 0.37646484375 0.02734375 0.02734375
0 0.98388671875 0.41259765625 0.017578125 0.0205078125
0 0.94091796875 0.43408203125 0.0126953125 0.0146484375
3 0.89892578125 0.47705078125 0.0302734375 0.0302734375
0 0.92041015625 0.4765625 0.0126953125 0.0126953125
3 0.92919921875 0.521484375 0.03515625 0.037109375
3 0.91748046875 0.55322265625 0.02734375 0.029296875
3 0.87646484375 0.59423828125 0.0390625 0.04296875
3 0.78662109375 0.5576171875 0.03515625 0.0380859375
0 0.833984375 0.4931640625 0.0283203125 0.029296875
0 0.84814453125 0.49072265625 0.01171875 0.0087890625
0 0.82958984375 0.47265625 0.021484375 0.0205078125
3 0.7744140625 0.68212890625 0.0341796875 0.037109375
3 0.7275390625 0.7138671875 0.03515625 0.0341796875
3 0.71142578125 0.744140625 0.0185546875 0.0205078125
3 0.34912109375 0.5888671875 0.0390625 0.0390625
3 0.55615234375 0.49462890625 0.0185546875 0.0205078125
0 0.6982421875 0.50341796875 0.025390625 0.0234375
0 0.52197265625 0.56494140625 0.029296875 0.0439453125
0 0.55712890625 0.55078125 0.0263671875 0.044921875
1 0.49609375 0.51025390625 0.068359375 0.0888671875
1 0.5107421875 0.5048828125 0.05078125 0.08984375
0 0.447265625 0.70068359375 0.029296875 0.0341796875
0 0.599609375 0.56787109375 0.021484375 0.0234375
0 0.099609375 0.91162109375 0.0234375 0.025390625