1 0.52783203125 0.63232421875 0.3681640625 0.29296875
1 0.46435546875 0.48486328125 0.373046875 0.26953125
1 0.0986328125 0.681640625 0.1787109375 0.208984375
1 0.12548828125 0.728515625 0.166015625 0.125
1 0.07568359375 0.841796875 0.0830078125 0.1484375
0 0.068359375 0.79248046875 0.0302734375 0.0302734375
0 0.40869140625 0.486328125 0.0341796875 0.03515625
1 0.919921875 0.4453125 0.16015625 0.17578125
1 0.8857421875 0.3154296875 0.208984375 0.21484375
3 0.86474609375 0.32568359375 0.095703125 0.0966796875
3 0.87158203125 0.38037109375 0.025390625 0.03515625
1 0.859375 0.1962890625 0.1982421875 0.162109375
0 0.47216796875 0.60791015625 0.0205078125 0.0185546875
0 0.4853515625 0.54345703125 0.01953125 0.017578125