1 0.4306640625 0.28662109375 0.40234375 0.4404296875
1 0.2734375 0.3984375 0.341796875 0.46484375
1 0.48291015625 0.5400390625 0.1279296875 0.103515625
1 0.11181640625 0.82763671875 0.1220703125 0.1416015625
1 0.16650390625 0.89990234375 0.1826171875 0.1279296875
1 0.1259765625 0.8740234375 0.103515625 0.072265625
1 0.1748046875 0.98046875 0.083984375 0.0390625
1 0.10546875 0.958984375 0.0546875 0.08203125
1 0.63232421875 0.0283203125 0.0966796875 0.056640625
1 0.5400390625 0.03466796875 0.107421875 0.0693359375
1 0.23779296875 0.29833984375 0.1123046875 0.1337890625
3 0.46533203125 0.341796875 0.0283203125 0.029296875
3 0.29736328125 0.45556640625 0.0400390625 0.0380859375
3 0.232421875 0.36181640625 0.04296875 0.0439453125
0 0.39111328125 0.3193359375 0.0341796875 0.03515625
0 0.37060546875 0.33154296875 0.0224609375 0.0283203125
0 0.29833984375 0.28759765625 0.0224609375 0.0263671875