1 0.640625 0.7890625 0.1328125 0.1328125
1 0.64013671875 0.74365234375 0.1201171875 0.0732421875
1 0.755859375 0.78955078125 0.126953125 0.1396484375
1 0.7646484375 0.75244140625 0.115234375 0.0732421875
1 0.65283203125 0.611328125 0.1357421875 0.19140625
1 0.63916015625 0.67138671875 0.1123046875 0.0791015625
1 0.771484375 0.6220703125 0.13671875 0.16796875
1 0.77294921875 0.67578125 0.1298828125 0.08984375
1 0.44677734375 0.4931640625 0.2841796875 0.24609375
1 0.44189453125 0.66845703125 0.2919921875 0.1318359375
0 0.4765625 0.58837890625 0.03125 0.0283203125
0 0.57470703125 0.52587890625 0.0244140625 0.0322265625
1 0.3466796875 0.2119140625 0.23828125 0.142578125
1 0.39306640625 0.24560546875 0.0712890625 0.1064453125
1 0.50634765625 0.14111328125 0.1435546875 0.2822265625
1 0.451171875 0.2392578125 0.060546875 0.09375
1 0.3369140625 0.10302734375 0.23828125 0.1455078125
1 0.65478515625 0.13671875 0.2646484375 0.2734375
0 0.3603515625 0.080078125 0.05859375 0.03515625