1 0.38623046875 0.35107421875 0.4443359375 0.1494140625
1 0.3916015625 0.5244140625 0.447265625 0.208984375
1 0.93896484375 0.3642578125 0.1220703125 0.17578125
1 0.94140625 0.49853515625 0.1171875 0.1025390625
2 0.48583984375 0.46826171875 0.1572265625 0.0498046875
0 0.91455078125 0.4150390625 0.0224609375 0.025390625
3 0.5556640625 0.37158203125 0.0390625 0.0380859375
3 0.43212890625 0.3701171875 0.0283203125 0.033203125
3 0.33984375 0.3642578125 0.03125 0.03515625
3 0.33447265625 0.49951171875 0.0380859375 0.0380859375
0 0.38671875 0.32080078125 0.03515625 0.0185546875