1 0.58837890625 0.61865234375 0.3154296875 0.23828125
1 0.61328125 0.47216796875 0.318359375 0.1796875
1 0.69140625 0.3916015625 0.1552734375 0.1005859375
1 0.68359375 0.1875 0.294921875 0.1494140625
1 0.697265625 0.10693359375 0.302734375 0.1328125
1 0.7138671875 0.05224609375 0.2939453125 0.099609375
3 0.58935546875 0.18115234375 0.0341796875 0.033203125
3 0.6904296875 0.20166015625 0.0341796875 0.0341796875
0 0.556640625 0.19580078125 0.0205078125 0.0234375
0 0.63623046875 0.2041015625 0.0205078125 0.021484375
0 0.64208984375 0.4521484375 0.0234375 0.0263671875
0 0.50439453125 0.421875 0.015625 0.0166015625
0 0.544921875 0.6181640625 0.0146484375 0.0146484375