1 0.890625 0.33154296875 0.21875 0.3466796875
3 0.93310546875 0.33251953125 0.0283203125 0.0224609375
1 0.96533203125 0.4052734375 0.0693359375 0.23828125
0 0.9912109375 0.330078125 0.017578125 0.044921875
1 0.61181640625 0.19970703125 0.18359375 0.2470703125
1 0.69580078125 0.234375 0.17578125 0.24609375
1 0.4990234375 0.5078125 0.17578125 0.14453125
1 0.4619140625 0.57958984375 0.1806640625 0.15234375
1 0.12255859375 0.662109375 0.2451171875 0.32421875
1 0.2275390625 0.7421875 0.2666015625 0.333984375
0 0.248046875 0.83740234375 0.0322265625 0.02734375
0 0.203125 0.6982421875 0.0400390625 0.048828125
0 0.2353515625 0.61376953125 0.0185546875 0.0185546875
0 0.10693359375 0.6533203125 0.0302734375 0.0302734375