1 0.45703125 0.349609375 0.2568359375 0.2333984375
1 0.49072265625 0.47509765625 0.26171875 0.2080078125
1 0.46875 0.86328125 0.27734375 0.2734375
1 0.51806640625 0.97265625 0.1611328125 0.0546875
1 0.85888671875 0.5390625 0.1025390625 0.126953125
1 0.9072265625 0.52587890625 0.1005859375 0.1318359375
1 0.9501953125 0.5224609375 0.0830078125 0.1064453125
1 0.91259765625 0.7158203125 0.1162109375 0.11328125
1 0.9541015625 0.6865234375 0.0634765625 0.099609375
3 0.4248046875 0.35888671875 0.0478515625 0.0498046875
3 0.44873046875 0.4833984375 0.0498046875 0.048828125
0 0.478515625 0.404296875 0.0302734375 0.02734375
0 0.513671875 0.36572265625 0.021484375 0.017578125
0 0.53857421875 0.298828125 0.01953125 0.0166015625
0 0.47314453125 0.9609375 0.0322265625 0.0322265625