1 0.548828125 0.4638671875 0.2783203125 0.2333984375
2 0.55029296875 0.44482421875 0.2568359375 0.177734375
1 0.4833984375 0.57666015625 0.2685546875 0.2314453125
2 0.48486328125 0.59619140625 0.2392578125 0.1708984375
3 0.57177734375 0.52734375 0.044921875 0.044921875
0 0.53173828125 0.5068359375 0.0244140625 0.025390625
3 0.46826171875 0.5341796875 0.0400390625 0.041015625
1 0.1328125 0.18212890625 0.2119140625 0.205078125
1 0.07421875 0.15869140625 0.1484375 0.2587890625
1 0.06689453125 0.3466796875 0.1337890625 0.1953125
1 0.095703125 0.30712890625 0.1201171875 0.060546875
1 0.01904296875 0.2451171875 0.0380859375 0.083984375
0 0.05908203125 0.26416015625 0.0263671875 0.0283203125
1 0.3623046875 0.97216796875 0.1484375 0.0556640625
1 0.72265625 0.21826171875 0.1962890625 0.14453125
1 0.7236328125 0.27734375 0.2353515625 0.1748046875
1 0.74462890625 0.177734375 0.1953125 0.1455078125
1 0.8251953125 0.06884765625 0.20703125 0.1376953125
1 0.671875 0.041015625 0.205078125 0.08203125