1 0.5244140625 0.45361328125 0.1806640625 0.1376953125
1 0.4443359375 0.494140625 0.1220703125 0.2099609375
1 0.48193359375 0.580078125 0.1767578125 0.1220703125
1 0.5625 0.53076171875 0.1220703125 0.2041015625
1 0.61376953125 0.53466796875 0.1171875 0.2744140625
1 0.53076171875 0.38427734375 0.2451171875 0.1083984375
1 0.3935546875 0.48681640625 0.109375 0.28515625
1 0.43310546875 0.62841796875 0.0302734375 0.0263671875
1 0.5341796875 0.6455078125 0.0341796875 0.029296875
1 0.59716796875 0.6044921875 0.0263671875 0.0400390625
1 0.60791015625 0.53564453125 0.0283203125 0.033203125
1 0.61962890625 0.46337890625 0.0234375 0.0361328125
1 0.52001953125 0.48828125 0.01953125 0.01953125
1 0.40283203125 0.49755859375 0.029296875 0.0341796875
3 0.49853515625 0.388671875 0.0166015625 0.0244140625
0 0.46728515625 0.50146484375 0.025390625 0.0234375