1 0.56005859375 0.48193359375 0.3212890625 0.3740234375
1 0.45263671875 0.5810546875 0.3154296875 0.3671875
1 0.57080078125 0.47705078125 0.0986328125 0.1044921875
1 0.30126953125 0.40625 0.1162109375 0.115234375
1 0.35302734375 0.36181640625 0.1279296875 0.1279296875
0 0.33740234375 0.47021484375 0.0400390625 0.0400390625
1 0.20751953125 0.794921875 0.3173828125 0.3046875
1 0.310546875 0.88427734375 0.296875 0.1904296875
1 0.08837890625 0.7509765625 0.1142578125 0.107421875
1 0.8955078125 0.25341796875 0.208984375 0.2333984375
1 0.87744140625 0.18408203125 0.2451171875 0.2275390625
1 0.9189453125 0.32421875 0.162109375 0.185546875
1 0.943359375 0.3837890625 0.11328125 0.13671875
3 0.98486328125 0.314453125 0.0302734375 0.02734375
3 0.9404296875 0.19140625 0.037109375 0.03515625
3 0.13525390625 0.82373046875 0.0302734375 0.0361328125
3 0.173828125 0.78955078125 0.03125 0.0361328125
3 0.24169921875 0.73681640625 0.0322265625 0.0341796875
3 0.31640625 0.921875 0.04296875 0.0390625
0 0.392578125 0.8759765625 0.015625 0.013671875