1 0.70703125 0.484375 0.267578125 0.3232421875
1 0.55322265625 0.38671875 0.3173828125 0.388671875
3 0.5517578125 0.44140625 0.04296875 0.0380859375
1 0.76123046875 0.25732421875 0.37109375 0.4296875
3 0.57861328125 0.37255859375 0.0400390625 0.033203125
1 0.376953125 0.53955078125 0.31640625 0.4404296875
1 0.45068359375 0.3447265625 0.0908203125 0.1416015625
1 0.466796875 0.34912109375 0.09375 0.1455078125
3 0.44482421875 0.31640625 0.05859375 0.0849609375
3 0.39404296875 0.314453125 0.1201171875 0.140625
1 0.4970703125 0.63916015625 0.2451171875 0.3701171875
0 0.39111328125 0.529296875 0.01953125 0.0185546875
3 0.3798828125 0.5625 0.0244140625 0.0224609375
3 0.3603515625 0.60498046875 0.0234375 0.025390625
0 0.4365234375 0.47509765625 0.0224609375 0.0166015625
0 0.63427734375 0.35107421875 0.029296875 0.0322265625
0 0.560546875 0.3271484375 0.0205078125 0.017578125
0 0.830078125 0.3125 0.0322265625 0.029296875
0 0.4423828125 0.57958984375 0.013671875 0.0185546875
1 0.36328125 0.80224609375 0.2919921875 0.37109375
1 0.1982421875 0.7080078125 0.345703125 0.42578125
3 0.2294921875 0.708984375 0.037109375 0.037109375
3 0.365234375 0.87939453125 0.0390625 0.0361328125
3 0.43896484375 0.8212890625 0.0751953125 0.0927734375
1 0.41162109375 0.81689453125 0.05859375 0.0927734375
1 0.38623046875 0.8037109375 0.0791015625 0.1083984375
3 0.474609375 0.623046875 0.025390625 0.01953125
1 0.4521484375 0.654296875 0.0400390625 0.0400390625
0 0.44677734375 0.6640625 0.0244140625 0.021484375
3 0.27734375 0.44921875 0.0576171875 0.078125
3 0.2333984375 0.4287109375 0.1005859375 0.107421875
3 0.7958984375 0.2685546875 0.046875 0.037109375
3 0.6806640625 0.20458984375 0.04296875 0.0439453125
3 0.6240234375 0.25537109375 0.072265625 0.0908203125
3 0.86962890625 0.08349609375 0.037109375 0.0390625
3 0.07080078125 0.6318359375 0.087890625 0.1416015625
0 0.73876953125 0.39404296875 0.0322265625 0.0625
0 0.71240234375 0.3740234375 0.03125 0.0341796875
0 0.556640625 0.6220703125 0.021484375 0.0234375
0 0.52490234375 0.69482421875 0.017578125 0.0146484375
0 0.90380859375 0.28857421875 0.0361328125 0.029296875
0 0.876953125 0.34765625 0.02734375 0.0244140625
0 0.93701171875 0.28564453125 0.0322265625 0.025390625
0 0.34130859375 0.7119140625 0.025390625 0.037109375
0 0.29833984375 0.6845703125 0.044921875 0.0302734375
0 0.4140625 0.9296875 0.0263671875 0.029296875
0 0.2900390625 0.8603515625 0.0205078125 0.0185546875