1 0.607421875 0.42138671875 0.4833984375 0.7236328125
1 0.685546875 0.6181640625 0.3291015625 0.431640625
1 0.85693359375 0.3310546875 0.2861328125 0.353515625
1 0.6171875 0.6962890625 0.076171875 0.0361328125
1 0.6142578125 0.70703125 0.0712890625 0.046875
1 0.66796875 0.58349609375 0.08203125 0.03515625
1 0.66552734375 0.59375 0.0732421875 0.0478515625
1 0.71923828125 0.470703125 0.0849609375 0.037109375
1 0.716796875 0.4814453125 0.076171875 0.048828125
1 0.8076171875 0.37744140625 0.0791015625 0.0361328125
1 0.80517578125 0.384765625 0.0712890625 0.0478515625
1 0.85986328125 0.2626953125 0.0810546875 0.037109375
1 0.8564453125 0.27197265625 0.0732421875 0.048828125
3 0.5498046875 0.52783203125 0.0478515625 0.05859375
3 0.60302734375 0.4150390625 0.052734375 0.0625
3 0.6884765625 0.31982421875 0.0517578125 0.06640625
0 0.49560546875 0.70166015625 0.021484375 0.017578125
0 0.63330078125 0.78662109375 0.0185546875 0.0185546875
0 0.60888671875 0.6376953125 0.0185546875 0.0185546875
0 0.75634765625 0.40966796875 0.01953125 0.0146484375
0 0.60107421875 0.4755859375 0.015625 0.013671875
0 0.59423828125 0.4931640625 0.017578125 0.017578125
0 0.7314453125 0.27880859375 0.0166015625 0.015625
0 0.7841796875 0.1689453125 0.01953125 0.0185546875
0 0.80810546875 0.29833984375 0.01953125 0.0185546875