1 0.51123046875 0.61181640625 0.1708984375 0.1318359375
1 0.46875 0.62646484375 0.087890625 0.1572265625
1 0.54052734375 0.48876953125 0.3662109375 0.2900390625
2 0.49267578125 0.45751953125 0.2626953125 0.1943359375
1 0.478515625 0.4111328125 0.3125 0.193359375
2 0.59814453125 0.43017578125 0.0869140625 0.0810546875
2 0.64990234375 0.490234375 0.1318359375 0.12890625
3 0.42236328125 0.44921875 0.0322265625 0.03515625
0 0.54736328125 0.5478515625 0.0322265625 0.037109375
0 0.48193359375 0.36767578125 0.0263671875 0.0224609375
0 0.57080078125 0.5361328125 0.0419921875 0.033203125