1 0.47265625 0.822265625 0.2421875 0.2119140625
1 0.4736328125 0.685546875 0.2646484375 0.1943359375
1 0.33154296875 0.49072265625 0.32421875 0.2568359375
1 0.52978515625 0.48974609375 0.171875 0.2080078125
1 0.48291015625 0.59130859375 0.2470703125 0.1171875
1 0.2841796875 0.73828125 0.279296875 0.34765625
1 0.25244140625 0.70458984375 0.048828125 0.0869140625
1 0.2138671875 0.70751953125 0.06640625 0.0830078125
1 0.2294921875 0.66455078125 0.0927734375 0.0390625
1 0.73193359375 0.970703125 0.0888671875 0.05859375
1 0.8193359375 0.95703125 0.126953125 0.0859375
3 0.8271484375 0.99072265625 0.0390625 0.0185546875
0 0.4169921875 0.6748046875 0.0126953125 0.013671875
3 0.42529296875 0.65234375 0.037109375 0.0341796875
0 0.35986328125 0.52099609375 0.0146484375 0.0146484375
0 0.29296875 0.685546875 0.017578125 0.013671875
0 0.29833984375 0.75048828125 0.0224609375 0.0224609375
0 0.34423828125 0.796875 0.01953125 0.01953125
0 0.326171875 0.58349609375 0.0166015625 0.015625
0 0.35888671875 0.56494140625 0.017578125 0.0185546875
0 0.38623046875 0.61767578125 0.01953125 0.017578125
0 0.41796875 0.58349609375 0.0146484375 0.015625
0 0.3916015625 0.5478515625 0.015625 0.015625
0 0.42724609375 0.52880859375 0.01171875 0.0126953125
0 0.466796875 0.53369140625 0.0166015625 0.017578125
0 0.43408203125 0.701171875 0.0205078125 0.021484375
1 0.24462890625 0.0966796875 0.2685546875 0.193359375
1 0.14453125 0.13427734375 0.166015625 0.2685546875
2 0.22021484375 0.091796875 0.2177734375 0.18359375
2 0.154296875 0.1123046875 0.1337890625 0.2021484375
3 0.08251953125 0.17529296875 0.0244140625 0.041015625