1 0.49560546875 0.56689453125 0.29296875 0.1591796875
1 0.48876953125 0.42333984375 0.2939453125 0.197265625
1 0.12158203125 0.58935546875 0.2412109375 0.1533203125
1 0.11572265625 0.443359375 0.2314453125 0.189453125
3 0.6005859375 0.59765625 0.0166015625 0.015625
3 0.48583984375 0.57763671875 0.0400390625 0.0302734375
3 0.103515625 0.59765625 0.044921875 0.0283203125
3 0.13037109375 0.42333984375 0.0234375 0.025390625
3 0.091796875 0.42578125 0.0234375 0.02734375
3 0.46044921875 0.52197265625 0.015625 0.0166015625
0 0.19970703125 0.5859375 0.0146484375 0.0126953125