1 0.4921875 0.337890625 0.6328125 0.31640625
0 0.7294921875 0.44482421875 0.013671875 0.0126953125
0 0.65234375 0.345703125 0.01171875 0.009765625
0 0.59619140625 0.40771484375 0.0166015625 0.0146484375
0 0.5419921875 0.38720703125 0.013671875 0.0146484375
0 0.51025390625 0.29736328125 0.0185546875 0.0146484375
0 0.3505859375 0.375 0.01171875 0.01171875
0 0.4091796875 0.451171875 0.013671875 0.013671875
0 0.25732421875 0.44287109375 0.0166015625 0.0146484375
1 0.90966796875 0.9140625 0.1806640625 0.080078125
3 0.9970703125 0.92138671875 0.005859375 0.0126953125
3 0.8876953125 0.935546875 0.01953125 0.01953125