1 0.19970703125 0.20751953125 0.3994140625 0.4150390625
1 0.1611328125 0.32861328125 0.322265625 0.3818359375
1 0.69970703125 0.72265625 0.6005859375 0.5546875
1 0.73779296875 0.6279296875 0.5244140625 0.541015625
3 0.86962890625 0.908203125 0.0439453125 0.04296875
3 0.76513671875 0.8212890625 0.0283203125 0.029296875
3 0.69677734375 0.759765625 0.0400390625 0.04296875
3 0.6669921875 0.73974609375 0.029296875 0.0283203125
3 0.9833984375 0.76904296875 0.033203125 0.0380859375
3 0.88623046875 0.681640625 0.0263671875 0.025390625
3 0.78662109375 0.59716796875 0.0263671875 0.0263671875
3 0.6875 0.513671875 0.02734375 0.025390625
3 0.59423828125 0.43359375 0.0478515625 0.04296875
3 0.3193359375 0.3046875 0.04296875 0.044921875
3 0.22021484375 0.2158203125 0.0439453125 0.044921875
3 0.1162109375 0.13232421875 0.041015625 0.0341796875
3 0.02099609375 0.05078125 0.0400390625 0.0390625
3 0.02734375 0.201171875 0.03515625 0.03515625
3 0.01318359375 0.2822265625 0.0263671875 0.033203125
3 0.11328125 0.37060546875 0.046875 0.0439453125
3 0.20068359375 0.44287109375 0.0439453125 0.0419921875
0 0.23828125 0.4736328125 0.02734375 0.021484375
0 0.1015625 0.3017578125 0.021484375 0.03125
0 0.142578125 0.2197265625 0.017578125 0.01953125
0 0.72705078125 0.6123046875 0.0146484375 0.015625
0 0.92431640625 0.7841796875 0.0126953125 0.009765625
3 0.5703125 0.65625 0.02734375 0.02734375
3 0.49560546875 0.583984375 0.0478515625 0.046875
0 0.78515625 0.74609375 0.033203125 0.033203125