1 0.3427734375 0.42724609375 0.685546875 0.7060546875
1 0.5673828125 0.328125 0.865234375 0.65625
0 0.5009765625 0.64599609375 0.0185546875 0.0185546875
0 0.486328125 0.59423828125 0.0146484375 0.0185546875
0 0.412109375 0.60107421875 0.0263671875 0.03125
0 0.38916015625 0.52783203125 0.01953125 0.01953125
0 0.44384765625 0.6318359375 0.029296875 0.037109375
0 0.3720703125 0.4736328125 0.021484375 0.0224609375
0 0.3369140625 0.43603515625 0.0224609375 0.0234375
0 0.275390625 0.408203125 0.0205078125 0.0205078125
0 0.22314453125 0.31787109375 0.0205078125 0.0205078125
0 0.166015625 0.2880859375 0.0224609375 0.0224609375
0 0.11083984375 0.2001953125 0.021484375 0.0244140625
0 0.05712890625 0.1728515625 0.01953125 0.01953125
0 0.890625 0.51611328125 0.017578125 0.0205078125
0 0.82666015625 0.4990234375 0.0205078125 0.0234375
0 0.779296875 0.3955078125 0.0166015625 0.0146484375
0 0.71630859375 0.3818359375 0.0205078125 0.0205078125
0 0.6669921875 0.2763671875 0.0224609375 0.0224609375
0 0.6044921875 0.2626953125 0.021484375 0.021484375
0 0.56298828125 0.2236328125 0.0185546875 0.0185546875
0 0.5556640625 0.1572265625 0.015625 0.0244140625
0 0.45361328125 0.103515625 0.0224609375 0.01953125
0 0.4423828125 0.041015625 0.0205078125 0.0205078125