1 0.47705078125 0.6298828125 0.3447265625 0.431640625
1 0.39208984375 0.56689453125 0.3310546875 0.4130859375
0 0.43603515625 0.515625 0.0107421875 0.01171875
1 0.1416015625 0.84228515625 0.283203125 0.3154296875
1 0.2431640625 0.8759765625 0.2734375 0.248046875
0 0.0810546875 0.966796875 0.013671875 0.013671875
0 0.162109375 0.84765625 0.009765625 0.01171875
0 0.08349609375 0.9208984375 0.0107421875 0.009765625
0 0.35400390625 0.6337890625 0.0126953125 0.013671875
0 0.3603515625 0.58740234375 0.013671875 0.0126953125
0 0.3037109375 0.759765625 0.02734375 0.029296875
1 0.8603515625 0.1240234375 0.279296875 0.248046875
1 0.72265625 0.08251953125 0.232421875 0.1650390625
1 0.73828125 0.03271484375 0.1015625 0.0654296875
1 0.70263671875 0.3828125 0.1201171875 0.115234375
1 0.7421875 0.32861328125 0.1171875 0.1083984375