1 0.64013671875 0.43701171875 0.3232421875 0.2568359375
1 0.66748046875 0.43359375 0.1220703125 0.10546875
1 0.63427734375 0.41748046875 0.0693359375 0.1357421875
1 0.57177734375 0.546875 0.2978515625 0.25390625
1 0.54443359375 0.55029296875 0.1083984375 0.1025390625
1 0.576171875 0.564453125 0.083984375 0.134765625
3 0.5888671875 0.3857421875 0.037109375 0.04296875
3 0.53125 0.47802734375 0.029296875 0.0361328125
3 0.49853515625 0.521484375 0.0419921875 0.04296875
0 0.5283203125 0.51416015625 0.009765625 0.0107421875
3 0.62890625 0.59716796875 0.033203125 0.0380859375
3 0.65185546875 0.55029296875 0.0283203125 0.0341796875
0 0.57177734375 0.607421875 0.0205078125 0.017578125
2 0.69775390625 0.50341796875 0.1044921875 0.0810546875
1 0.41357421875 0.59619140625 0.1513671875 0.1669921875
1 0.47998046875 0.63720703125 0.1103515625 0.1376953125
3 0.4091796875 0.61572265625 0.033203125 0.0341796875
3 0.46728515625 0.65380859375 0.0400390625 0.0322265625
0 0.60009765625 0.5078125 0.0244140625 0.01953125
3 0.71435546875 0.45703125 0.0380859375 0.03515625