1 0.62939453125 0.494140625 0.525390625 0.5341796875
1 0.43359375 0.8056640625 0.515625 0.388671875
3 0.57470703125 0.46484375 0.0419921875 0.04296875
3 0.52783203125 0.42822265625 0.0283203125 0.0302734375
3 0.37890625 0.85009765625 0.044921875 0.0458984375
3 0.3359375 0.814453125 0.029296875 0.0283203125
0 0.30615234375 0.85693359375 0.0224609375 0.0244140625
0 0.369140625 0.95947265625 0.0283203125 0.03125
0 0.48193359375 0.80224609375 0.025390625 0.0283203125
0 0.369140625 0.7734375 0.0244140625 0.0234375
0 0.5703125 0.568359375 0.02734375 0.029296875
0 0.501953125 0.47265625 0.02734375 0.029296875
0 0.55810546875 0.3857421875 0.0244140625 0.0283203125
0 0.67041015625 0.41357421875 0.0234375 0.0263671875