1 0.6123046875 0.39697265625 0.263671875 0.193359375
1 0.41259765625 0.62353515625 0.259765625 0.181640625
3 0.4228515625 0.58837890625 0.048828125 0.0458984375
1 0.30810546875 0.73876953125 0.255859375 0.1826171875
3 0.30078125 0.6962890625 0.025390625 0.0166015625
0 0.59765625 0.4140625 0.052734375 0.0244140625
0 0.62939453125 0.45166015625 0.0283203125 0.0234375
3 0.59423828125 0.34423828125 0.0185546875 0.0146484375
1 0.515625 0.5107421875 0.2578125 0.1796875
0 0.49658203125 0.52685546875 0.0458984375 0.0205078125
0 0.52978515625 0.56396484375 0.0244140625 0.017578125
0 0.42626953125 0.45166015625 0.025390625 0.025390625
0 0.39208984375 0.63818359375 0.0498046875 0.0205078125
0 0.42626953125 0.67529296875 0.0263671875 0.021484375
0 0.34423828125 0.6650390625 0.02734375 0.025390625
0 0.2900390625 0.74951171875 0.0498046875 0.0234375
0 0.32177734375 0.78857421875 0.025390625 0.0205078125
3 0.234375 0.689453125 0.02734375 0.0185546875