1 0.49755859375 0.43212890625 0.2880859375 0.150390625
1 0.48583984375 0.576171875 0.2919921875 0.1875
1 0.12255859375 0.39697265625 0.2412109375 0.1474609375
1 0.1162109375 0.54296875 0.232421875 0.189453125
3 0.60302734375 0.40673828125 0.0166015625 0.015625
3 0.48876953125 0.42138671875 0.0400390625 0.0302734375
3 0.107421875 0.388671875 0.0439453125 0.0263671875
3 0.12744140625 0.564453125 0.0244140625 0.025390625
3 0.08935546875 0.5595703125 0.0224609375 0.0283203125
3 0.46142578125 0.47705078125 0.015625 0.0166015625
0 0.20263671875 0.4033203125 0.0146484375 0.0126953125