1 0.3955078125 0.62939453125 0.1982421875 0.19921875
1 0.72119140625 0.55224609375 0.4697265625 0.2724609375
1 0.44921875 0.6416015625 0.18359375 0.203125
1 0.58935546875 0.6494140625 0.220703125 0.1884765625
3 0.70263671875 0.59765625 0.0361328125 0.029296875
3 0.638671875 0.6064453125 0.017578125 0.017578125
3 0.8896484375 0.5712890625 0.01953125 0.01953125
1 0.75439453125 0.34619140625 0.3310546875 0.28125
1 0.52783203125 0.41357421875 0.220703125 0.2001953125
1 0.5634765625 0.43212890625 0.0478515625 0.091796875
1 0.5908203125 0.42919921875 0.060546875 0.0966796875
1 0.53955078125 0.50390625 0.1962890625 0.126953125
1 0.50537109375 0.44189453125 0.0458984375 0.0908203125
1 0.4736328125 0.447265625 0.0546875 0.091796875
1 0.36962890625 0.4375 0.1748046875 0.173828125
1 0.39599609375 0.4599609375 0.080078125 0.1005859375
1 0.77197265625 0.4609375 0.30078125 0.17578125
1 0.3828125 0.5380859375 0.1748046875 0.1103515625
3 0.59423828125 0.48681640625 0.0205078125 0.025390625
3 0.50634765625 0.50048828125 0.017578125 0.0244140625
1 0.25146484375 0.22119140625 0.3134765625 0.2763671875
0 0.677734375 0.5625 0.0263671875 0.021484375
0 0.65185546875 0.3642578125 0.0166015625 0.015625
0 0.77392578125 0.396484375 0.0146484375 0.01953125
3 0.28076171875 0.2158203125 0.0341796875 0.0400390625