1 0.33447265625 0.5537109375 0.3369140625 0.208984375
1 0.3623046875 0.49267578125 0.37109375 0.2548828125
1 0.41357421875 0.40673828125 0.3896484375 0.2724609375
1 0.45654296875 0.353515625 0.3583984375 0.2158203125
2 0.4072265625 0.4169921875 0.1806640625 0.1181640625
2 0.2880859375 0.44482421875 0.091796875 0.078125
2 0.44140625 0.53125 0.091796875 0.0791015625
0 0.2255859375 0.4853515625 0.0234375 0.0244140625
0 0.31201171875 0.53369140625 0.03125 0.02734375
0 0.361328125 0.5625 0.03125 0.03125
0 0.44384765625 0.60888671875 0.029296875 0.0283203125
0 0.38818359375 0.4853515625 0.0361328125 0.0419921875
0 0.3544921875 0.46875 0.0341796875 0.041015625
0 0.34375 0.52783203125 0.033203125 0.0263671875