1 0.34716796875 0.5009765625 0.388671875 0.673828125
1 0.56787109375 0.72998046875 0.142578125 0.1083984375
1 0.40771484375 0.29150390625 0.2138671875 0.30859375
1 0.71240234375 0.58740234375 0.421875 0.408203125
1 0.5341796875 0.57275390625 0.2021484375 0.296875
1 0.6171875 0.822265625 0.1728515625 0.173828125
1 0.7119140625 0.75927734375 0.126953125 0.138671875
3 0.7099609375 0.7744140625 0.0263671875 0.025390625
3 0.6943359375 0.73974609375 0.025390625 0.0234375
3 0.75048828125 0.64501953125 0.0224609375 0.01953125
3 0.591796875 0.5849609375 0.0244140625 0.0205078125
0 0.5517578125 0.6591796875 0.0234375 0.0341796875
3 0.61572265625 0.6376953125 0.025390625 0.0244140625
1 0.5302734375 0.24609375 0.2822265625 0.33203125
1 0.701171875 0.5107421875 0.0966796875 0.0654296875
1 0.689453125 0.48486328125 0.0810546875 0.06640625
3 0.73583984375 0.57568359375 0.021484375 0.0185546875
0 0.61328125 0.28271484375 0.01953125 0.021484375
0 0.525390625 0.5478515625 0.0234375 0.0205078125
0 0.75927734375 0.6015625 0.017578125 0.0166015625