1 0.37890625 0.59375 0.20703125 0.283203125
1 0.63134765625 0.43359375 0.197265625 0.2724609375
3 0.60205078125 0.4404296875 0.048828125 0.0537109375
1 0.76416015625 0.35009765625 0.205078125 0.2734375
3 0.72802734375 0.337890625 0.0185546875 0.0263671875
0 0.3974609375 0.58154296875 0.0302734375 0.0556640625
0 0.43017578125 0.62060546875 0.0244140625 0.0283203125
3 0.32958984375 0.5673828125 0.0166015625 0.0185546875
1 0.50341796875 0.515625 0.201171875 0.26953125
0 0.5263671875 0.50146484375 0.0244140625 0.046875
0 0.55859375 0.541015625 0.01953125 0.025390625
0 0.4658203125 0.41943359375 0.02734375 0.02734375
0 0.6552734375 0.41845703125 0.0263671875 0.048828125
0 0.68603515625 0.4580078125 0.0244140625 0.02734375
0 0.689453125 0.37451171875 0.0263671875 0.02734375
0 0.78271484375 0.33740234375 0.02734375 0.0517578125
0 0.8134765625 0.375 0.021484375 0.02734375
3 0.73193359375 0.271484375 0.01953125 0.0283203125