1 0.541015625 0.58935546875 0.359375 0.2236328125
1 0.48828125 0.43359375 0.3828125 0.302734375
3 0.55810546875 0.47314453125 0.0400390625 0.0380859375
3 0.46240234375 0.46142578125 0.0244140625 0.0302734375
3 0.404296875 0.5087890625 0.0234375 0.029296875
1 0.53662109375 0.5859375 0.1376953125 0.12890625
3 0.4482421875 0.6318359375 0.021484375 0.0234375
1 0.5400390625 0.59375 0.080078125 0.078125
0 0.6611328125 0.58203125 0.025390625 0.02734375
3 0.64599609375 0.599609375 0.0126953125 0.017578125
0 0.6083984375 0.54443359375 0.021484375 0.0302734375
0 0.39501953125 0.5869140625 0.0224609375 0.021484375
1 0.80712890625 0.77197265625 0.3271484375 0.2666015625
1 0.873046875 0.890625 0.25390625 0.21875
1 0.72509765625 0.93505859375 0.0751953125 0.0966796875
1 0.978515625 0.7490234375 0.04296875 0.0859375
1 0.36865234375 0.1357421875 0.2646484375 0.271484375
1 0.529296875 0.09130859375 0.23046875 0.1826171875
1 0.552734375 0.05712890625 0.173828125 0.1142578125
1 0.52685546875 0.0283203125 0.1181640625 0.056640625
3 0.3583984375 0.033203125 0.0390625 0.0390625
0 0.4033203125 0.01123046875 0.03515625 0.0224609375
0 0.3251953125 0.13427734375 0.013671875 0.0126953125
0 0.49560546875 0.07275390625 0.0244140625 0.0224609375
0 0.3134765625 0.02587890625 0.013671875 0.0166015625
3 0.80712890625 0.7861328125 0.0302734375 0.033203125
3 0.919921875 0.8984375 0.03125 0.03515625
3 0.8935546875 0.92822265625 0.02734375 0.0283203125
3 0.8583984375 0.935546875 0.029296875 0.029296875
3 0.71044921875 0.822265625 0.0126953125 0.013671875