1 0.66748046875 0.5078125 0.1748046875 0.251953125
1 0.52783203125 0.48974609375 0.1865234375 0.2119140625
1 0.6953125 0.45703125 0.14453125 0.15234375
1 0.53857421875 0.416015625 0.1689453125 0.123046875
1 0.6376953125 0.30908203125 0.29296875 0.2001953125
0 0.525390625 0.28662109375 0.01953125 0.0283203125
0 0.73974609375 0.3291015625 0.0224609375 0.025390625
0 0.51416015625 0.4130859375 0.0146484375 0.01953125
1 0.9658203125 0.5810546875 0.068359375 0.138671875
1 0.95361328125 0.65185546875 0.0927734375 0.1826171875
1 0.927734375 0.80859375 0.14453125 0.185546875