1 0.53125 0.47216796875 0.3447265625 0.5263671875
1 0.60205078125 0.45361328125 0.2998046875 0.201171875
1 0.56982421875 0.33154296875 0.283203125 0.2158203125
1 0.31103515625 0.5263671875 0.3251953125 0.4794921875
1 0.5263671875 0.8671875 0.193359375 0.265625
3 0.5654296875 0.9140625 0.0361328125 0.037109375
3 0.58837890625 0.984375 0.029296875 0.01953125
1 0.8251953125 0.82470703125 0.3271484375 0.16796875
3 0.8125 0.7861328125 0.0380859375 0.041015625
1 0.39990234375 0.87646484375 0.1982421875 0.2470703125
1 0.4365234375 0.97607421875 0.1171875 0.0478515625
3 0.40185546875 0.95849609375 0.0390625 0.0380859375
1 0.98291015625 0.77685546875 0.0341796875 0.1318359375