1 0.375 0.35791015625 0.1201171875 0.1376953125
1 0.4140625 0.48193359375 0.2431640625 0.31640625
1 0.5390625 0.53515625 0.23828125 0.3076171875
2 0.4140625 0.48681640625 0.2216796875 0.283203125
3 0.53564453125 0.56787109375 0.037109375 0.0400390625
0 0.515625 0.51806640625 0.0244140625 0.0234375
1 0.400390625 0.4580078125 0.0615234375 0.0732421875
1 0.3896484375 0.48681640625 0.080078125 0.044921875
1 0.16162109375 0.8603515625 0.2197265625 0.279296875
1 0.27392578125 0.884765625 0.2138671875 0.23046875
1 0.10302734375 0.81640625 0.14453125 0.2421875