1 0.5517578125 0.4755859375 0.2578125 0.32421875
1 0.3984375 0.60888671875 0.240234375 0.3193359375
1 0.56689453125 0.6708984375 0.1201171875 0.10546875
1 0.38818359375 0.42138671875 0.1201171875 0.1044921875
3 0.44384765625 0.6640625 0.0400390625 0.044921875
3 0.35498046875 0.53076171875 0.0380859375 0.0458984375
3 0.3994140625 0.59765625 0.0390625 0.046875
3 0.5283203125 0.4150390625 0.046875 0.044921875
3 0.560546875 0.49169921875 0.033203125 0.0283203125
3 0.4384765625 0.544921875 0.025390625 0.02734375
0 0.41796875 0.53662109375 0.0234375 0.0283203125