1 0.478515625 0.50439453125 0.1728515625 0.3056640625
1 0.56201171875 0.478515625 0.1435546875 0.267578125
1 0.62939453125 0.46044921875 0.1416015625 0.2890625
1 0.69921875 0.4384765625 0.1455078125 0.2705078125
1 0.7685546875 0.419921875 0.14453125 0.291015625
1 0.83544921875 0.3994140625 0.1455078125 0.271484375
1 0.90478515625 0.37939453125 0.138671875 0.291015625
1 0.9501953125 0.36181640625 0.099609375 0.2744140625
3 0.478515625 0.5322265625 0.0283203125 0.025390625
3 0.5849609375 0.50048828125 0.017578125 0.017578125
3 0.6259765625 0.505859375 0.0234375 0.0224609375
3 0.7578125 0.451171875 0.029296875 0.025390625
3 0.85791015625 0.42236328125 0.021484375 0.021484375
3 0.90185546875 0.42919921875 0.0283203125 0.02734375
3 0.994140625 0.3837890625 0.0078125 0.01953125
3 0.9287109375 0.36474609375 0.0185546875 0.017578125
3 0.80322265625 0.45556640625 0.017578125 0.017578125