1 0.56591796875 0.63427734375 0.3662109375 0.2724609375
1 0.623046875 0.5185546875 0.373046875 0.283203125
1 0.9404296875 0.84619140625 0.08203125 0.1416015625
1 0.97216796875 0.75341796875 0.0283203125 0.0693359375
1 0.03759765625 0.57861328125 0.0751953125 0.1572265625
1 0.05322265625 0.48193359375 0.1064453125 0.1064453125
1 0.07958984375 0.3916015625 0.1513671875 0.16796875
1 0.13720703125 0.0703125 0.1845703125 0.140625
1 0.06201171875 0.0771484375 0.0751953125 0.154296875
3 0.14892578125 0.00927734375 0.0400390625 0.0185546875
0 0.09716796875 0.015625 0.0322265625 0.03125
1 0.6962890625 0.02880859375 0.103515625 0.0400390625
1 0.810546875 0.056640625 0.146484375 0.080078125
0 0.6826171875 0.6083984375 0.025390625 0.029296875
0 0.517578125 0.51904296875 0.03125 0.0322265625