1 0.93359375 0.15771484375 0.1015625 0.3154296875
1 0.96337890625 0.20458984375 0.021484375 0.0234375
1 0.3857421875 0.13525390625 0.251953125 0.1025390625
1 0.39208984375 0.18603515625 0.25 0.080078125
1 0.4013671875 0.24267578125 0.251953125 0.1083984375
1 0.408203125 0.3046875 0.2490234375 0.0908203125
1 0.41748046875 0.3603515625 0.2548828125 0.09765625
1 0.4248046875 0.4140625 0.2529296875 0.0869140625
1 0.4326171875 0.47509765625 0.25 0.0908203125
1 0.44091796875 0.53662109375 0.2578125 0.109375
3 0.46728515625 0.54833984375 0.0205078125 0.0205078125
3 0.4423828125 0.55224609375 0.025390625 0.01953125
3 0.4130859375 0.45849609375 0.029296875 0.02734375
3 0.45947265625 0.4521484375 0.0283203125 0.0185546875
3 0.4404296875 0.33935546875 0.0205078125 0.025390625
3 0.412109375 0.32958984375 0.0244140625 0.0205078125
3 0.39453125 0.21826171875 0.0322265625 0.0244140625
3 0.361328125 0.1513671875 0.0419921875 0.0263671875
3 0.40966796875 0.1162109375 0.01953125 0.01953125
1 0.974609375 0.62109375 0.05078125 0.326171875
1 0.52001953125 0.94775390625 0.3037109375 0.1044921875
1 0.52587890625 0.97802734375 0.2958984375 0.0439453125
1 0.4873046875 0.89501953125 0.251953125 0.076171875
1 0.4814453125 0.83984375 0.25390625 0.107421875
1 0.47314453125 0.78466796875 0.25 0.076171875
1 0.46728515625 0.734375 0.2509765625 0.09765625
3 0.37646484375 0.72998046875 0.01953125 0.0166015625
0 0.44482421875 0.724609375 0.0283203125 0.029296875
3 0.49072265625 0.7138671875 0.0234375 0.0146484375
3 0.55029296875 0.70458984375 0.0224609375 0.015625
3 0.50244140625 0.82470703125 0.017578125 0.015625
3 0.44677734375 0.966796875 0.041015625 0.02734375
3 0.52099609375 0.93505859375 0.0224609375 0.0224609375
3 0.53515625 0.91748046875 0.015625 0.0146484375