1 0.42529296875 0.52685546875 0.2978515625 0.2275390625
1 0.46728515625 0.591796875 0.2919921875 0.21875
1 0.58203125 0.47119140625 0.107421875 0.1416015625
0 0.44921875 0.54833984375 0.0234375 0.0146484375
1 0.2431640625 0.2470703125 0.333984375 0.32421875
1 0.10009765625 0.39306640625 0.2001953125 0.3564453125
1 0.12451171875 0.49560546875 0.0927734375 0.0986328125
1 0.7919921875 0.28173828125 0.232421875 0.3173828125
1 0.91845703125 0.3603515625 0.1455078125 0.162109375
1 0.7939453125 0.08935546875 0.240234375 0.1787109375
1 0.92041015625 0.1455078125 0.1279296875 0.291015625
1 0.37939453125 0.904296875 0.2255859375 0.19140625
3 0.93359375 0.32470703125 0.041015625 0.0458984375
3 0.814453125 0.208984375 0.033203125 0.02734375
0 0.86328125 0.28466796875 0.0234375 0.0263671875
0 0.90771484375 0.345703125 0.0166015625 0.01953125
0 0.2578125 0.32958984375 0.021484375 0.0185546875
3 0.92138671875 0.19482421875 0.1181640625 0.1552734375