1 0.638671875 0.42626953125 0.2705078125 0.1591796875
1 0.56396484375 0.509765625 0.287109375 0.353515625
1 0.60693359375 0.52294921875 0.1953125 0.2314453125
1 0.7041015625 0.51123046875 0.095703125 0.109375
1 0.556640625 0.330078125 0.11328125 0.0947265625
1 0.4296875 0.62158203125 0.1103515625 0.0927734375
1 0.42041015625 0.443359375 0.275390625 0.349609375
1 0.4013671875 0.447265625 0.056640625 0.0751953125
1 0.4208984375 0.482421875 0.080078125 0.048828125
1 0.4365234375 0.439453125 0.04296875 0.0693359375
3 0.39111328125 0.52685546875 0.033203125 0.0322265625
3 0.43994140625 0.40380859375 0.03515625 0.03125
0 0.43896484375 0.61328125 0.0205078125 0.0234375
3 0.5341796875 0.59814453125 0.0361328125 0.0341796875
0 0.58642578125 0.49951171875 0.021484375 0.02734375
0 0.576171875 0.33984375 0.0244140625 0.0234375