1 0.421875 0.46875 0.310546875 0.3828125
1 0.59765625 0.529296875 0.2421875 0.376953125
1 0.65380859375 0.16455078125 0.2099609375 0.3291015625
1 0.5 0.142578125 0.236328125 0.28515625
1 0.82470703125 0.07861328125 0.1298828125 0.1572265625
1 0.9306640625 0.09716796875 0.138671875 0.1767578125
0 0.896484375 0.060546875 0.01953125 0.0234375
0 0.6728515625 0.17236328125 0.025390625 0.0244140625
0 0.56884765625 0.1396484375 0.0205078125 0.0234375
0 0.634765625 0.14794921875 0.017578125 0.0126953125
0 0.4501953125 0.33837890625 0.01171875 0.0166015625
3 0.4716796875 0.341796875 0.02734375 0.021484375
3 0.43310546875 0.44970703125 0.0537109375 0.0576171875
3 0.3994140625 0.55322265625 0.044921875 0.0439453125
3 0.603515625 0.619140625 0.046875 0.052734375
1 0.6181640625 0.54443359375 0.07421875 0.0537109375
1 0.6201171875 0.52099609375 0.078125 0.0302734375
0 0.45068359375 0.50830078125 0.0361328125 0.0205078125
0 0.533203125 0.5302734375 0.03125 0.029296875
1 0.81298828125 0.296875 0.0732421875 0.177734375
1 0.76416015625 0.29052734375 0.0927734375 0.1630859375
1 0.953125 0.24072265625 0.072265625 0.1201171875
1 0.8486328125 0.2197265625 0.177734375 0.154296875
1 0.904296875 0.2275390625 0.0625 0.091796875
1 0.90185546875 0.310546875 0.0634765625 0.076171875
1 0.88720703125 0.30517578125 0.0595703125 0.0634765625
1 0.88623046875 0.279296875 0.0576171875 0.029296875
1 0.94921875 0.31298828125 0.064453125 0.0771484375
1 0.96826171875 0.2158203125 0.0615234375 0.083984375
3 0.81494140625 0.27587890625 0.0341796875 0.0361328125
3 0.77783203125 0.27099609375 0.0361328125 0.0322265625
0 0.54833984375 0.04931640625 0.0107421875 0.0126953125
0 0.63427734375 0.04931640625 0.0087890625 0.0107421875
0 0.65234375 0.09130859375 0.013671875 0.0146484375
0 0.4931640625 0.14453125 0.017578125 0.013671875
0 0.52392578125 0.1376953125 0.0146484375 0.009765625
0 0.52978515625 0.1142578125 0.0126953125 0.01171875