1 0.58837890625 0.54833984375 0.8232421875 0.8349609375
3 0.8037109375 0.486328125 0.072265625 0.068359375
3 0.7490234375 0.51904296875 0.052734375 0.0498046875
3 0.67578125 0.60107421875 0.068359375 0.0693359375
3 0.6318359375 0.642578125 0.068359375 0.072265625
3 0.54248046875 0.7041015625 0.0537109375 0.05078125
3 0.5 0.7578125 0.0703125 0.072265625
3 0.341796875 0.67578125 0.029296875 0.03125
0 0.38427734375 0.66650390625 0.0341796875 0.0341796875
3 0.400390625 0.6240234375 0.0546875 0.0546875
3 0.431640625 0.5947265625 0.0546875 0.056640625
3 0.46630859375 0.6328125 0.0380859375 0.041015625
3 0.47802734375 0.5498046875 0.0283203125 0.02734375
0 0.513671875 0.55029296875 0.033203125 0.0341796875
3 0.52880859375 0.50634765625 0.0537109375 0.0556640625
3 0.560546875 0.48046875 0.0546875 0.056640625
0 0.60107421875 0.470703125 0.0341796875 0.03515625
3 0.60693359375 0.4345703125 0.0263671875 0.029296875
3 0.6572265625 0.392578125 0.052734375 0.05859375
3 0.68994140625 0.36376953125 0.0556640625 0.0576171875
0 0.732421875 0.3525390625 0.03515625 0.03515625
3 0.748046875 0.30908203125 0.02734375 0.0283203125
3 0.689453125 0.43359375 0.041015625 0.041015625
2 0.65087890625 0.26953125 0.1142578125 0.03125
2 0.51953125 0.38720703125 0.1171875 0.0361328125
2 0.396484375 0.50146484375 0.115234375 0.0439453125
2 0.26806640625 0.6162109375 0.1201171875 0.037109375