1 0.49560546875 0.4716796875 0.265625 0.2109375
1 0.724609375 0.5283203125 0.1103515625 0.10546875
1 0.72900390625 0.56689453125 0.1005859375 0.0830078125
1 0.65478515625 0.591796875 0.1162109375 0.1201171875
1 0.5498046875 0.57958984375 0.2265625 0.197265625
1 0.6630859375 0.45361328125 0.16015625 0.1494140625
1 0.3857421875 0.20361328125 0.1357421875 0.1279296875
1 0.33251953125 0.1318359375 0.1552734375 0.1279296875
1 0.13037109375 0.53857421875 0.2607421875 0.2666015625
1 0.08984375 0.392578125 0.1796875 0.201171875
1 0.61376953125 0.1083984375 0.2587890625 0.216796875
1 0.52685546875 0.43310546875 0.044921875 0.03515625