1 0.677734375 0.58740234375 0.349609375 0.2939453125
1 0.4765625 0.55712890625 0.15234375 0.1318359375
1 0.4775390625 0.33056640625 0.208984375 0.515625
1 0.43115234375 0.34521484375 0.2490234375 0.5
1 0.669921875 0.443359375 0.25 0.2666015625
1 0.59423828125 0.32177734375 0.1865234375 0.1962890625
1 0.48291015625 0.3037109375 0.0419921875 0.029296875
1 0.474609375 0.2890625 0.04296875 0.037109375
1 0.43603515625 0.189453125 0.052734375 0.02734375
1 0.42822265625 0.173828125 0.0390625 0.029296875
0 0.376953125 0.24853515625 0.0341796875 0.0361328125
0 0.34033203125 0.16845703125 0.0234375 0.021484375
0 0.62255859375 0.51220703125 0.03125 0.0234375
0 0.619140625 0.47705078125 0.046875 0.0400390625
0 0.5556640625 0.4453125 0.03515625 0.052734375
2 0.59326171875 0.5244140625 0.03515625 0.0380859375
1 0.892578125 0.396484375 0.21484375 0.244140625
3 0.919921875 0.43896484375 0.0341796875 0.0361328125
0 0.82763671875 0.388671875 0.0390625 0.0419921875
0 0.875 0.45751953125 0.0400390625 0.046875
1 0.90380859375 0.06494140625 0.1416015625 0.1298828125
1 0.81591796875 0.10693359375 0.1142578125 0.1318359375
1 0.3564453125 0.05615234375 0.12109375 0.1025390625