1 0.18359375 0.66455078125 0.1630859375 0.1220703125
1 0.2314453125 0.55712890625 0.1669921875 0.1162109375
1 0.26416015625 0.63525390625 0.12109375 0.158203125
1 0.1533203125 0.58935546875 0.119140625 0.15625
1 0.5 0.30126953125 0.2197265625 0.162109375
1 0.5205078125 0.400390625 0.2080078125 0.1953125
1 0.37646484375 0.40869140625 0.2177734375 0.349609375
1 0.47900390625 0.59619140625 0.3701171875 0.2392578125
1 0.66650390625 0.57421875 0.16015625 0.2197265625
1 0.9296875 0.583984375 0.140625 0.2890625
3 0.986328125 0.57470703125 0.02734375 0.0302734375
3 0.55712890625 0.4736328125 0.044921875 0.0439453125
0 0.490234375 0.49755859375 0.0263671875 0.0263671875