1 0.48046875 0.462890625 0.1796875 0.21484375
1 0.4033203125 0.66259765625 0.328125 0.2509765625
1 0.35107421875 0.4833984375 0.1552734375 0.251953125
1 0.27734375 0.4794921875 0.078125 0.251953125
1 0.1640625 0.65283203125 0.21484375 0.2744140625
1 0.16064453125 0.50146484375 0.2080078125 0.1123046875
1 0.2109375 0.39697265625 0.109375 0.0869140625
1 0.20703125 0.44287109375 0.10546875 0.0458984375
0 0.22998046875 0.6181640625 0.0185546875 0.0234375
3 0.28369140625 0.43408203125 0.0439453125 0.0478515625
0 0.3291015625 0.42919921875 0.017578125 0.0205078125
0 0.47412109375 0.60205078125 0.0166015625 0.0185546875
1 0.8115234375 0.20068359375 0.322265625 0.3623046875
1 0.6953125 0.14794921875 0.3125 0.2841796875
1 0.703125 0.1025390625 0.142578125 0.16015625
0 0.76318359375 0.15087890625 0.0341796875 0.0341796875
3 0.6396484375 0.17919921875 0.03515625 0.0361328125
1 0.92138671875 0.056640625 0.1572265625 0.087890625
3 0.8125 0.1982421875 0.03125 0.033203125
1 0.76416015625 0.28125 0.0654296875 0.107421875
3 0.7529296875 0.32373046875 0.029296875 0.0302734375
1 0.82275390625 0.2958984375 0.0673828125 0.08203125
1 0.79638671875 0.24072265625 0.1240234375 0.0537109375