1 0.59619140625 0.24072265625 0.328125 0.3408203125
1 0.4560546875 0.28662109375 0.291015625 0.3134765625
1 0.59619140625 0.18701171875 0.1259765625 0.068359375
1 0.58154296875 0.16650390625 0.0966796875 0.0986328125
1 0.49609375 0.509765625 0.4306640625 0.2646484375
1 0.68310546875 0.49853515625 0.091796875 0.08203125
1 0.35302734375 0.37841796875 0.0859375 0.0576171875
1 0.46533203125 0.51171875 0.080078125 0.06640625
1 0.50830078125 0.5234375 0.0732421875 0.0732421875
0 0.4912109375 0.2529296875 0.021484375 0.025390625
0 0.59326171875 0.5771484375 0.021484375 0.0224609375
1 0.15673828125 0.75341796875 0.3134765625 0.3388671875
1 0.1455078125 0.69873046875 0.126953125 0.072265625
1 0.1337890625 0.677734375 0.0966796875 0.1005859375
1 0.07421875 0.78369140625 0.1484375 0.2626953125
0 0.044921875 0.7646484375 0.0244140625 0.025390625
0 0.36767578125 0.22314453125 0.0205078125 0.0205078125
1 0.5810546875 0.39306640625 0.11328125 0.0859375