1 0.51220703125 0.5146484375 0.2041015625 0.20703125
1 0.4384765625 0.62841796875 0.21875 0.232421875
1 0.673828125 0.3515625 0.2255859375 0.220703125
1 0.0966796875 0.2841796875 0.193359375 0.23046875
1 0.1884765625 0.20849609375 0.205078125 0.2109375
1 0.8134765625 0.892578125 0.201171875 0.154296875
1 0.89501953125 0.82080078125 0.208984375 0.205078125
1 0.9375 0.62255859375 0.125 0.2197265625
2 0.439453125 0.62744140625 0.11328125 0.13671875
2 0.50927734375 0.51708984375 0.1318359375 0.1162109375
2 0.6787109375 0.3486328125 0.134765625 0.1240234375
2 0.96484375 0.61962890625 0.0703125 0.1298828125
2 0.89501953125 0.82275390625 0.1337890625 0.1181640625
2 0.8134765625 0.9130859375 0.0986328125 0.0986328125
2 0.08935546875 0.28955078125 0.1220703125 0.134765625
2 0.18701171875 0.20361328125 0.1318359375 0.1318359375