1 0.580078125 0.5302734375 0.15625 0.2939453125
1 0.58251953125 0.5771484375 0.1015625 0.0986328125
1 0.5927734375 0.48779296875 0.115234375 0.1162109375
1 0.46435546875 0.5107421875 0.15625 0.314453125
1 0.1572265625 0.5615234375 0.314453125 0.1796875
1 0.16943359375 0.4228515625 0.3271484375 0.193359375
1 0.21533203125 0.42138671875 0.1064453125 0.1435546875
1 0.13232421875 0.40869140625 0.1025390625 0.16015625
3 0.16357421875 0.5703125 0.0244140625 0.03125
0 0.20458984375 0.48681640625 0.0234375 0.0205078125
2 0.26123046875 0.46826171875 0.0703125 0.064453125
2 0.28271484375 0.39990234375 0.0966796875 0.0830078125
2 0.07958984375 0.40478515625 0.1328125 0.158203125
1 0.36474609375 0.912109375 0.3837890625 0.17578125
0 0.4501953125 0.48779296875 0.0263671875 0.021484375
3 0.44677734375 0.5234375 0.0244140625 0.0283203125
0 0.42578125 0.6318359375 0.015625 0.0166015625
0 0.478515625 0.560546875 0.013671875 0.009765625