1 0.54248046875 0.50732421875 0.2822265625 0.203125
1 0.58544921875 0.63623046875 0.29296875 0.2216796875
3 0.64990234375 0.62841796875 0.033203125 0.0380859375
3 0.51806640625 0.66259765625 0.02734375 0.033203125
3 0.572265625 0.48193359375 0.0263671875 0.03515625
0 0.5810546875 0.451171875 0.0234375 0.0205078125
0 0.55517578125 0.58056640625 0.0302734375 0.037109375
0 0.59326171875 0.65185546875 0.025390625 0.0205078125
1 0.1611328125 0.7724609375 0.30078125 0.455078125
1 0.08544921875 0.79833984375 0.1474609375 0.4033203125
0 0.12841796875 0.73974609375 0.0390625 0.0361328125
0 0.09765625 0.8544921875 0.0380859375 0.0341796875
0 0.16552734375 0.72607421875 0.0126953125 0.0146484375