1 0.177734375 0.6533203125 0.1591796875 0.1171875
1 0.2294921875 0.5478515625 0.1640625 0.111328125
1 0.259765625 0.626953125 0.1162109375 0.154296875
1 0.150390625 0.5771484375 0.1142578125 0.1533203125
1 0.50732421875 0.30126953125 0.2158203125 0.1552734375
1 0.52392578125 0.40087890625 0.2021484375 0.189453125
1 0.3798828125 0.40478515625 0.2060546875 0.34375
1 0.4755859375 0.59521484375 0.3642578125 0.228515625
1 0.66357421875 0.580078125 0.1533203125 0.21484375
1 0.93017578125 0.599609375 0.1396484375 0.28515625
3 0.98486328125 0.59228515625 0.0283203125 0.029296875
3 0.55810546875 0.47607421875 0.0439453125 0.04296875
0 0.49072265625 0.4970703125 0.0263671875 0.0263671875