1 0.37939453125 0.4482421875 0.134765625 0.2236328125
1 0.501953125 0.498046875 0.2333984375 0.2802734375
1 0.31884765625 0.65185546875 0.140625 0.240234375
1 0.447265625 0.6826171875 0.236328125 0.27734375
2 0.44580078125 0.69091796875 0.212890625 0.21875
0 0.38037109375 0.55322265625 0.0205078125 0.0185546875
0 0.3759765625 0.56982421875 0.017578125 0.0185546875
1 0.4677734375 0.0517578125 0.111328125 0.103515625
1 0.5908203125 0.078125 0.21484375 0.15625
0 0.32666015625 0.58837890625 0.0205078125 0.0205078125
0 0.3486328125 0.515625 0.013671875 0.0126953125