1 0.48486328125 0.49072265625 0.24609375 0.2587890625
1 0.5498046875 0.5830078125 0.24609375 0.234375
1 0.7763671875 0.8935546875 0.25 0.212890625
1 0.8056640625 0.94189453125 0.16796875 0.1162109375
2 0.7744140625 0.93505859375 0.140625 0.1298828125
0 0.80029296875 0.9970703125 0.0283203125 0.005859375
0 0.47998046875 0.546875 0.0380859375 0.041015625
0 0.52294921875 0.5009765625 0.0498046875 0.0517578125
1 0.4091796875 0.6650390625 0.19140625 0.18359375
1 0.4453125 0.783203125 0.1591796875 0.15625
1 0.56201171875 0.66943359375 0.1123046875 0.1083984375
1 0.24072265625 0.11376953125 0.2802734375 0.2275390625
1 0.21240234375 0.083984375 0.2294921875 0.16796875
0 0.22265625 0.0859375 0.0234375 0.0234375
0 0.40283203125 0.51806640625 0.017578125 0.0146484375