1 0.50537109375 0.45654296875 0.53515625 0.4248046875
1 0.462890625 0.58349609375 0.53515625 0.421875
1 0.5341796875 0.3740234375 0.4755859375 0.3447265625
1 0.43310546875 0.66162109375 0.4853515625 0.33984375
3 0.43798828125 0.65673828125 0.0615234375 0.04296875
3 0.3505859375 0.6259765625 0.0625 0.0556640625
3 0.38330078125 0.513671875 0.041015625 0.0419921875
3 0.51318359375 0.4990234375 0.0498046875 0.056640625
3 0.53271484375 0.57275390625 0.03515625 0.03515625
3 0.68798828125 0.43310546875 0.154296875 0.1171875
3 0.40234375 0.3271484375 0.181640625 0.138671875
3 0.51171875 0.3701171875 0.0537109375 0.046875
3 0.595703125 0.40234375 0.0576171875 0.0478515625
0 0.44970703125 0.49609375 0.0244140625 0.0205078125
0 0.60595703125 0.580078125 0.0263671875 0.0283203125
1 0.96484375 0.58251953125 0.0703125 0.1826171875