1 0.439453125 0.5107421875 0.138671875 0.259765625
1 0.57568359375 0.513671875 0.1357421875 0.263671875
1 0.865234375 0.49658203125 0.205078125 0.1787109375
1 0.98193359375 0.541015625 0.0361328125 0.142578125
1 0.88037109375 0.6826171875 0.2373046875 0.201171875
1 0.94970703125 0.09619140625 0.1005859375 0.1884765625
1 0.962890625 0.2265625 0.07421875 0.0859375
1 0.244140625 0.1279296875 0.056640625 0.255859375
1 0.3515625 0.126953125 0.169921875 0.25390625
1 0.45654296875 0.12890625 0.0556640625 0.2578125
1 0.33056640625 0.94970703125 0.2021484375 0.1005859375
1 0.51904296875 0.9658203125 0.1787109375 0.068359375
3 0.37890625 0.93994140625 0.044921875 0.0283203125
3 0.46630859375 0.9697265625 0.0419921875 0.033203125
3 0.3916015625 0.98388671875 0.04296875 0.0185546875
3 0.88232421875 0.650390625 0.0380859375 0.03515625
3 0.97607421875 0.67236328125 0.0419921875 0.1142578125
3 0.97607421875 0.76806640625 0.0478515625 0.0205078125
3 0.97900390625 0.5732421875 0.0263671875 0.021484375
3 0.98828125 0.51123046875 0.0234375 0.0244140625
3 0.9345703125 0.53466796875 0.03515625 0.0302734375
3 0.91455078125 0.47998046875 0.0380859375 0.0244140625
3 0.96533203125 0.21533203125 0.0302734375 0.0380859375
3 0.92333984375 0.0244140625 0.0185546875 0.025390625
3 0.98095703125 0.01904296875 0.0263671875 0.0283203125