1 0.51123046875 0.4453125 0.35546875 0.3525390625
1 0.41796875 0.52783203125 0.3095703125 0.3193359375
1 0.5068359375 0.44775390625 0.1376953125 0.1298828125
1 0.43505859375 0.67041015625 0.1787109375 0.1259765625
1 0.47998046875 0.69677734375 0.171875 0.171875
1 0.54736328125 0.7373046875 0.1787109375 0.158203125
1 0.50927734375 0.78125 0.12890625 0.16796875
1 0.39501953125 0.525390625 0.1103515625 0.115234375
0 0.34423828125 0.40869140625 0.0302734375 0.0302734375
0 0.4501953125 0.57568359375 0.0322265625 0.0322265625
0 0.5029296875 0.7900390625 0.0224609375 0.0234375