1 0.4482421875 0.5361328125 0.22265625 0.353515625
1 0.5478515625 0.4921875 0.2421875 0.353515625
2 0.5517578125 0.48779296875 0.208984375 0.3291015625
0 0.46630859375 0.52783203125 0.0244140625 0.0283203125
0 0.4365234375 0.5908203125 0.01171875 0.015625
0 0.45947265625 0.474609375 0.0166015625 0.021484375
1 0.78173828125 0.099609375 0.0986328125 0.125
1 0.72119140625 0.1240234375 0.0830078125 0.125
1 0.7001953125 0.0419921875 0.123046875 0.0703125
1 0.79833984375 0.02490234375 0.0966796875 0.0322265625
0 0.740234375 0.14990234375 0.01953125 0.0205078125
1 0.41357421875 0.93994140625 0.1064453125 0.1123046875
1 0.4716796875 0.92138671875 0.078125 0.1083984375
1 0.57373046875 0.95703125 0.1572265625 0.0859375
1 0.4541015625 0.9833984375 0.111328125 0.033203125
0 0.3955078125 0.9248046875 0.017578125 0.021484375