1 0.5986328125 0.1708984375 0.1875 0.208984375
1 0.55078125 0.318359375 0.287109375 0.115234375
1 0.34619140625 0.45654296875 0.2451171875 0.2861328125
1 0.54052734375 0.52099609375 0.1748046875 0.1591796875
1 0.521484375 0.4052734375 0.22265625 0.0859375
1 0.37548828125 0.205078125 0.3017578125 0.275390625
1 0.35009765625 0.21533203125 0.0322265625 0.0927734375
1 0.31005859375 0.19970703125 0.0673828125 0.0693359375
1 0.314453125 0.244140625 0.083984375 0.033203125
1 0.90283203125 0.15380859375 0.0693359375 0.0810546875
1 0.9658203125 0.1591796875 0.068359375 0.177734375
1 0.90966796875 0.08056640625 0.1806640625 0.0869140625
3 0.9892578125 0.16650390625 0.021484375 0.0341796875
2 0.96142578125 0.08056640625 0.0771484375 0.0556640625
2 0.8662109375 0.05419921875 0.05859375 0.0322265625
0 0.49169921875 0.306640625 0.0107421875 0.01171875
3 0.49072265625 0.33056640625 0.0341796875 0.0322265625
0 0.37939453125 0.42626953125 0.0126953125 0.0126953125
0 0.38134765625 0.248046875 0.0166015625 0.01171875
0 0.412109375 0.1904296875 0.01953125 0.01953125
0 0.47216796875 0.16650390625 0.0185546875 0.0166015625
0 0.37255859375 0.35546875 0.0146484375 0.013671875
0 0.39599609375 0.38525390625 0.0146484375 0.0166015625
0 0.44140625 0.34814453125 0.017578125 0.0146484375
0 0.45751953125 0.3916015625 0.0126953125 0.013671875
0 0.4189453125 0.4140625 0.013671875 0.013671875
0 0.44384765625 0.44482421875 0.0107421875 0.0107421875
0 0.48291015625 0.45556640625 0.0146484375 0.0166015625
0 0.517578125 0.28857421875 0.017578125 0.0185546875
1 0.1123046875 0.8095703125 0.224609375 0.25390625
1 0.0556640625 0.67138671875 0.111328125 0.2138671875
2 0.09326171875 0.7861328125 0.1865234375 0.19140625
2 0.05322265625 0.7001953125 0.1064453125 0.130859375
3 0.02294921875 0.89111328125 0.0361328125 0.0322265625