1 0.43994140625 0.52197265625 0.203125 0.3330078125
1 0.5849609375 0.47802734375 0.1904296875 0.2998046875
3 0.45361328125 0.42919921875 0.02734375 0.0224609375
3 0.47119140625 0.5234375 0.029296875 0.0234375
3 0.4873046875 0.603515625 0.02734375 0.0205078125
0 0.4970703125 0.453125 0.017578125 0.0205078125
0 0.40185546875 0.5859375 0.0087890625 0.0166015625
3 0.6025390625 0.43359375 0.0234375 0.01953125
3 0.6328125 0.56103515625 0.021484375 0.01953125
1 0.06884765625 0.23876953125 0.1376953125 0.2138671875
1 0.0302734375 0.10693359375 0.060546875 0.1630859375
0 0.64013671875 0.4873046875 0.0185546875 0.021484375