1 0.89892578125 0.61328125 0.1689453125 0.330078125
1 0.794921875 0.5927734375 0.16796875 0.31640625
1 0.51611328125 0.6162109375 0.3212890625 0.33984375
1 0.5859375 0.36083984375 0.314453125 0.2880859375
1 0.36376953125 0.3310546875 0.2529296875 0.21875
1 0.45166015625 0.23046875 0.0810546875 0.060546875
1 0.19775390625 0.291015625 0.2158203125 0.216796875
1 0.12060546875 0.4619140625 0.2412109375 0.263671875
1 0.07275390625 0.18505859375 0.1455078125 0.3310546875
1 0.30712890625 0.52685546875 0.2412109375 0.2666015625
1 0.509765625 0.58984375 0.142578125 0.142578125
1 0.298828125 0.53759765625 0.140625 0.1298828125
1 0.56201171875 0.37939453125 0.1396484375 0.1064453125
1 0.36181640625 0.31591796875 0.1416015625 0.1181640625
1 0.1953125 0.25244140625 0.111328125 0.1005859375
0 0.78515625 0.51806640625 0.0234375 0.0205078125
0 0.53076171875 0.5390625 0.0322265625 0.04296875
3 0.0576171875 0.22802734375 0.021484375 0.0263671875
0 0.1279296875 0.22265625 0.0234375 0.025390625
0 0.61572265625 0.65576171875 0.0185546875 0.0322265625
0 0.36083984375 0.5869140625 0.0302734375 0.029296875
3 0.107421875 0.3837890625 0.044921875 0.041015625
3 0.11376953125 0.318359375 0.0302734375 0.025390625
3 0.3017578125 0.27294921875 0.01953125 0.0263671875
3 0.44140625 0.3095703125 0.0234375 0.017578125
3 0.46142578125 0.39501953125 0.0283203125 0.0244140625
3 0.52587890625 0.419921875 0.0205078125 0.01953125
3 0.27197265625 0.490234375 0.0224609375 0.01953125
0 0.275390625 0.34326171875 0.015625 0.0146484375
0 0.3095703125 0.36474609375 0.01953125 0.0166015625
0 0.67529296875 0.41357421875 0.0205078125 0.0263671875
0 0.79345703125 0.48046875 0.0166015625 0.01953125