1 0.5419921875 0.5439453125 0.240234375 0.228515625
1 0.48779296875 0.43310546875 0.2470703125 0.2275390625
1 0.37548828125 0.44580078125 0.2880859375 0.2509765625
1 0.32275390625 0.34375 0.3427734375 0.287109375
1 0.14208984375 0.72021484375 0.2705078125 0.3544921875
1 0.33154296875 0.78271484375 0.1806640625 0.1533203125
1 0.31787109375 0.70849609375 0.1474609375 0.1201171875
1 0.08447265625 0.81201171875 0.1435546875 0.3095703125
1 0.287109375 0.109375 0.1796875 0.185546875
1 0.12939453125 0.1630859375 0.2314453125 0.259765625
1 0.2021484375 0.14013671875 0.2109375 0.2294921875
2 0.21875 0.1611328125 0.140625 0.166015625
0 0.3291015625 0.40478515625 0.046875 0.0439453125
0 0.51513671875 0.43603515625 0.0419921875 0.0380859375
0 0.4150390625 0.40234375 0.02734375 0.02734375
0 0.18408203125 0.8466796875 0.0224609375 0.021484375
0 0.14208984375 0.89208984375 0.0263671875 0.0224609375
0 0.046875 0.9267578125 0.021484375 0.02734375