1 0.60693359375 0.3046875 0.2021484375 0.2724609375
1 0.75 0.34619140625 0.2138671875 0.3115234375
1 0.7705078125 0.31884765625 0.099609375 0.080078125
1 0.77783203125 0.287109375 0.1025390625 0.0380859375
0 0.6728515625 0.2880859375 0.015625 0.0166015625
0 0.57470703125 0.20361328125 0.0166015625 0.013671875
1 0.5068359375 0.5068359375 0.3740234375 0.43359375
1 0.4658203125 0.33203125 0.0634765625 0.06640625
1 0.48046875 0.54150390625 0.07421875 0.111328125
1 0.46826171875 0.5048828125 0.103515625 0.06640625
1 0.65283203125 0.6044921875 0.1142578125 0.1123046875
1 0.64697265625 0.4599609375 0.134765625 0.1142578125
1 0.84765625 0.84375 0.25 0.2890625
1 0.8525390625 0.9248046875 0.19921875 0.150390625
0 0.92138671875 0.88134765625 0.0224609375 0.01953125
0 0.5419921875 0.615234375 0.0322265625 0.02734375