1 0.4423828125 0.37353515625 0.3056640625 0.2177734375
1 0.5068359375 0.52490234375 0.349609375 0.3369140625
0 0.375 0.54736328125 0.037109375 0.0361328125
3 0.513671875 0.484375 0.0322265625 0.0390625
1 0.07666015625 0.75 0.1328125 0.1953125
1 0.0458984375 0.62744140625 0.083984375 0.119140625
1 0.8671875 0.8017578125 0.265625 0.271484375
1 0.91357421875 0.880859375 0.1728515625 0.189453125
3 0.8974609375 0.923828125 0.0302734375 0.0341796875
0 0.99560546875 0.71728515625 0.0087890625 0.0166015625
0 0.9375 0.88818359375 0.0146484375 0.0107421875