1 0.52294921875 0.6474609375 0.1845703125 0.47265625
1 0.41259765625 0.62939453125 0.1826171875 0.4638671875
1 0.4755859375 0.93212890625 0.1328125 0.1357421875
1 0.36328125 0.92529296875 0.1328125 0.1494140625
0 0.42724609375 0.5283203125 0.0185546875 0.017578125
0 0.4169921875 0.59619140625 0.01953125 0.0224609375
0 0.49072265625 0.56396484375 0.0224609375 0.0205078125
0 0.38671875 0.560546875 0.0078125 0.005859375
0 0.3818359375 0.8203125 0.017578125 0.017578125
0 0.44384765625 0.85595703125 0.0244140625 0.0166015625
0 0.52001953125 0.884765625 0.0166015625 0.015625
0 0.35791015625 0.96923828125 0.0205078125 0.0185546875
0 0.34326171875 0.84033203125 0.0107421875 0.0107421875
1 0.5849609375 0.25341796875 0.05078125 0.0673828125
1 0.53759765625 0.2509765625 0.0498046875 0.064453125
1 0.9169921875 0.20458984375 0.166015625 0.0302734375
1 0.91552734375 0.25927734375 0.1669921875 0.0869140625
1 0.91552734375 0.34716796875 0.1689453125 0.0908203125
1 0.91259765625 0.466796875 0.1513671875 0.095703125
1 0.9150390625 0.4384765625 0.169921875 0.09765625
3 0.96826171875 0.27392578125 0.0224609375 0.0341796875
3 0.88134765625 0.20458984375 0.0361328125 0.0205078125
3 0.95703125 0.20751953125 0.03125 0.0166015625
3 0.95166015625 0.40576171875 0.0341796875 0.0224609375
3 0.876953125 0.404296875 0.033203125 0.01953125
0 0.84912109375 0.396484375 0.0244140625 0.025390625
0 0.55078125 0.72314453125 0.025390625 0.0224609375
1 0.95947265625 0.859375 0.0810546875 0.0546875
1 0.95556640625 0.90283203125 0.0888671875 0.0615234375