1 0.59228515625 0.458984375 0.2470703125 0.26953125
1 0.4765625 0.556640625 0.37109375 0.32421875
3 0.4853515625 0.4677734375 0.046875 0.04296875
0 0.52197265625 0.5400390625 0.0322265625 0.029296875
1 0.892578125 0.8544921875 0.21484375 0.271484375
1 0.7861328125 0.8828125 0.34765625 0.234375
2 0.84033203125 0.92724609375 0.1650390625 0.1455078125
0 0.74853515625 0.95068359375 0.0517578125 0.0478515625
0 0.5771484375 0.60791015625 0.017578125 0.0185546875
1 0.15673828125 0.15869140625 0.3115234375 0.3076171875
1 0.2451171875 0.1142578125 0.310546875 0.228515625
1 0.06005859375 0.27294921875 0.0810546875 0.0869140625
1 0.0341796875 0.30712890625 0.068359375 0.0869140625