1 0.65380859375 0.505859375 0.08984375 0.2978515625
1 0.50341796875 0.427734375 0.3916015625 0.1630859375
1 0.49951171875 0.57666015625 0.3916015625 0.162109375
1 0.3427734375 0.5 0.0927734375 0.294921875
0 0.4169921875 0.4052734375 0.0166015625 0.0146484375
0 0.53564453125 0.39013671875 0.0126953125 0.01171875
0 0.49560546875 0.60888671875 0.0234375 0.0302734375
1 0.8974609375 0.2783203125 0.1982421875 0.0830078125
1 0.8583984375 0.35693359375 0.1328125 0.083984375
1 0.8232421875 0.314453125 0.0625 0.1513671875
1 0.9599609375 0.4150390625 0.080078125 0.26953125
1 0.9619140625 0.32373046875 0.072265625 0.0927734375
1 0.96044921875 0.5048828125 0.0791015625 0.09765625
1 0.765625 0.13671875 0.1181640625 0.115234375