1 0.37060546875 0.45068359375 0.0869140625 0.2255859375
1 0.439453125 0.443359375 0.1201171875 0.2294921875
1 0.53369140625 0.43115234375 0.13671875 0.2275390625
1 0.44970703125 0.6728515625 0.171875 0.2578125
1 0.56298828125 0.65771484375 0.134765625 0.25
0 0.51171875 0.455078125 0.0322265625 0.03125
3 0.4296875 0.61083984375 0.0283203125 0.025390625
3 0.54638671875 0.56494140625 0.0283203125 0.02734375
3 0.5595703125 0.64111328125 0.025390625 0.02734375
3 0.44580078125 0.70263671875 0.0322265625 0.0283203125
1 0.857421875 0.8447265625 0.234375 0.244140625
1 0.92578125 0.759765625 0.1240234375 0.15234375
1 0.9453125 0.8583984375 0.109375 0.15234375
1 0.97412109375 0.71923828125 0.0517578125 0.1357421875
1 0.99169921875 0.8232421875 0.0166015625 0.123046875
3 0.98974609375 0.87060546875 0.0205078125 0.0419921875
3 0.9326171875 0.740234375 0.0224609375 0.0302734375
1 0.1025390625 0.49365234375 0.138671875 0.26953125
1 0.06005859375 0.6171875 0.0537109375 0.0283203125
1 0.03515625 0.50439453125 0.0703125 0.2607421875
1 0.03076171875 0.38427734375 0.0546875 0.0283203125
0 0.044921875 0.52294921875 0.01953125 0.0224609375