1 0.482421875 0.35302734375 0.33203125 0.3232421875
1 0.30615234375 0.54296875 0.3095703125 0.318359375
1 0.54248046875 0.57177734375 0.4873046875 0.5166015625
2 0.4140625 0.64501953125 0.205078125 0.2216796875
3 0.513671875 0.64208984375 0.0390625 0.0361328125
3 0.453125 0.71435546875 0.0390625 0.0361328125
3 0.4267578125 0.744140625 0.041015625 0.041015625
3 0.3291015625 0.47998046875 0.037109375 0.0380859375
3 0.26416015625 0.5537109375 0.0419921875 0.0390625
3 0.2392578125 0.5830078125 0.04296875 0.041015625
1 0.86279296875 0.73486328125 0.1005859375 0.1123046875
1 0.8974609375 0.76318359375 0.1015625 0.1123046875