1 0.54931640625 0.39599609375 0.5 0.556640625
2 0.66845703125 0.41552734375 0.232421875 0.220703125
2 0.59912109375 0.49365234375 0.2099609375 0.2080078125
2 0.5029296875 0.24365234375 0.2587890625 0.2431640625
2 0.45751953125 0.34033203125 0.19140625 0.240234375
3 0.45703125 0.20849609375 0.076171875 0.076171875
3 0.70166015625 0.4453125 0.07421875 0.068359375
1 0.318359375 0.36083984375 0.1357421875 0.17578125
1 0.4873046875 0.60498046875 0.291015625 0.41015625
1 0.63671875 0.73193359375 0.1044921875 0.166015625
1 0.6806640625 0.65283203125 0.1552734375 0.154296875
1 0.7314453125 0.5859375 0.1240234375 0.1181640625
1 0.7607421875 0.55419921875 0.0888671875 0.078125
0 0.69677734375 0.37890625 0.01171875 0.0126953125
0 0.349609375 0.234375 0.015625 0.013671875
0 0.5322265625 0.548828125 0.01171875 0.01171875