1 0.20751953125 0.31298828125 0.162109375 0.0986328125
1 0.2353515625 0.40478515625 0.1669921875 0.0927734375
1 0.26953125 0.3447265625 0.099609375 0.158203125
1 0.17431640625 0.37060546875 0.0966796875 0.1552734375
1 0.4736328125 0.68408203125 0.2197265625 0.130859375
1 0.51025390625 0.60107421875 0.1572265625 0.212890625
1 0.38134765625 0.57177734375 0.150390625 0.3515625
1 0.49609375 0.41650390625 0.373046875 0.16796875
1 0.6591796875 0.4482421875 0.12890625 0.220703125
1 0.94384765625 0.48046875 0.1123046875 0.265625
3 0.99072265625 0.4765625 0.0185546875 0.02734375
3 0.5537109375 0.5322265625 0.037109375 0.0361328125
0 0.490234375 0.501953125 0.021484375 0.021484375