1 0.3330078125 0.90478515625 0.486328125 0.1904296875
3 0.2861328125 0.9658203125 0.02734375 0.0390625
1 0.07958984375 0.6767578125 0.1591796875 0.224609375
1 0.021484375 0.80078125 0.04296875 0.08984375
1 0.60205078125 0.5986328125 0.1650390625 0.142578125
1 0.48046875 0.56494140625 0.130859375 0.1630859375
1 0.49951171875 0.376953125 0.3232421875 0.39453125
1 0.41357421875 0.55517578125 0.0634765625 0.1044921875
1 0.39501953125 0.51318359375 0.0966796875 0.0615234375
1 0.3603515625 0.357421875 0.263671875 0.298828125
1 0.29833984375 0.3408203125 0.1044921875 0.056640625
1 0.31787109375 0.3837890625 0.0732421875 0.107421875
1 0.298828125 0.123046875 0.22265625 0.23828125
1 0.2724609375 0.18017578125 0.06640625 0.1083984375
1 0.2548828125 0.13623046875 0.095703125 0.0576171875
1 0.40771484375 0.1025390625 0.2216796875 0.205078125
0 0.40087890625 0.08251953125 0.0283203125 0.0244140625
0 0.4384765625 0.287109375 0.029296875 0.025390625
0 0.34228515625 0.017578125 0.0126953125 0.01171875
0 0.48095703125 0.38427734375 0.0205078125 0.0107421875
0 0.53564453125 0.44970703125 0.0185546875 0.0166015625