1 0.16162109375 0.576171875 0.16796875 0.29296875
1 0.12060546875 0.49755859375 0.2412109375 0.1787109375
1 0.1162109375 0.6474609375 0.232421875 0.1640625
1 0.0263671875 0.59521484375 0.052734375 0.0810546875
1 0.02001953125 0.57568359375 0.0400390625 0.0556640625
0 0.10009765625 0.48876953125 0.0146484375 0.0146484375
1 0.15771484375 0.02978515625 0.2392578125 0.0595703125
1 0.1494140625 0.1123046875 0.2451171875 0.150390625
1 0.1884765625 0.13427734375 0.1123046875 0.060546875
3 0.2333984375 0.06396484375 0.025390625 0.021484375
1 0.884765625 0.13330078125 0.23046875 0.1552734375
1 0.890625 0.052734375 0.21875 0.060546875
3 0.85595703125 0.095703125 0.0234375 0.029296875
1 0.94677734375 0.158203125 0.1064453125 0.072265625
3 0.94970703125 0.103515625 0.0234375 0.0322265625
3 0.95458984375 0.04736328125 0.01953125 0.0185546875
3 0.861328125 0.03857421875 0.0234375 0.01953125
0 0.81103515625 0.1787109375 0.01953125 0.0166015625