1 0.47314453125 0.541015625 0.33984375 0.3134765625
1 0.57568359375 0.435546875 0.41796875 0.427734375
1 0.2236328125 0.126953125 0.341796875 0.25390625
1 0.15625 0.0791015625 0.208984375 0.158203125
1 0.1875 0.810546875 0.375 0.337890625
1 0.091796875 0.85595703125 0.18359375 0.1923828125
0 0.01025390625 0.857421875 0.0205078125 0.025390625
0 0.13623046875 0.85302734375 0.0244140625 0.029296875
2 0.4990234375 0.4169921875 0.0908203125 0.08984375
0 0.57275390625 0.50830078125 0.05859375 0.060546875
0 0.50146484375 0.61083984375 0.0185546875 0.015625
0 0.23828125 0.0986328125 0.0400390625 0.0361328125
0 0.2705078125 0.07763671875 0.037109375 0.03125
1 0.07763671875 0.17529296875 0.0791015625 0.1064453125
0 0.15185546875 0.17431640625 0.021484375 0.0234375