1 0.478515625 0.36767578125 0.595703125 0.712890625
2 0.646484375 0.5263671875 0.1845703125 0.216796875
2 0.42041015625 0.15673828125 0.134765625 0.1787109375
1 0.5419921875 0.41357421875 0.1044921875 0.1240234375
1 0.44189453125 0.337890625 0.1015625 0.1220703125
3 0.37060546875 0.39013671875 0.03125 0.03125
3 0.34912109375 0.1943359375 0.033203125 0.033203125
3 0.2744140625 0.19287109375 0.0302734375 0.0283203125
0 0.5673828125 0.54150390625 0.0234375 0.0263671875
0 0.40478515625 0.259765625 0.0224609375 0.0224609375
0 0.36181640625 0.3232421875 0.0224609375 0.0185546875
0 0.48095703125 0.578125 0.0166015625 0.0185546875