1 0.4609375 0.4228515625 0.2724609375 0.216796875
1 0.38623046875 0.30029296875 0.1064453125 0.0732421875
1 0.40234375 0.26171875 0.1083984375 0.083984375
1 0.4033203125 0.548828125 0.2939453125 0.2275390625
1 0.62841796875 0.54345703125 0.2333984375 0.2431640625
1 0.6484375 0.1572265625 0.34765625 0.314453125
1 0.2001953125 0.04443359375 0.263671875 0.0888671875
1 0.45947265625 0.10986328125 0.2158203125 0.2197265625
0 0.70751953125 0.2578125 0.015625 0.0087890625
3 0.4921875 0.44287109375 0.0234375 0.0263671875
0 0.44189453125 0.52978515625 0.029296875 0.0302734375
0 0.62890625 0.55126953125 0.021484375 0.0205078125
0 0.490234375 0.39013671875 0.0126953125 0.015625