1 0.80517578125 0.294921875 0.1083984375 0.103515625
1 0.697265625 0.5244140625 0.474609375 0.46875
1 0.4697265625 0.63916015625 0.103515625 0.1064453125
1 0.56640625 0.39697265625 0.35546875 0.3603515625
0 0.68896484375 0.416015625 0.0146484375 0.015625
1 0.5966796875 0.36376953125 0.099609375 0.0986328125
1 0.52783203125 0.43505859375 0.0986328125 0.0986328125
3 0.6650390625 0.29052734375 0.03125 0.0341796875
3 0.45849609375 0.49755859375 0.0341796875 0.0302734375
1 0.22021484375 0.85888671875 0.4130859375 0.2822265625
2 0.0927734375 0.93701171875 0.15625 0.1259765625
1 0.12939453125 0.76318359375 0.2412109375 0.2568359375
1 0.310546875 0.73046875 0.109375 0.107421875
0 0.17236328125 0.8349609375 0.0185546875 0.01953125
0 0.05322265625 0.92236328125 0.0185546875 0.0146484375
0 0.27734375 0.77587890625 0.017578125 0.0146484375
0 0.51123046875 0.61083984375 0.0126953125 0.0126953125
1 0.09326171875 0.76806640625 0.0927734375 0.0908203125
1 0.03662109375 0.8212890625 0.0537109375 0.083984375
3 0.1689453125 0.69677734375 0.041015625 0.0361328125