1 0.5458984375 0.52197265625 0.1796875 0.2900390625
1 0.55419921875 0.47314453125 0.0654296875 0.0341796875
1 0.5546875 0.4990234375 0.06640625 0.025390625
1 0.5615234375 0.56884765625 0.068359375 0.0341796875
1 0.5615234375 0.59228515625 0.0703125 0.0244140625
1 0.33154296875 0.53759765625 0.2978515625 0.2607421875
1 0.30517578125 0.61669921875 0.0673828125 0.0224609375
1 0.3056640625 0.59423828125 0.060546875 0.0302734375
1 0.486328125 0.8203125 0.30859375 0.359375
1 0.21484375 0.841796875 0.27734375 0.3125
1 0.04736328125 0.8994140625 0.0947265625 0.1484375
1 0.06103515625 0.76904296875 0.0595703125 0.1943359375
1 0.10107421875 0.96923828125 0.2001953125 0.0615234375
1 0.13818359375 0.39599609375 0.2353515625 0.2939453125
1 0.12109375 0.54150390625 0.123046875 0.0712890625
1 0.119140625 0.1591796875 0.23828125 0.31640625
1 0.02978515625 0.43115234375 0.0595703125 0.2255859375
1 0.29345703125 0.0419921875 0.1708984375 0.083984375
1 0.44970703125 0.03369140625 0.1884765625 0.0673828125
3 0.36962890625 0.48974609375 0.0361328125 0.0263671875
3 0.3095703125 0.48974609375 0.03125 0.0185546875
3 0.38427734375 0.603515625 0.0322265625 0.0234375
0 0.4658203125 0.5703125 0.029296875 0.025390625
0 0.3935546875 0.85693359375 0.03125 0.0361328125
0 0.1328125 0.22998046875 0.037109375 0.0283203125
0 0.12890625 0.20263671875 0.033203125 0.0322265625
0 0.123046875 0.1748046875 0.037109375 0.029296875
0 0.11962890625 0.14990234375 0.0322265625 0.0283203125
0 0.1142578125 0.1240234375 0.03125 0.02734375
0 0.10986328125 0.09521484375 0.0322265625 0.0302734375