1 0.34228515625 0.49267578125 0.2333984375 0.494140625
1 0.47900390625 0.48681640625 0.2353515625 0.490234375
3 0.33544921875 0.6396484375 0.037109375 0.0380859375
3 0.3291015625 0.47216796875 0.0380859375 0.0380859375
3 0.32080078125 0.32666015625 0.0390625 0.0400390625
3 0.494140625 0.4677734375 0.0361328125 0.037109375
0 0.47314453125 0.404296875 0.0126953125 0.0126953125
0 0.47900390625 0.5517578125 0.0166015625 0.015625
0 0.4794921875 0.5712890625 0.013671875 0.01171875
1 0.912109375 0.5390625 0.17578125 0.4921875
1 0.98828125 0.39013671875 0.0234375 0.1806640625
3 0.9306640625 0.7080078125 0.0361328125 0.0390625
3 0.92236328125 0.52294921875 0.0322265625 0.0341796875
3 0.9169921875 0.3759765625 0.03515625 0.0400390625
1 0.6298828125 0.93505859375 0.166015625 0.1298828125
1 0.4931640625 0.93798828125 0.15625 0.1240234375
3 0.478515625 0.95458984375 0.041015625 0.041015625