1 0.94384765625 0.1376953125 0.1123046875 0.1953125
1 0.98193359375 0.12548828125 0.0361328125 0.0986328125
1 0.97021484375 0.12890625 0.0595703125 0.083984375
1 0.87548828125 0.22314453125 0.2490234375 0.2353515625
1 0.90869140625 0.197265625 0.0712890625 0.08984375
1 0.904296875 0.2041015625 0.0751953125 0.07421875
1 0.9091796875 0.361328125 0.181640625 0.318359375
1 0.74462890625 0.35107421875 0.2919921875 0.2705078125
1 0.84326171875 0.50732421875 0.2939453125 0.287109375
0 0.732421875 0.46337890625 0.025390625 0.025390625
1 0.7001953125 0.57373046875 0.2099609375 0.220703125
1 0.61328125 0.42236328125 0.23046875 0.2412109375
1 0.5009765625 0.48583984375 0.25390625 0.26953125
3 0.60205078125 0.39501953125 0.0478515625 0.044921875
0 0.54248046875 0.40087890625 0.02734375 0.0283203125
1 0.74365234375 0.65185546875 0.1171875 0.103515625
1 0.59375 0.658203125 0.255859375 0.2705078125
0 0.5849609375 0.53466796875 0.0283203125 0.0322265625
0 0.701171875 0.46435546875 0.0263671875 0.02734375
1 0.34033203125 0.546875 0.2587890625 0.2578125
1 0.435546875 0.7255859375 0.3232421875 0.361328125
1 0.20458984375 0.6630859375 0.26953125 0.271484375
1 0.2978515625 0.83447265625 0.2548828125 0.271484375
0 0.32763671875 0.7041015625 0.0166015625 0.017578125
0 0.31103515625 0.73388671875 0.03515625 0.03515625
3 0.4462890625 0.67041015625 0.0341796875 0.041015625
3 0.3955078125 0.69970703125 0.0341796875 0.03515625
3 0.4169921875 0.7685546875 0.0302734375 0.03515625
3 0.51171875 0.7275390625 0.0390625 0.0322265625
1 0.09814453125 0.71044921875 0.1962890625 0.2099609375
1 0.05224609375 0.75634765625 0.1044921875 0.2099609375
1 0.1015625 0.87158203125 0.203125 0.1962890625
3 0.0244140625 0.72509765625 0.03125 0.0361328125
3 0.1162109375 0.73974609375 0.0341796875 0.0361328125
3 0.03369140625 0.7958984375 0.0673828125 0.064453125
3 0.0888671875 0.87939453125 0.0263671875 0.0283203125
3 0.0654296875 0.89111328125 0.029296875 0.0302734375
3 0.15380859375 0.9521484375 0.0341796875 0.03125
3 0.15087890625 0.859375 0.029296875 0.02734375
3 0.1689453125 0.8388671875 0.0322265625 0.03515625
0 0.17626953125 0.9150390625 0.017578125 0.0185546875
0 0.16455078125 0.88427734375 0.0166015625 0.0205078125
1 0.72265625 0.11962890625 0.240234375 0.2197265625
1 0.66357421875 0.06591796875 0.158203125 0.1171875
1 0.58935546875 0.1640625 0.158203125 0.15625
1 0.48583984375 0.22119140625 0.240234375 0.2333984375
1 0.916015625 0.86376953125 0.1171875 0.2080078125
1 0.7958984375 0.94287109375 0.17578125 0.1142578125
1 0.7041015625 0.9677734375 0.134765625 0.064453125
1 0.49658203125 0.978515625 0.1318359375 0.04296875
1 0.51318359375 0.939453125 0.0751953125 0.0673828125
1 0.60400390625 0.93701171875 0.1376953125 0.1259765625
0 0.60791015625 0.9140625 0.0263671875 0.029296875
0 0.63818359375 0.994140625 0.0263671875 0.01171875