1 0.75 0.87939453125 0.267578125 0.2412109375
1 0.75732421875 0.71435546875 0.2578125 0.171875
1 0.76025390625 0.55078125 0.271484375 0.2587890625
1 0.8076171875 0.3759765625 0.20703125 0.197265625
1 0.57470703125 0.35498046875 0.3134765625 0.1767578125
1 0.59765625 0.5439453125 0.1279296875 0.2353515625
1 0.44580078125 0.54736328125 0.150390625 0.2353515625
1 0.52490234375 0.5458984375 0.07421875 0.2373046875
1 0.47265625 0.728515625 0.349609375 0.19140625
1 0.4833984375 0.82470703125 0.3154296875 0.142578125
1 0.650390625 0.9384765625 0.142578125 0.123046875
1 0.53515625 0.91796875 0.1865234375 0.107421875
1 0.6259765625 0.18212890625 0.181640625 0.2275390625
1 0.75 0.19873046875 0.1201171875 0.2060546875
1 0.30517578125 0.25634765625 0.3525390625 0.2412109375
1 0.328125 0.1181640625 0.3681640625 0.2197265625
1 0.1142578125 0.1845703125 0.201171875 0.3447265625
2 0.39306640625 0.12451171875 0.1572265625 0.130859375
2 0.46728515625 0.56298828125 0.0654296875 0.1484375
2 0.54931640625 0.73291015625 0.1708984375 0.1015625
3 0.38623046875 0.29443359375 0.0224609375 0.0283203125
3 0.33740234375 0.27978515625 0.0234375 0.033203125
3 0.29150390625 0.26513671875 0.01953125 0.0302734375
3 0.58349609375 0.5947265625 0.03515625 0.0400390625
3 0.583984375 0.54150390625 0.0400390625 0.0439453125
3 0.5849609375 0.48583984375 0.033203125 0.0419921875
3 0.57568359375 0.392578125 0.0380859375 0.02734375
3 0.57666015625 0.337890625 0.0390625 0.0244140625
3 0.4169921875 0.6689453125 0.029296875 0.0185546875
3 0.41650390625 0.7060546875 0.029296875 0.0205078125
3 0.416015625 0.7412109375 0.03515625 0.021484375
1 0.82763671875 0.38037109375 0.08984375 0.0859375
1 0.81201171875 0.55712890625 0.08203125 0.1279296875
1 0.8115234375 0.708984375 0.0673828125 0.0703125
1 0.80859375 0.91845703125 0.0732421875 0.0439453125
1 0.80712890625 0.95068359375 0.0771484375 0.03515625
0 0.69091796875 0.90185546875 0.03125 0.033203125
3 0.64208984375 0.9404296875 0.0166015625 0.015625
0 0.65869140625 0.8544921875 0.0244140625 0.0263671875
0 0.60986328125 0.68994140625 0.02734375 0.0234375
0 0.66552734375 0.6572265625 0.0390625 0.029296875
0 0.76513671875 0.31884765625 0.0244140625 0.0263671875
0 0.69580078125 0.421875 0.0185546875 0.015625
0 0.62939453125 0.21630859375 0.0234375 0.017578125