1 0.45263671875 0.3076171875 0.25390625 0.205078125
1 0.60400390625 0.36865234375 0.2021484375 0.1826171875
1 0.57958984375 0.55322265625 0.2470703125 0.2939453125
1 0.4345703125 0.48486328125 0.3173828125 0.2861328125
1 0.40869140625 0.44287109375 0.1259765625 0.0810546875
1 0.41796875 0.41650390625 0.1083984375 0.0888671875
3 0.5087890625 0.46875 0.03515625 0.0302734375
3 0.6171875 0.380859375 0.0380859375 0.0380859375
0 0.53662109375 0.38623046875 0.0302734375 0.0302734375
0 0.59814453125 0.52880859375 0.017578125 0.025390625
0 0.6142578125 0.55615234375 0.0166015625 0.0185546875
0 0.36767578125 0.4619140625 0.0205078125 0.0166015625