1 0.5478515625 0.462890625 0.140625 0.3076171875
1 0.43505859375 0.46484375 0.1416015625 0.3017578125
3 0.416015625 0.44189453125 0.0322265625 0.025390625
3 0.4111328125 0.41650390625 0.033203125 0.021484375
3 0.4130859375 0.52099609375 0.0302734375 0.025390625
3 0.41259765625 0.49267578125 0.0322265625 0.01953125
3 0.5703125 0.3935546875 0.03515625 0.02734375
3 0.57080078125 0.5390625 0.033203125 0.0263671875
1 0.5361328125 0.18896484375 0.2578125 0.1181640625
1 0.53564453125 0.09619140625 0.2587890625 0.1064453125
1 0.154296875 0.123046875 0.30859375 0.2265625
3 0.18994140625 0.158203125 0.03515625 0.03515625
3 0.1533203125 0.14306640625 0.0400390625 0.0380859375
1 0.09326171875 0.09423828125 0.0703125 0.076171875
1 0.263671875 0.03955078125 0.1591796875 0.0634765625