1 0.505859375 0.6328125 0.634765625 0.734375
2 0.63818359375 0.44384765625 0.1962890625 0.2255859375
2 0.49365234375 0.8525390625 0.14453125 0.1845703125
1 0.55908203125 0.576171875 0.111328125 0.1279296875
1 0.47607421875 0.6708984375 0.107421875 0.126953125
3 0.396484375 0.63427734375 0.033203125 0.0322265625
3 0.416015625 0.83154296875 0.0341796875 0.03515625
3 0.34326171875 0.84716796875 0.03125 0.0302734375
0 0.5576171875 0.4462890625 0.0244140625 0.02734375
0 0.4580078125 0.75390625 0.0244140625 0.0234375
0 0.4013671875 0.70166015625 0.0234375 0.01953125
0 0.46484375 0.42724609375 0.0166015625 0.01953125