1 0.57470703125 0.39013671875 0.6650390625 0.4873046875
1 0.3759765625 0.31982421875 0.404296875 0.3271484375
1 0.65673828125 0.1396484375 0.3349609375 0.279296875
1 0.2978515625 0.38818359375 0.033203125 0.0732421875
1 0.28955078125 0.39111328125 0.0478515625 0.0634765625
1 0.40966796875 0.33349609375 0.0341796875 0.0791015625
1 0.400390625 0.33642578125 0.048828125 0.0654296875
1 0.51953125 0.27734375 0.033203125 0.08203125
1 0.51123046875 0.28125 0.0498046875 0.068359375
1 0.6123046875 0.1865234375 0.037109375 0.076171875
1 0.6044921875 0.18896484375 0.048828125 0.0634765625
1 0.72314453125 0.13037109375 0.0361328125 0.0771484375
1 0.7158203125 0.13427734375 0.05078125 0.0654296875
3 0.470703125 0.4521484375 0.056640625 0.046875
3 0.58154296875 0.3935546875 0.0595703125 0.05078125
3 0.6728515625 0.30517578125 0.0625 0.0498046875
0 0.298828125 0.51220703125 0.017578125 0.0205078125
0 0.20849609375 0.37646484375 0.0185546875 0.0185546875
0 0.3583984375 0.39697265625 0.017578125 0.0185546875
0 0.58154296875 0.240234375 0.0146484375 0.01953125
0 0.5205078125 0.3984375 0.013671875 0.015625
0 0.50341796875 0.40576171875 0.0166015625 0.0166015625
0 0.71240234375 0.26123046875 0.0146484375 0.0166015625
0 0.82080078125 0.20458984375 0.0185546875 0.0185546875
0 0.69091796875 0.1845703125 0.0185546875 0.01953125