2 0.62060546875 0.529296875 0.1943359375 0.70703125
2 0.47265625 0.52734375 0.169921875 0.7021484375
3 0.5185546875 0.671875 0.0263671875 0.0224609375
3 0.45751953125 0.68212890625 0.025390625 0.01953125
3 0.45458984375 0.5869140625 0.0263671875 0.021484375
3 0.46923828125 0.541015625 0.01953125 0.017578125
3 0.45654296875 0.48681640625 0.0185546875 0.0166015625
3 0.46533203125 0.38916015625 0.0234375 0.01953125
3 0.52685546875 0.41015625 0.0234375 0.025390625
3 0.46484375 0.42138671875 0.0244140625 0.01953125
1 0.55517578125 0.53125 0.35546875 0.7421875