1 0.42333984375 0.50732421875 0.15234375 0.25390625
1 0.55712890625 0.51806640625 0.162109375 0.2607421875
1 0.58056640625 0.4853515625 0.0791015625 0.08203125
0 0.52490234375 0.5166015625 0.0234375 0.0244140625
1 0.58203125 0.54296875 0.072265625 0.0458984375
1 0.369140625 0.484375 0.0498046875 0.2197265625
0 0.55419921875 0.5888671875 0.0224609375 0.01953125
0 0.41259765625 0.55517578125 0.029296875 0.0234375
1 0.8251953125 0.65966796875 0.302734375 0.125
1 0.2431640625 0.6005859375 0.173828125 0.1142578125
0 0.1728515625 0.57568359375 0.0234375 0.0263671875