1 0.6142578125 0.57373046875 0.435546875 0.48828125
1 0.30224609375 0.59716796875 0.380859375 0.380859375
0 0.26953125 0.505859375 0.01953125 0.0185546875
0 0.6982421875 0.494140625 0.0166015625 0.015625
0 0.53662109375 0.51611328125 0.01953125 0.01953125
0 0.505859375 0.4873046875 0.017578125 0.015625
0 0.51025390625 0.607421875 0.01953125 0.01953125
0 0.4794921875 0.64208984375 0.0185546875 0.0166015625
1 0.92724609375 0.18408203125 0.0830078125 0.1728515625
1 0.8857421875 0.2939453125 0.22265625 0.3505859375
3 0.89404296875 0.2978515625 0.19921875 0.2939453125
0 0.94970703125 0.20556640625 0.0234375 0.03125