1 0.65087890625 0.34765625 0.2607421875 0.27734375
1 0.56982421875 0.25390625 0.2724609375 0.2666015625
1 0.5498046875 0.248046875 0.060546875 0.0830078125
1 0.5341796875 0.2568359375 0.083984375 0.05859375
3 0.5478515625 0.203125 0.029296875 0.0322265625
1 0.41357421875 0.77099609375 0.2783203125 0.2060546875
1 0.55712890625 0.822265625 0.3515625 0.283203125
1 0.560546875 0.54833984375 0.3701171875 0.2744140625
1 0.42236328125 0.6025390625 0.265625 0.169921875
0 0.40673828125 0.60205078125 0.044921875 0.0478515625
0 0.4365234375 0.78271484375 0.0234375 0.0263671875
0 0.40966796875 0.81689453125 0.0302734375 0.0380859375
3 0.59033203125 0.78466796875 0.033203125 0.0361328125