1 0.53857421875 0.49267578125 0.23046875 0.275390625
1 0.44140625 0.5458984375 0.20703125 0.265625
1 0.13330078125 0.72705078125 0.22265625 0.27734375
1 0.07470703125 0.779296875 0.134765625 0.263671875
1 0.18505859375 0.248046875 0.2880859375 0.2392578125
1 0.24951171875 0.115234375 0.146484375 0.2119140625
1 0.1142578125 0.11669921875 0.15625 0.2021484375
1 0.0361328125 0.291015625 0.033203125 0.14453125
1 0.90869140625 0.2626953125 0.173828125 0.29296875
1 0.8388671875 0.31982421875 0.2353515625 0.2919921875
2 0.91796875 0.25390625 0.1513671875 0.23046875
2 0.83544921875 0.318359375 0.1884765625 0.2490234375
0 0.818359375 0.3271484375 0.0224609375 0.0234375
0 0.419921875 0.56103515625 0.0302734375 0.029296875
0 0.46240234375 0.64794921875 0.0244140625 0.03515625
0 0.021484375 0.79345703125 0.0146484375 0.025390625
0 0.056640625 0.87890625 0.01953125 0.021484375
0 0.09423828125 0.21142578125 0.0234375 0.0283203125
0 0.12353515625 0.189453125 0.0234375 0.029296875
0 0.15625 0.1787109375 0.0302734375 0.0302734375