1 0.5068359375 0.56298828125 0.30859375 0.2587890625
1 0.51513671875 0.4013671875 0.287109375 0.1884765625
1 0.4638671875 0.56005859375 0.033203125 0.048828125
1 0.48388671875 0.56201171875 0.0361328125 0.046875
1 0.5361328125 0.56591796875 0.03515625 0.05078125
1 0.5556640625 0.568359375 0.0341796875 0.048828125
1 0.52490234375 0.39013671875 0.0341796875 0.048828125
1 0.50146484375 0.384765625 0.0439453125 0.0498046875
0 0.61572265625 0.404296875 0.029296875 0.025390625
0 0.5322265625 0.42919921875 0.0244140625 0.0244140625
3 0.5107421875 0.51123046875 0.033203125 0.03125