1 0.5 0.45556640625 0.333984375 0.3349609375
1 0.4072265625 0.51611328125 0.3349609375 0.2890625
1 0.443359375 0.63427734375 0.150390625 0.1982421875
1 0.39599609375 0.580078125 0.1943359375 0.1650390625
1 0.7001953125 0.333984375 0.1845703125 0.19140625
1 0.7626953125 0.14453125 0.2900390625 0.2724609375
1 0.8779296875 0.30078125 0.244140625 0.291015625
1 0.93603515625 0.10693359375 0.1279296875 0.1630859375
3 0.5390625 0.44775390625 0.0341796875 0.041015625
3 0.46923828125 0.42919921875 0.041015625 0.0458984375
3 0.47998046875 0.37744140625 0.033203125 0.037109375
0 0.51708984375 0.42431640625 0.03125 0.0341796875
0 0.84912109375 0.16650390625 0.0205078125 0.01953125
0 0.7802734375 0.2294921875 0.0205078125 0.01953125
0 0.91064453125 0.1943359375 0.0302734375 0.0322265625