1 0.5380859375 0.580078125 0.3583984375 0.3291015625
1 0.5478515625 0.619140625 0.0703125 0.1298828125
1 0.57470703125 0.59619140625 0.1181640625 0.0859375
0 0.6513671875 0.490234375 0.021484375 0.0205078125
0 0.40087890625 0.62353515625 0.0166015625 0.0185546875
3 0.41455078125 0.4462890625 0.04296875 0.0390625
0 0.50048828125 0.46533203125 0.015625 0.0146484375
1 0.44775390625 0.4609375 0.380859375 0.3271484375
1 0.33154296875 0.7919921875 0.228515625 0.201171875
1 0.39111328125 0.87109375 0.2197265625 0.201171875
1 0.88720703125 0.24853515625 0.220703125 0.3330078125
1 0.94775390625 0.10693359375 0.091796875 0.1943359375
0 0.9521484375 0.21826171875 0.0439453125 0.044921875
0 0.88427734375 0.255859375 0.025390625 0.02734375