1 0.37890625 0.38916015625 0.6044921875 0.4375
1 0.3427734375 0.51806640625 0.626953125 0.4326171875
1 0.341796875 0.5146484375 0.1220703125 0.1123046875
1 0.38232421875 0.38623046875 0.1298828125 0.1181640625
1 0.26123046875 0.6328125 0.1591796875 0.171875
1 0.16162109375 0.6044921875 0.1748046875 0.1787109375
0 0.15087890625 0.29150390625 0.0302734375 0.029296875
0 0.32080078125 0.31689453125 0.0205078125 0.0205078125
0 0.296875 0.421875 0.0244140625 0.025390625
3 0.515625 0.42626953125 0.0263671875 0.0322265625
0 0.4755859375 0.42431640625 0.0234375 0.021484375
0 0.31005859375 0.3857421875 0.015625 0.017578125
0 0.23681640625 0.52001953125 0.021484375 0.0244140625
3 0.46923828125 0.52880859375 0.0263671875 0.0302734375
1 0.45361328125 0.685546875 0.115234375 0.142578125
1 0.3984375 0.66748046875 0.1181640625 0.146484375
1 0.20263671875 0.96826171875 0.1240234375 0.0634765625
1 0.3017578125 0.98193359375 0.103515625 0.0361328125