1 0.5615234375 0.5166015625 0.2509765625 0.3388671875
1 0.4697265625 0.44921875 0.310546875 0.3505859375
1 0.63623046875 0.30517578125 0.271484375 0.251953125
0 0.5048828125 0.50341796875 0.04296875 0.0439453125
3 0.95947265625 0.765625 0.0185546875 0.0234375
1 0.08056640625 0.171875 0.1015625 0.1845703125
1 0.1240234375 0.0888671875 0.1513671875 0.10546875
1 0.14501953125 0.03955078125 0.1748046875 0.0791015625
0 0.06640625 0.025390625 0.0107421875 0.017578125
0 0.60986328125 0.48486328125 0.017578125 0.015625
0 0.08642578125 0.85693359375 0.0146484375 0.015625
1 0.08154296875 0.634765625 0.0927734375 0.1064453125
1 0.044921875 0.60791015625 0.087890625 0.1005859375