1 0.515625 0.5 0.2236328125 0.2939453125
1 0.6943359375 0.4853515625 0.208984375 0.25
1 0.8505859375 0.39111328125 0.23046875 0.2880859375
1 0.96435546875 0.36865234375 0.0693359375 0.1826171875
3 0.95361328125 0.3076171875 0.0244140625 0.0302734375
3 0.9052734375 0.34912109375 0.037109375 0.033203125
3 0.73974609375 0.42626953125 0.0341796875 0.0322265625
3 0.62158203125 0.4150390625 0.037109375 0.041015625
3 0.56884765625 0.45556640625 0.03515625 0.0322265625
0 0.95947265625 0.39208984375 0.033203125 0.0283203125
1 0.43896484375 0.05859375 0.1962890625 0.1171875
1 0.6142578125 0.041015625 0.189453125 0.08203125