1 0.5263671875 0.439453125 0.220703125 0.154296875
1 0.5009765625 0.55859375 0.271484375 0.173828125
1 0.46337890625 0.58056640625 0.0869140625 0.0712890625
0 0.50830078125 0.5302734375 0.0224609375 0.021484375
1 0.5146484375 0.59033203125 0.04296875 0.0751953125
1 0.521484375 0.3671875 0.216796875 0.064453125
0 0.5712890625 0.5771484375 0.021484375 0.01953125
0 0.57763671875 0.43115234375 0.0244140625 0.029296875
1 0.5634765625 0.85400390625 0.1328125 0.2919921875
1 0.669921875 0.27978515625 0.125 0.1767578125
0 0.6630859375 0.2060546875 0.02734375 0.0234375