1 0.4990234375 0.533203125 0.2421875 0.1953125
1 0.4970703125 0.3662109375 0.244140625 0.142578125
1 0.20263671875 0.62109375 0.4052734375 0.208984375
1 0.134765625 0.6103515625 0.111328125 0.15625
1 0.05078125 0.68359375 0.08203125 0.078125
0 0.01806640625 0.56787109375 0.0244140625 0.0224609375
0 0.36376953125 0.5791015625 0.0224609375 0.025390625
0 0.48193359375 0.3359375 0.0185546875 0.02734375
3 0.3271484375 0.439453125 0.0390625 0.033203125
3 0.5908203125 0.5869140625 0.021484375 0.017578125
3 0.232421875 0.59326171875 0.0234375 0.0244140625
3 0.20068359375 0.59423828125 0.0185546875 0.0263671875