1 0.3798828125 0.37646484375 0.19140625 0.2802734375
1 0.5498046875 0.3642578125 0.185546875 0.2734375
1 0.60546875 0.5966796875 0.181640625 0.248046875
1 0.43798828125 0.607421875 0.1865234375 0.244140625
0 0.4521484375 0.447265625 0.017578125 0.025390625
3 0.42724609375 0.52001953125 0.0302734375 0.0185546875
3 0.41455078125 0.591796875 0.0322265625 0.015625
0 0.505859375 0.509765625 0.01953125 0.025390625
3 0.46484375 0.5546875 0.029296875 0.03125
3 0.62109375 0.52880859375 0.029296875 0.0263671875
3 0.57275390625 0.45166015625 0.0322265625 0.0205078125
3 0.36376953125 0.42431640625 0.0341796875 0.0244140625
3 0.43115234375 0.43701171875 0.0263671875 0.0166015625
0 0.5927734375 0.50244140625 0.015625 0.0166015625