1 0.40283203125 0.43603515625 0.1787109375 0.1591796875
1 0.46484375 0.60888671875 0.40234375 0.2705078125
1 0.58935546875 0.4345703125 0.2509765625 0.224609375
3 0.41162109375 0.47119140625 0.0205078125 0.0263671875
1 0.45556640625 0.625 0.1708984375 0.099609375
3 0.44482421875 0.57470703125 0.0302734375 0.0244140625
1 0.4423828125 0.66259765625 0.1640625 0.0771484375
0 0.623046875 0.55029296875 0.015625 0.0126953125
0 0.5390625 0.49609375 0.015625 0.01171875
0 0.44677734375 0.4150390625 0.0185546875 0.017578125
1 0.43701171875 0.87890625 0.1005859375 0.072265625
1 0.447265625 0.8330078125 0.09765625 0.056640625
1 0.69140625 0.92822265625 0.291015625 0.1435546875
1 0.634765625 0.982421875 0.1875 0.03515625
1 0.13427734375 0.83056640625 0.2685546875 0.1572265625
1 0.125 0.931640625 0.248046875 0.13671875
0 0.1533203125 0.81591796875 0.025390625 0.0283203125
3 0.126953125 0.966796875 0.029296875 0.03125
3 0.72119140625 0.92529296875 0.0283203125 0.0322265625
0 0.05615234375 0.96435546875 0.0166015625 0.0126953125
0 0.4296875 0.62353515625 0.013671875 0.0126953125