1 0.50927734375 0.47705078125 0.1474609375 0.2294921875
1 0.4091796875 0.49365234375 0.134765625 0.2294921875
1 0.47705078125 0.62158203125 0.1630859375 0.091796875
1 0.95751953125 0.2890625 0.0849609375 0.28125
1 0.87060546875 0.31396484375 0.2099609375 0.2890625
1 0.82861328125 0.5234375 0.3427734375 0.20703125
1 0.53271484375 0.83837890625 0.140625 0.2138671875
1 0.6669921875 0.84326171875 0.1435546875 0.21484375
0 0.4970703125 0.5166015625 0.021484375 0.0205078125
0 0.4130859375 0.44580078125 0.0263671875 0.02734375
0 0.4912109375 0.55712890625 0.0185546875 0.0185546875
0 0.77587890625 0.509765625 0.021484375 0.0224609375
0 0.86474609375 0.3564453125 0.0166015625 0.0166015625
0 0.85205078125 0.271484375 0.013671875 0.0126953125