1 0.5400390625 0.56884765625 0.29296875 0.2744140625
1 0.3701171875 0.6591796875 0.232421875 0.2734375
0 0.4970703125 0.57763671875 0.013671875 0.0146484375
0 0.4599609375 0.67041015625 0.017578125 0.0146484375
1 0.2099609375 0.1396484375 0.337890625 0.279296875
2 0.20751953125 0.125 0.2568359375 0.25
1 0.10205078125 0.14013671875 0.1748046875 0.2802734375
0 0.15087890625 0.02783203125 0.0419921875 0.0380859375
1 0.9296875 0.658203125 0.134765625 0.1875
1 0.95068359375 0.814453125 0.0673828125 0.16796875
0 0.95068359375 0.71484375 0.0126953125 0.021484375