1 0.57421875 0.45556640625 0.19921875 0.2587890625
1 0.69140625 0.37255859375 0.06640625 0.1025390625
1 0.73095703125 0.3857421875 0.0771484375 0.103515625
1 0.4443359375 0.40673828125 0.208984375 0.2802734375
1 0.4658203125 0.63134765625 0.228515625 0.2177734375
1 0.8525390625 0.6240234375 0.29296875 0.328125
1 0.94873046875 0.16845703125 0.1025390625 0.2568359375
1 0.8916015625 0.4326171875 0.216796875 0.201171875
0 0.755859375 0.68994140625 0.0078125 0.0146484375
3 0.556640625 0.48828125 0.025390625 0.021484375
0 0.46630859375 0.4443359375 0.0283203125 0.02734375
0 0.4580078125 0.63232421875 0.01953125 0.0205078125
0 0.60888671875 0.482421875 0.0146484375 0.01171875