1 0.56201171875 0.419921875 0.3740234375 0.2998046875
1 0.4912109375 0.5458984375 0.4169921875 0.30078125
1 0.9130859375 0.814453125 0.150390625 0.173828125
1 0.95166015625 0.6943359375 0.0869140625 0.1884765625
1 0.6064453125 0.783203125 0.130859375 0.1181640625
1 0.05859375 0.20361328125 0.095703125 0.1689453125
1 0.08642578125 0.10107421875 0.1376953125 0.1298828125
1 0.859375 0.86962890625 0.1396484375 0.12890625
0 0.39697265625 0.51953125 0.0283203125 0.03125
0 0.9853515625 0.6376953125 0.0185546875 0.0419921875
0 0.59814453125 0.6357421875 0.0615234375 0.046875
3 0.48388671875 0.36865234375 0.0419921875 0.0419921875