1 0.55029296875 0.47216796875 0.3369140625 0.33984375
1 0.44482421875 0.556640625 0.3369140625 0.3623046875
1 0.41259765625 0.57275390625 0.09765625 0.181640625
1 0.375 0.5234375 0.1806640625 0.0888671875
3 0.5556640625 0.46240234375 0.048828125 0.0439453125
0 0.52099609375 0.51611328125 0.0283203125 0.029296875
1 0.16943359375 0.046875 0.1376953125 0.09375
1 0.49169921875 0.59228515625 0.0185546875 0.017578125
1 0.47607421875 0.47216796875 0.01953125 0.017578125
1 0.71923828125 0.12451171875 0.279296875 0.1875
2 0.73095703125 0.1240234375 0.1787109375 0.140625
1 0.8125 0.2060546875 0.283203125 0.267578125
2 0.81201171875 0.1767578125 0.2646484375 0.2060546875
0 0.7216796875 0.16357421875 0.0380859375 0.0361328125
1 0.8134765625 0.56494140625 0.0888671875 0.083984375
1 0.7880859375 0.5361328125 0.0888671875 0.08203125
1 0.95263671875 0.15380859375 0.0947265625 0.0576171875
1 0.953125 0.12255859375 0.09375 0.0458984375
1 0.75927734375 0.9609375 0.2861328125 0.078125
1 0.69140625 0.9970703125 0.017578125 0.005859375
1 0.71044921875 0.9970703125 0.0205078125 0.005859375
1 0.822265625 0.9833984375 0.0224609375 0.0302734375
1 0.8408203125 0.984375 0.0244140625 0.03125
1 0.0986328125 0.884765625 0.197265625 0.1015625