1 0.49365234375 0.31494140625 0.2216796875 0.0869140625
1 0.49267578125 0.39697265625 0.2197265625 0.0830078125
1 0.48974609375 0.47265625 0.2158203125 0.072265625
1 0.48876953125 0.54638671875 0.2158203125 0.0869140625
1 0.4873046875 0.619140625 0.212890625 0.07421875
1 0.48486328125 0.6953125 0.2197265625 0.0859375
1 0.482421875 0.8447265625 0.216796875 0.08984375
1 0.48388671875 0.7724609375 0.2177734375 0.0703125
1 0.47900390625 0.9189453125 0.2138671875 0.07421875
1 0.47705078125 0.974609375 0.2138671875 0.05078125
1 0.1533203125 0.39794921875 0.076171875 0.0693359375
1 0.15185546875 0.46240234375 0.0732421875 0.0595703125
0 0.40576171875 0.2900390625 0.0205078125 0.017578125
0 0.58447265625 0.42626953125 0.0166015625 0.0107421875
0 0.58154296875 0.4462890625 0.0185546875 0.009765625
3 0.46484375 0.55224609375 0.01953125 0.0224609375
0 0.5771484375 0.59619140625 0.021484375 0.0107421875
2 0.490234375 0.6884765625 0.212890625 0.068359375
3 0.45263671875 0.70458984375 0.0361328125 0.0302734375
0 0.39306640625 0.71826171875 0.0224609375 0.0244140625
3 0.4111328125 0.8564453125 0.0234375 0.02734375
3 0.4423828125 0.8583984375 0.025390625 0.02734375
0 0.47412109375 0.87109375 0.0283203125 0.02734375
0 0.57080078125 0.8740234375 0.0166015625 0.009765625
0 0.5712890625 0.89306640625 0.017578125 0.0107421875