1 0.58837890625 0.4755859375 0.3017578125 0.14453125
1 0.5654296875 0.5859375 0.2578125 0.171875
1 0.5556640625 0.33642578125 0.234375 0.3134765625
1 0.4150390625 0.31884765625 0.169921875 0.3486328125
1 0.32861328125 0.4130859375 0.2333984375 0.171875
1 0.32080078125 0.52294921875 0.2275390625 0.1357421875
1 0.33740234375 0.65869140625 0.2001953125 0.3193359375
1 0.48095703125 0.67236328125 0.2099609375 0.3466796875
3 0.59130859375 0.2734375 0.0380859375 0.02734375
3 0.5751953125 0.36474609375 0.05078125 0.0771484375
3 0.51611328125 0.6669921875 0.0517578125 0.076171875
3 0.4931640625 0.75634765625 0.044921875 0.0341796875
3 0.6435546875 0.455078125 0.025390625 0.0234375
0 0.572265625 0.52294921875 0.03515625 0.0361328125
0 0.50146484375 0.501953125 0.0185546875 0.021484375
0 0.494140625 0.5234375 0.01953125 0.01953125
0 0.4951171875 0.576171875 0.0234375 0.029296875
2 0.375 0.67333984375 0.095703125 0.2568359375
3 0.41650390625 0.74267578125 0.0302734375 0.0205078125
3 0.43994140625 0.65380859375 0.0361328125 0.0341796875
3 0.4453125 0.5712890625 0.03125 0.025390625
3 0.47265625 0.431640625 0.02734375 0.021484375
3 0.52197265625 0.439453125 0.0302734375 0.021484375
2 0.44482421875 0.3115234375 0.0947265625 0.255859375
3 0.49560546875 0.3515625 0.0361328125 0.041015625
1 0.39990234375 0.23828125 0.0634765625 0.0546875
1 0.38330078125 0.330078125 0.0634765625 0.0546875
0 0.3876953125 0.47412109375 0.033203125 0.0283203125
0 0.376953125 0.5009765625 0.02734375 0.0234375
1 0.3203125 0.6201171875 0.06640625 0.0546875
1 0.30126953125 0.71435546875 0.0673828125 0.0556640625