1 0.17236328125 0.79833984375 0.3017578125 0.3232421875
1 0.12109375 0.7529296875 0.2041015625 0.2392578125
1 0.26318359375 0.85107421875 0.3017578125 0.2978515625
1 0.36572265625 0.88037109375 0.3408203125 0.2392578125
0 0.23046875 0.98779296875 0.033203125 0.0244140625
0 0.353515625 0.79150390625 0.03125 0.0302734375
1 0.490234375 0.91455078125 0.232421875 0.1708984375
1 0.3388671875 0.5625 0.2509765625 0.2421875
1 0.5439453125 0.68017578125 0.3642578125 0.3349609375
1 0.43359375 0.48291015625 0.27734375 0.26171875
1 0.48876953125 0.3837890625 0.2939453125 0.2822265625
1 0.38623046875 0.43603515625 0.08984375 0.08203125
1 0.365234375 0.47021484375 0.0927734375 0.0830078125
0 0.49169921875 0.47607421875 0.0341796875 0.0322265625
3 0.4482421875 0.6103515625 0.033203125 0.0302734375
0 0.40234375 0.64599609375 0.0283203125 0.02734375
0 0.50634765625 0.64208984375 0.0390625 0.037109375
1 0.64208984375 0.60107421875 0.279296875 0.2470703125
1 0.6748046875 0.67041015625 0.0751953125 0.0771484375
1 0.677734375 0.66162109375 0.0810546875 0.0615234375
1 0.67919921875 0.50732421875 0.298828125 0.30859375
1 0.798828125 0.5302734375 0.1005859375 0.107421875
1 0.80615234375 0.517578125 0.111328125 0.0869140625
1 0.7880859375 0.3125 0.423828125 0.439453125
1 0.81005859375 0.40576171875 0.1650390625 0.119140625
1 0.7978515625 0.4228515625 0.1357421875 0.138671875
1 0.84326171875 0.275390625 0.103515625 0.0712890625
1 0.83544921875 0.28466796875 0.0869140625 0.0869140625
1 0.85693359375 0.14453125 0.2158203125 0.244140625
0 0.81494140625 0.1884765625 0.0556640625 0.048828125
1 0.59521484375 0.20068359375 0.4072265625 0.4013671875
0 0.763671875 0.1904296875 0.033203125 0.0283203125
0 0.740234375 0.23486328125 0.033203125 0.02734375
0 0.712890625 0.28125 0.0361328125 0.0322265625
0 0.66943359375 0.353515625 0.0283203125 0.02734375
0 0.66259765625 0.3056640625 0.048828125 0.0390625
0 0.69921875 0.24169921875 0.033203125 0.0322265625
3 0.68359375 0.17236328125 0.0380859375 0.0380859375
3 0.640625 0.23876953125 0.0400390625 0.0390625
3 0.6015625 0.3095703125 0.04296875 0.0400390625
1 0.70068359375 0.06884765625 0.2373046875 0.1376953125
1 0.65673828125 0.0302734375 0.1162109375 0.060546875
1 0.94287109375 0.1728515625 0.0302734375 0.0537109375
1 0.93994140625 0.154296875 0.025390625 0.0263671875
1 0.8701171875 0.06982421875 0.15234375 0.1396484375
1 0.7919921875 0.02783203125 0.1953125 0.0556640625
1 0.91552734375 0.02783203125 0.0361328125 0.0400390625
1 0.80810546875 0.099609375 0.0224609375 0.017578125
1 0.904296875 0.1923828125 0.01953125 0.017578125
0 0.68701171875 0.53564453125 0.0234375 0.0205078125
0 0.71044921875 0.64990234375 0.017578125 0.0166015625
0 0.59619140625 0.4443359375 0.0341796875 0.0263671875
1 0.5205078125 0.2451171875 0.0869140625 0.1015625
1 0.5166015625 0.25927734375 0.099609375 0.076171875
1 0.578125 0.14990234375 0.0966796875 0.0986328125
1 0.57373046875 0.16357421875 0.1064453125 0.08203125
1 0.6171875 0.0908203125 0.0888671875 0.0966796875
1 0.60888671875 0.107421875 0.0986328125 0.0771484375
1 0.18212890625 0.32275390625 0.3642578125 0.4384765625
1 0.15478515625 0.2744140625 0.3095703125 0.404296875
1 0.1201171875 0.26171875 0.240234375 0.43359375
1 0.05517578125 0.1767578125 0.1103515625 0.232421875
1 0.2587890625 0.07568359375 0.1328125 0.103515625
1 0.17529296875 0.06689453125 0.0849609375 0.048828125
1 0.32177734375 0.06982421875 0.1181640625 0.1103515625
0 0.109375 0.11865234375 0.037109375 0.03125
0 0.0654296875 0.20751953125 0.0302734375 0.0283203125
0 0.01953125 0.29833984375 0.0361328125 0.0341796875
0 0.09130859375 0.23046875 0.01953125 0.0166015625
0 0.07275390625 0.287109375 0.021484375 0.0146484375
0 0.1181640625 0.25634765625 0.017578125 0.0166015625
1 0.73779296875 0.92822265625 0.21484375 0.111328125