1 0.8544921875 0.49267578125 0.291015625 0.1611328125
1 0.83740234375 0.416015625 0.31640625 0.150390625
1 0.89599609375 0.3193359375 0.1630859375 0.1298828125
1 0.85400390625 0.1630859375 0.1953125 0.2431640625
3 0.89306640625 0.125 0.0419921875 0.0283203125
3 0.93310546875 0.2734375 0.0419921875 0.0283203125
1 0.47119140625 0.591796875 0.3291015625 0.2109375
1 0.4296875 0.44091796875 0.3623046875 0.24609375
1 0.0869140625 0.6044921875 0.1640625 0.1240234375
1 0.10693359375 0.6904296875 0.16015625 0.1240234375
1 0.05419921875 0.42822265625 0.1083984375 0.3291015625
3 0.51416015625 0.443359375 0.0302734375 0.0361328125
3 0.365234375 0.482421875 0.03515625 0.041015625
3 0.54931640625 0.56396484375 0.01953125 0.0302734375
3 0.39111328125 0.603515625 0.0244140625 0.0283203125
0 0.45947265625 0.51416015625 0.0458984375 0.0263671875
0 0.47314453125 0.59375 0.033203125 0.0283203125
0 0.41259765625 0.65185546875 0.015625 0.017578125
0 0.54296875 0.61767578125 0.015625 0.013671875
3 0.01953125 0.5126953125 0.0341796875 0.025390625
0 0.01171875 0.43212890625 0.0234375 0.0380859375
0 0.0283203125 0.35791015625 0.015625 0.0107421875
0 0.05908203125 0.4892578125 0.015625 0.015625