1 0.66552734375 0.56201171875 0.1318359375 0.1552734375
1 0.6708984375 0.43505859375 0.1435546875 0.1796875
1 0.5771484375 0.4072265625 0.17578125 0.259765625
1 0.58837890625 0.25341796875 0.1435546875 0.134765625
3 0.57568359375 0.26806640625 0.044921875 0.041015625
1 0.49560546875 0.40380859375 0.13671875 0.166015625
1 0.48828125 0.5322265625 0.1279296875 0.1572265625
1 0.41845703125 0.22265625 0.1337890625 0.1376953125
1 0.40771484375 0.37451171875 0.1787109375 0.2548828125
1 0.32080078125 0.3701171875 0.138671875 0.166015625
1 0.31591796875 0.5 0.1259765625 0.1572265625
1 0.23486328125 0.33984375 0.1767578125 0.25390625
1 0.24853515625 0.1875 0.1337890625 0.1357421875
1 0.068359375 0.1533203125 0.13671875 0.134765625
1 0.07470703125 0.30859375 0.1494140625 0.259765625
3 0.068359375 0.38037109375 0.04296875 0.0439453125
3 0.05322265625 0.1708984375 0.0478515625 0.041015625
3 0.22802734375 0.203125 0.046875 0.0390625
3 0.21142578125 0.36279296875 0.0576171875 0.048828125
3 0.2431640625 0.41455078125 0.0419921875 0.0390625
3 0.38720703125 0.39501953125 0.0537109375 0.048828125
3 0.41650390625 0.44677734375 0.041015625 0.0361328125
3 0.40087890625 0.236328125 0.0458984375 0.037109375
3 0.56201171875 0.42724609375 0.0517578125 0.0478515625
3 0.58935546875 0.47998046875 0.0458984375 0.044921875
1 0.14013671875 0.46533203125 0.1298828125 0.1611328125
1 0.1455078125 0.3388671875 0.1416015625 0.16796875
1 0.5400390625 0.9189453125 0.20703125 0.162109375
1 0.36474609375 0.91552734375 0.2451171875 0.1689453125
3 0.42431640625 0.93212890625 0.0537109375 0.0830078125
1 0.36328125 0.9541015625 0.0556640625 0.0439453125
1 0.361328125 0.92138671875 0.0517578125 0.048828125
3 0.5634765625 0.9443359375 0.044921875 0.0419921875
3 0.4873046875 0.97216796875 0.0341796875 0.0263671875
3 0.43798828125 0.9892578125 0.0263671875 0.021484375
1 0.6435546875 0.0078125 0.09375 0.015625
1 0.6181640625 0.03125 0.234375 0.0625