1 0.43896484375 0.5029296875 0.4775390625 0.359375
1 0.53076171875 0.36279296875 0.4453125 0.3447265625
1 0.1953125 0.22509765625 0.3701171875 0.333984375
1 0.13525390625 0.3798828125 0.2705078125 0.29296875
1 0.45263671875 0.53173828125 0.083984375 0.09375
3 0.32080078125 0.46533203125 0.041015625 0.046875
1 0.3583984375 0.4736328125 0.0849609375 0.0908203125
1 0.498046875 0.31640625 0.078125 0.087890625
1 0.6376953125 0.3974609375 0.076171875 0.08984375
1 0.22412109375 0.23876953125 0.0810546875 0.08984375
1 0.083984375 0.15380859375 0.0791015625 0.09375
1 0.05078125 0.37939453125 0.0859375 0.0947265625
0 0.1162109375 0.38330078125 0.0185546875 0.015625
3 0.11083984375 0.42578125 0.0439453125 0.0478515625
1 0.14794921875 0.435546875 0.0849609375 0.091796875
3 0.29150390625 0.26708984375 0.0400390625 0.0458984375
3 0.15869140625 0.18701171875 0.044921875 0.0478515625
3 0.44287109375 0.2705078125 0.041015625 0.0458984375
3 0.57373046875 0.34912109375 0.0439453125 0.048828125
0 0.646484375 0.51025390625 0.0185546875 0.0234375
0 0.56787109375 0.41015625 0.02734375 0.0244140625
0 0.49951171875 0.38330078125 0.0166015625 0.0166015625
0 0.3935546875 0.35107421875 0.0244140625 0.0341796875
0 0.2373046875 0.34326171875 0.017578125 0.0234375
0 0.16259765625 0.26416015625 0.01953125 0.01953125
0 0.421875 0.48095703125 0.017578125 0.015625
1 0.87060546875 0.9111328125 0.2021484375 0.177734375
1 0.9189453125 0.7880859375 0.1318359375 0.2080078125
0 0.89208984375 0.82861328125 0.0234375 0.03125