1 0.36572265625 0.37451171875 0.4150390625 0.2138671875
1 0.3603515625 0.328125 0.208984375 0.064453125
1 0.3876953125 0.4970703125 0.412109375 0.173828125
2 0.49609375 0.47265625 0.19140625 0.111328125
2 0.28076171875 0.52099609375 0.1845703125 0.1240234375
1 0.41650390625 0.6201171875 0.1826171875 0.166015625
1 0.39697265625 0.53662109375 0.1787109375 0.0576171875
3 0.2978515625 0.3984375 0.03515625 0.041015625
0 0.33935546875 0.3837890625 0.0107421875 0.015625
0 0.39697265625 0.37841796875 0.0166015625 0.0185546875
3 0.43994140625 0.373046875 0.0341796875 0.03515625
1 0.75341796875 0.41162109375 0.0595703125 0.2001953125
1 0.8232421875 0.41015625 0.14453125 0.201171875
1 0.93017578125 0.38818359375 0.1396484375 0.2431640625
3 0.8212890625 0.44775390625 0.02734375 0.0224609375
3 0.94580078125 0.42724609375 0.0302734375 0.0263671875
0 0.90087890625 0.3837890625 0.0263671875 0.01953125
0 0.78369140625 0.32470703125 0.0126953125 0.0126953125