1 0.6591796875 0.39599609375 0.13671875 0.1279296875
1 0.52978515625 0.4169921875 0.3173828125 0.2626953125
1 0.46044921875 0.533203125 0.306640625 0.2578125
2 0.5244140625 0.41650390625 0.2822265625 0.2392578125
3 0.42822265625 0.5263671875 0.0439453125 0.041015625
0 0.47998046875 0.51220703125 0.0263671875 0.02734375
1 0.55517578125 0.40478515625 0.0771484375 0.05859375
1 0.53125 0.39208984375 0.0419921875 0.0810546875
1 0.1904296875 0.11669921875 0.279296875 0.2333984375
1 0.14599609375 0.2197265625 0.2373046875 0.2314453125
1 0.24072265625 0.07275390625 0.2333984375 0.1455078125