1 0.3583984375 0.68017578125 0.3076171875 0.546875
1 0.45849609375 0.7900390625 0.2197265625 0.3837890625
1 0.54443359375 0.56298828125 0.177734375 0.2080078125
1 0.46337890625 0.35400390625 0.1962890625 0.2216796875
1 0.5908203125 0.3955078125 0.177734375 0.2021484375
0 0.51416015625 0.365234375 0.03125 0.0283203125
3 0.533203125 0.51708984375 0.0390625 0.0341796875
3 0.5048828125 0.6025390625 0.0361328125 0.0244140625
3 0.43603515625 0.56298828125 0.037109375 0.025390625
3 0.40380859375 0.68896484375 0.03125 0.03125
0 0.353515625 0.86181640625 0.033203125 0.033203125
0 0.32958984375 0.7587890625 0.0244140625 0.0283203125
0 0.40673828125 0.65234375 0.0322265625 0.0283203125
0 0.46240234375 0.54736328125 0.033203125 0.029296875
0 0.599609375 0.55908203125 0.0244140625 0.0234375
1 0.923828125 0.59521484375 0.15234375 0.2763671875
1 0.97802734375 0.70263671875 0.0224609375 0.0673828125
1 0.93310546875 0.322265625 0.1337890625 0.19140625
1 0.04541015625 0.22265625 0.0673828125 0.1884765625
1 0.01953125 0.35595703125 0.0283203125 0.0966796875
1 0.828125 0.9365234375 0.291015625 0.126953125
0 0.85986328125 0.96435546875 0.0185546875 0.01953125