1 0.4677734375 0.458984375 0.236328125 0.232421875
1 0.42431640625 0.408203125 0.18359375 0.1767578125
1 0.5771484375 0.5234375 0.3271484375 0.296875
1 0.52197265625 0.529296875 0.2099609375 0.228515625
1 0.61328125 0.392578125 0.1484375 0.1552734375
0 0.58056640625 0.4833984375 0.0419921875 0.0478515625
3 0.47509765625 0.40576171875 0.0380859375 0.0390625
3 0.56494140625 0.54150390625 0.0234375 0.0263671875
1 0.26025390625 0.20458984375 0.2841796875 0.29296875
1 0.1748046875 0.12744140625 0.29296875 0.2548828125
3 0.2431640625 0.1123046875 0.0380859375 0.0361328125
1 0.31005859375 0.02392578125 0.0966796875 0.0478515625
1 0.890625 0.92578125 0.181640625 0.1484375
0 0.95556640625 0.99169921875 0.0302734375 0.0166015625
1 0.06982421875 0.87841796875 0.1396484375 0.2060546875
1 0.10791015625 0.94677734375 0.1396484375 0.0732421875
0 0.06689453125 0.8447265625 0.0302734375 0.033203125