1 0.431640625 0.39208984375 0.33203125 0.2099609375
1 0.39990234375 0.56005859375 0.3291015625 0.2275390625
1 0.65478515625 0.515625 0.2392578125 0.392578125
1 0.89697265625 0.2001953125 0.2060546875 0.220703125
1 0.87646484375 0.38671875 0.2470703125 0.248046875
1 0.8427734375 0.59033203125 0.251953125 0.2568359375
1 0.7490234375 0.732421875 0.140625 0.111328125
1 0.87890625 0.74853515625 0.146484375 0.1123046875
1 0.96533203125 0.5107421875 0.0693359375 0.396484375
0 0.90869140625 0.3876953125 0.0283203125 0.0234375
0 0.39501953125 0.4921875 0.0224609375 0.025390625
0 0.92626953125 0.6083984375 0.0302734375 0.025390625
0 0.83935546875 0.52490234375 0.0166015625 0.0166015625
0 0.90966796875 0.53759765625 0.0224609375 0.0224609375
1 0.79833984375 0.60302734375 0.0693359375 0.0888671875
1 0.63525390625 0.74853515625 0.1064453125 0.1142578125