1 0.3564453125 0.35205078125 0.712890625 0.7041015625
0 0.0498046875 0.57763671875 0.01953125 0.01953125
0 0.109375 0.560546875 0.021484375 0.0185546875
0 0.158203125 0.4541015625 0.0205078125 0.01953125
0 0.2197265625 0.43896484375 0.01953125 0.017578125
1 0.5458984375 0.58935546875 0.7265625 0.724609375
0 0.26513671875 0.33056640625 0.0205078125 0.0205078125
0 0.33154296875 0.31787109375 0.01953125 0.017578125
0 0.361328125 0.2734375 0.025390625 0.0224609375
0 0.373046875 0.21240234375 0.021484375 0.0166015625
0 0.4736328125 0.154296875 0.021484375 0.0185546875
0 0.48095703125 0.0908203125 0.015625 0.017578125
0 0.580078125 0.03125 0.0224609375 0.0205078125
0 0.32470703125 0.8310546875 0.0185546875 0.0185546875
0 0.34375 0.77099609375 0.021484375 0.01953125
0 0.4296875 0.7080078125 0.0263671875 0.0224609375
0 0.45263671875 0.650390625 0.0234375 0.0205078125
0 0.5380859375 0.587890625 0.0224609375 0.0205078125
0 0.56201171875 0.52880859375 0.0263671875 0.0205078125
0 0.59375 0.4833984375 0.0283203125 0.0263671875
0 0.64599609375 0.466796875 0.0224609375 0.0185546875
0 0.736328125 0.4189453125 0.0595703125 0.0576171875