1 0.20361328125 0.18994140625 0.3798828125 0.3681640625
1 0.1494140625 0.29931640625 0.279296875 0.2890625
1 0.57568359375 0.466796875 0.2626953125 0.3427734375
1 0.6728515625 0.55322265625 0.3212890625 0.3369140625
1 0.44189453125 0.48046875 0.220703125 0.2177734375
1 0.85595703125 0.03564453125 0.2421875 0.0654296875
1 0.9130859375 0.107421875 0.140625 0.1328125
1 0.8583984375 0.1708984375 0.26171875 0.240234375
3 0.09765625 0.10205078125 0.0849609375 0.0947265625
3 0.08154296875 0.25341796875 0.0361328125 0.0361328125
3 0.1455078125 0.29638671875 0.0341796875 0.03515625
3 0.2080078125 0.3486328125 0.0322265625 0.0361328125
0 0.103515625 0.16552734375 0.0439453125 0.0419921875
0 0.07861328125 0.30078125 0.044921875 0.0400390625
0 0.43212890625 0.4736328125 0.0830078125 0.0712890625
0 0.70263671875 0.625 0.0849609375 0.0888671875
0 0.55224609375 0.49609375 0.046875 0.05078125
0 0.5869140625 0.43798828125 0.0556640625 0.0634765625
0 0.57763671875 0.6025390625 0.0263671875 0.0244140625
0 0.6572265625 0.52685546875 0.029296875 0.0263671875
0 0.73046875 0.541015625 0.060546875 0.060546875