1 0.49658203125 0.63671875 0.2802734375 0.095703125
2 0.4912109375 0.48779296875 0.28125 0.2158203125
1 0.48974609375 0.47900390625 0.2861328125 0.2529296875
1 0.11279296875 0.490234375 0.2255859375 0.255859375
1 0.1416015625 0.80126953125 0.08984375 0.0791015625
1 0.1142578125 0.56396484375 0.03125 0.0361328125
2 0.56494140625 0.56982421875 0.1259765625 0.0322265625
0 0.54736328125 0.525390625 0.0205078125 0.025390625
0 0.1181640625 0.4873046875 0.029296875 0.02734375
0 0.53076171875 0.61962890625 0.0185546875 0.0283203125
0 0.5869140625 0.615234375 0.017578125 0.021484375