1 0.4990234375 0.4140625 0.0947265625 0.0947265625
1 0.56103515625 0.4033203125 0.0966796875 0.103515625
1 0.546875 0.60546875 0.2529296875 0.3505859375
1 0.669921875 0.580078125 0.255859375 0.380859375
1 0.5400390625 0.625 0.0732421875 0.05859375
1 0.53759765625 0.60400390625 0.07421875 0.0439453125
1 0.52734375 0.56884765625 0.0625 0.048828125
1 0.52587890625 0.5478515625 0.0751953125 0.044921875
2 0.587890625 0.6025390625 0.1494140625 0.2998046875
1 0.5478515625 0.67578125 0.0693359375 0.0458984375
1 0.5478515625 0.65966796875 0.0751953125 0.04296875
1 0.681640625 0.5888671875 0.0771484375 0.044921875
2 0.6298828125 0.59521484375 0.1591796875 0.318359375
1 0.6787109375 0.5712890625 0.0693359375 0.056640625
1 0.67236328125 0.5322265625 0.076171875 0.048828125
1 0.66943359375 0.5146484375 0.0693359375 0.0517578125
1 0.69140625 0.6455078125 0.0712890625 0.04296875
1 0.68994140625 0.6259765625 0.0673828125 0.05078125