1 0.49462890625 0.6416015625 0.248046875 0.26953125
1 0.595703125 0.53759765625 0.2578125 0.2509765625
1 0.29931640625 0.43408203125 0.3798828125 0.4765625
1 0.41259765625 0.3203125 0.4619140625 0.451171875
0 0.486328125 0.57568359375 0.0322265625 0.03515625
0 0.50732421875 0.66943359375 0.033203125 0.029296875
3 0.4482421875 0.60205078125 0.0390625 0.05078125
3 0.494140625 0.64892578125 0.033203125 0.0400390625
3 0.6337890625 0.5458984375 0.0546875 0.0537109375
3 0.57275390625 0.48291015625 0.0537109375 0.05078125
3 0.5087890625 0.32421875 0.0791015625 0.0751953125
3 0.47802734375 0.2900390625 0.07421875 0.0693359375
3 0.3818359375 0.38427734375 0.0341796875 0.029296875
3 0.44873046875 0.4541015625 0.0390625 0.0341796875