1 0.38818359375 0.53466796875 0.3232421875 0.3330078125
1 0.51025390625 0.42626953125 0.3330078125 0.3388671875
2 0.45458984375 0.36181640625 0.2177734375 0.2099609375
3 0.4658203125 0.369140625 0.044921875 0.04296875
3 0.56591796875 0.48193359375 0.0498046875 0.0478515625
3 0.4775390625 0.4580078125 0.04296875 0.041015625
0 0.560546875 0.40478515625 0.017578125 0.0185546875
0 0.54150390625 0.42041015625 0.0205078125 0.0224609375
0 0.521484375 0.39697265625 0.015625 0.0205078125
0 0.4560546875 0.65576171875 0.013671875 0.0166015625
0 0.271484375 0.4619140625 0.017578125 0.017578125
3 0.43115234375 0.60400390625 0.0439453125 0.0458984375
3 0.328125 0.490234375 0.04296875 0.048828125
1 0.73828125 0.87744140625 0.271484375 0.2001953125
1 0.85888671875 0.8115234375 0.2822265625 0.283203125
3 0.70166015625 0.8984375 0.0478515625 0.046875
3 0.837890625 0.7783203125 0.05078125 0.0546875
3 0.93896484375 0.89453125 0.0419921875 0.041015625
0 0.849609375 0.86865234375 0.041015625 0.0439453125
0 0.896484375 0.81201171875 0.0234375 0.0224609375
0 0.912109375 0.830078125 0.01953125 0.021484375
0 0.6484375 0.87451171875 0.015625 0.0185546875
0 0.5625 0.55810546875 0.01171875 0.0146484375
0 0.76025390625 0.77001953125 0.0166015625 0.0166015625
1 0.12060546875 0.85888671875 0.1904296875 0.2822265625
1 0.0771484375 0.982421875 0.033203125 0.03515625
1 0.92041015625 0.0849609375 0.0712890625 0.134765625