1 0.5400390625 0.5791015625 0.349609375 0.330078125
1 0.55126953125 0.619140625 0.0673828125 0.12890625
1 0.57568359375 0.595703125 0.1181640625 0.08203125
0 0.650390625 0.48779296875 0.021484375 0.0205078125
0 0.40283203125 0.62548828125 0.0166015625 0.0185546875
3 0.41357421875 0.4482421875 0.0419921875 0.0390625
0 0.4990234375 0.46630859375 0.015625 0.0146484375
1 0.44677734375 0.4619140625 0.3720703125 0.326171875
1 0.33642578125 0.79541015625 0.2236328125 0.2001953125
1 0.3974609375 0.873046875 0.21484375 0.201171875
1 0.8837890625 0.24072265625 0.22265625 0.3271484375
1 0.94189453125 0.09716796875 0.0927734375 0.1923828125
0 0.94677734375 0.21044921875 0.0439453125 0.0439453125
0 0.8798828125 0.248046875 0.025390625 0.02734375