1 0.4306640625 0.3701171875 0.3330078125 0.3486328125
1 0.330078125 0.46240234375 0.3212890625 0.3564453125
0 0.26708984375 0.31494140625 0.017578125 0.01953125
0 0.3837890625 0.3955078125 0.0107421875 0.0126953125
0 0.40185546875 0.41015625 0.015625 0.0146484375
3 0.43896484375 0.40185546875 0.03515625 0.0341796875
3 0.39990234375 0.36083984375 0.033203125 0.0341796875
0 0.60205078125 0.6279296875 0.3076171875 0.318359375
1 0.83642578125 0.8134765625 0.3271484375 0.353515625
1 0.734375 0.86572265625 0.3193359375 0.2607421875
3 0.845703125 0.84814453125 0.0322265625 0.0302734375
3 0.80859375 0.806640625 0.0263671875 0.0263671875
0 0.79541015625 0.841796875 0.0146484375 0.01171875
0 0.80859375 0.8583984375 0.015625 0.0185546875
0 0.681640625 0.7705078125 0.044921875 0.0439453125