1 0.3603515625 0.55126953125 0.3056640625 0.3828125
1 0.46875 0.6201171875 0.3173828125 0.390625
1 0.109375 0.90185546875 0.1474609375 0.0947265625
1 0.1982421875 0.943359375 0.0712890625 0.03515625
1 0.47021484375 0.0380859375 0.1630859375 0.076171875
1 0.56494140625 0.05712890625 0.1162109375 0.1142578125
1 0.65234375 0.09326171875 0.181640625 0.1650390625
1 0.94384765625 0.1875 0.1123046875 0.1796875
1 0.94287109375 0.10693359375 0.1142578125 0.0869140625
1 0.94873046875 0.74462890625 0.0498046875 0.1064453125
1 0.90869140625 0.85595703125 0.09375 0.1533203125
0 0.37255859375 0.6708984375 0.03125 0.0283203125
0 0.4794921875 0.51611328125 0.03515625 0.033203125