1 0.5380859375 0.33642578125 0.205078125 0.2158203125
1 0.41650390625 0.28759765625 0.2060546875 0.216796875
1 0.3525390625 0.44677734375 0.216796875 0.236328125
1 0.47119140625 0.48291015625 0.2158203125 0.2177734375
1 0.46484375 0.65869140625 0.2158203125 0.23828125
1 0.3203125 0.61962890625 0.265625 0.2333984375
1 0.775390625 0.474609375 0.162109375 0.1484375
1 0.86572265625 0.47021484375 0.2685546875 0.3310546875
3 0.47119140625 0.50537109375 0.0341796875 0.0380859375
3 0.40673828125 0.306640625 0.0322265625 0.0341796875
3 0.39306640625 0.34130859375 0.029296875 0.0263671875
3 0.36083984375 0.42578125 0.0458984375 0.046875
3 0.3330078125 0.48876953125 0.037109375 0.037109375
3 0.3642578125 0.5634765625 0.0361328125 0.03515625
3 0.47119140625 0.65234375 0.0341796875 0.0361328125
0 0.38037109375 0.533203125 0.0322265625 0.0322265625
0 0.4208984375 0.568359375 0.02734375 0.0283203125
3 0.29833984375 0.630859375 0.0341796875 0.03125