1 0.51220703125 0.64794921875 0.3349609375 0.3212890625
1 0.6953125 0.4638671875 0.3125 0.318359375
1 0.4599609375 0.4267578125 0.49609375 0.509765625
2 0.5908203125 0.357421875 0.208984375 0.21875
3 0.4912109375 0.357421875 0.0390625 0.037109375
3 0.5537109375 0.2880859375 0.0390625 0.037109375
3 0.58203125 0.2587890625 0.041015625 0.041015625
3 0.669921875 0.52587890625 0.037109375 0.0380859375
3 0.73681640625 0.4541015625 0.0419921875 0.0390625
3 0.7646484375 0.4267578125 0.04296875 0.041015625
1 0.14501953125 0.251953125 0.1025390625 0.111328125
1 0.1123046875 0.2236328125 0.103515625 0.111328125