1 0.474609375 0.7568359375 0.2177734375 0.2353515625
1 0.380859375 0.6162109375 0.1357421875 0.123046875
1 0.66259765625 0.7216796875 0.234375 0.2451171875
1 0.49755859375 0.5947265625 0.134765625 0.1220703125
1 0.45166015625 0.51025390625 0.2158203125 0.212890625
1 0.6201171875 0.47509765625 0.181640625 0.1923828125
2 0.470703125 0.74169921875 0.0830078125 0.0322265625
0 0.62255859375 0.755859375 0.02734375 0.029296875
3 0.61328125 0.7021484375 0.0263671875 0.029296875
0 0.46533203125 0.4794921875 0.02734375 0.025390625
0 0.58447265625 0.48974609375 0.0234375 0.029296875
1 0.638671875 0.45361328125 0.0458984375 0.0283203125
1 0.634765625 0.43212890625 0.0478515625 0.0283203125
1 0.6455078125 0.4833984375 0.0498046875 0.033203125
1 0.64794921875 0.5048828125 0.048828125 0.0302734375
0 0.5810546875 0.74560546875 0.0263671875 0.0341796875
1 0.36279296875 0.1826171875 0.3115234375 0.232421875
3 0.3798828125 0.2236328125 0.0263671875 0.0322265625
1 0.16796875 0.11474609375 0.212890625 0.158203125
1 0.3525390625 0.0771484375 0.2158203125 0.1484375
0 0.287109375 0.1142578125 0.0244140625 0.0234375
0 0.392578125 0.0927734375 0.0263671875 0.021484375
3 0.40087890625 0.1884765625 0.0283203125 0.02734375
1 0.72314453125 0.19091796875 0.1689453125 0.11328125
1 0.736328125 0.26513671875 0.1640625 0.095703125
0 0.67138671875 0.23291015625 0.0126953125 0.013671875