1 0.5 0.44677734375 0.2744140625 0.1904296875
1 0.4873046875 0.56103515625 0.2802734375 0.1923828125
1 0.7255859375 0.12353515625 0.439453125 0.2470703125
1 0.78564453125 0.04736328125 0.3115234375 0.0947265625
1 0.927734375 0.548828125 0.14453125 0.173828125
1 0.92041015625 0.6953125 0.1591796875 0.205078125
1 0.45361328125 0.580078125 0.083984375 0.0712890625
1 0.515625 0.57958984375 0.07421875 0.078125
3 0.96923828125 0.5927734375 0.0615234375 0.064453125
3 0.93017578125 0.537109375 0.044921875 0.04296875
0 0.5048828125 0.53857421875 0.021484375 0.021484375
3 0.5849609375 0.07275390625 0.033203125 0.0341796875
0 0.802734375 0.0146484375 0.0185546875 0.01953125
1 0.1533203125 0.89111328125 0.1201171875 0.158203125
1 0.19287109375 0.90576171875 0.1181640625 0.1533203125