1 0.85400390625 0.921875 0.2919921875 0.1484375
1 0.68408203125 0.91015625 0.2529296875 0.177734375
1 0.423828125 0.85009765625 0.26953125 0.2998046875
1 0.47998046875 0.95263671875 0.2392578125 0.0947265625
1 0.58837890625 0.76708984375 0.26171875 0.2822265625
1 0.30419921875 0.68798828125 0.3173828125 0.3798828125
1 0.48876953125 0.5693359375 0.251953125 0.267578125
1 0.4111328125 0.35400390625 0.26953125 0.2822265625
1 0.21826171875 0.435546875 0.322265625 0.30859375
1 0.2802734375 0.15576171875 0.3349609375 0.3095703125
1 0.11572265625 0.251953125 0.2314453125 0.31640625
1 0.2099609375 0.041015625 0.1982421875 0.076171875
1 0.07568359375 0.08740234375 0.1513671875 0.1611328125
0 0.04248046875 0.0400390625 0.0341796875 0.0361328125
0 0.07958984375 0.0537109375 0.0234375 0.0283203125
0 0.09814453125 0.04052734375 0.017578125 0.0244140625
1 0.29443359375 0.09521484375 0.0693359375 0.0400390625
1 0.28955078125 0.08154296875 0.0556640625 0.0458984375
1 0.341796875 0.1806640625 0.068359375 0.0361328125
1 0.33349609375 0.166015625 0.052734375 0.0439453125
1 0.27587890625 0.2001953125 0.021484375 0.02734375
1 0.23486328125 0.115234375 0.02734375 0.0302734375
0 0.09033203125 0.12255859375 0.0400390625 0.0263671875
3 0.03662109375 0.2685546875 0.0615234375 0.0966796875
0 0.1962890625 0.302734375 0.0625 0.048828125
0 0.0322265625 0.34375 0.064453125 0.12109375
0 0.2158203125 0.458984375 0.025390625 0.01953125
0 0.353515625 0.470703125 0.0263671875 0.0224609375
0 0.31103515625 0.59912109375 0.0322265625 0.0302734375
0 0.3037109375 0.5703125 0.0478515625 0.037109375
0 0.3427734375 0.66015625 0.0458984375 0.0361328125
0 0.36328125 0.701171875 0.046875 0.03515625
1 0.45654296875 0.50927734375 0.080078125 0.0546875
1 0.4853515625 0.56982421875 0.0791015625 0.0556640625
1 0.51416015625 0.6279296875 0.0810546875 0.0576171875
1 0.30859375 0.7763671875 0.1083984375 0.0791015625
1 0.27099609375 0.693359375 0.1103515625 0.080078125
1 0.2216796875 0.6162109375 0.0654296875 0.0517578125
1 0.21826171875 0.5986328125 0.0693359375 0.0341796875
1 0.45556640625 0.8447265625 0.0888671875 0.09375
1 0.6064453125 0.73583984375 0.0771484375 0.04296875
1 0.60400390625 0.7177734375 0.064453125 0.0517578125
1 0.64453125 0.814453125 0.07421875 0.04296875
1 0.63818359375 0.7939453125 0.0595703125 0.048828125
1 0.50732421875 0.9189453125 0.0400390625 0.0302734375
1 0.53662109375 0.74072265625 0.01953125 0.021484375
0 0.458984375 0.73388671875 0.0322265625 0.03125
0 0.48291015625 0.71728515625 0.0205078125 0.0234375
0 0.5556640625 0.82763671875 0.015625 0.0107421875
1 0.1142578125 0.931640625 0.193359375 0.13671875