1 0.650390625 0.3271484375 0.32421875 0.52734375
1 0.55908203125 0.21337890625 0.2294921875 0.3740234375
1 0.45947265625 0.43505859375 0.1806640625 0.2060546875
1 0.529296875 0.64794921875 0.197265625 0.2216796875
1 0.40380859375 0.5986328125 0.1826171875 0.201171875
0 0.4794921875 0.63330078125 0.03125 0.0283203125
3 0.46728515625 0.48193359375 0.0380859375 0.0341796875
3 0.5 0.3974609375 0.03515625 0.025390625
3 0.56787109375 0.43994140625 0.0361328125 0.0263671875
3 0.60546875 0.31689453125 0.03125 0.0322265625
0 0.66552734375 0.146484375 0.0283203125 0.02734375
0 0.68359375 0.25048828125 0.01953125 0.0244140625
0 0.6005859375 0.3525390625 0.02734375 0.0234375
0 0.54052734375 0.4541015625 0.0283203125 0.0234375
0 0.4033203125 0.43505859375 0.021484375 0.0185546875
1 0.07958984375 0.37646484375 0.1591796875 0.2666015625
1 0.0224609375 0.291015625 0.044921875 0.126953125
1 0.06201171875 0.65185546875 0.1240234375 0.1923828125
1 0.951171875 0.81201171875 0.09765625 0.2041015625
1 0.97802734375 0.65966796875 0.0439453125 0.1318359375
1 0.18603515625 0.05712890625 0.3134765625 0.1142578125
0 0.1640625 0.01708984375 0.015625 0.0166015625