1 0.4365234375 0.70263671875 0.255859375 0.5947265625
1 0.607421875 0.703125 0.251953125 0.59375
1 0.64697265625 0.2158203125 0.2099609375 0.4306640625
1 0.49169921875 0.21435546875 0.2236328125 0.4287109375
0 0.4580078125 0.5234375 0.0224609375 0.0244140625
3 0.49267578125 0.60107421875 0.0224609375 0.0166015625
3 0.44482421875 0.833984375 0.0205078125 0.01953125
3 0.52978515625 0.93505859375 0.0244140625 0.01953125
0 0.49755859375 0.7568359375 0.0283203125 0.076171875
0 0.404296875 0.87353515625 0.0126953125 0.013671875
0 0.369140625 0.5458984375 0.009765625 0.0126953125
0 0.50732421875 0.0859375 0.0478515625 0.0419921875
0 0.5478515625 0.21044921875 0.029296875 0.02734375
0 0.54345703125 0.3046875 0.0234375 0.0166015625
0 0.44140625 0.22998046875 0.01171875 0.0146484375
0 0.45263671875 0.34375 0.0126953125 0.013671875