1 0.36572265625 0.50830078125 0.306640625 0.3583984375
1 0.51416015625 0.4638671875 0.271484375 0.376953125
1 0.37060546875 0.08154296875 0.2294921875 0.1630859375
1 0.326171875 0.09765625 0.130859375 0.1669921875
1 0.2138671875 0.0380859375 0.16796875 0.076171875
0 0.271484375 0.0322265625 0.0322265625 0.0302734375
0 0.525390625 0.41064453125 0.03515625 0.03515625
1 0.498046875 0.9208984375 0.1875 0.158203125
1 0.6357421875 0.900390625 0.236328125 0.19921875
3 0.62158203125 0.884765625 0.1005859375 0.0986328125
3 0.56591796875 0.884765625 0.0341796875 0.0263671875
1 0.7509765625 0.8984375 0.1708984375 0.2001953125
0 0.39697265625 0.45703125 0.0166015625 0.017578125
0 0.45849609375 0.4794921875 0.0166015625 0.017578125