1 0.55078125 0.6435546875 0.271484375 0.177734375
1 0.513671875 0.53271484375 0.1953125 0.2275390625
1 0.5009765625 0.71533203125 0.173828125 0.1337890625
1 0.41162109375 0.5546875 0.1103515625 0.1875
1 0.34765625 0.6796875 0.255859375 0.306640625
0 0.2998046875 0.576171875 0.03125 0.0234375
0 0.3916015625 0.77392578125 0.029296875 0.0244140625
0 0.41943359375 0.53515625 0.0224609375 0.017578125
1 0.705078125 0.9521484375 0.171875 0.095703125
1 0.77978515625 0.9208984375 0.2333984375 0.158203125
1 0.75 0.97900390625 0.083984375 0.0419921875
1 0.90380859375 0.87646484375 0.1923828125 0.2470703125
3 0.97802734375 0.91162109375 0.0419921875 0.0517578125
0 0.8408203125 0.94140625 0.03125 0.037109375