1 0.548828125 0.56005859375 0.302734375 0.3173828125
1 0.4130859375 0.45849609375 0.31640625 0.3466796875
1 0.15185546875 0.22900390625 0.2900390625 0.3271484375
1 0.63232421875 0.04150390625 0.1767578125 0.0830078125
1 0.826171875 0.84814453125 0.205078125 0.1884765625
1 0.91162109375 0.822265625 0.1611328125 0.21875
1 0.96923828125 0.8740234375 0.0615234375 0.076171875
2 0.0859375 0.1845703125 0.171875 0.244140625
0 0.4423828125 0.439453125 0.021484375 0.02734375
3 0.45068359375 0.38720703125 0.0400390625 0.0400390625
3 0.57275390625 0.576171875 0.0498046875 0.046875
0 0.5146484375 0.541015625 0.02734375 0.02734375