1 0.54345703125 0.4404296875 0.2119140625 0.333984375
1 0.4248046875 0.474609375 0.203125 0.337890625
1 0.7412109375 0.52490234375 0.1484375 0.0927734375
1 0.7158203125 0.46826171875 0.158203125 0.0849609375
1 0.65869140625 0.5205078125 0.0439453125 0.109375
1 0.46826171875 0.75390625 0.0556640625 0.08203125
1 0.43310546875 0.765625 0.0517578125 0.078125
3 0.56494140625 0.46044921875 0.0302734375 0.0341796875
3 0.42333984375 0.5 0.0263671875 0.029296875
0 0.3779296875 0.41357421875 0.01953125 0.0224609375
0 0.7421875 0.46923828125 0.017578125 0.0166015625