1 0.55126953125 0.42919921875 0.328125 0.3193359375
1 0.5048828125 0.560546875 0.4306640625 0.392578125
2 0.6337890625 0.45361328125 0.0693359375 0.0712890625
1 0.49951171875 0.34423828125 0.06640625 0.068359375
1 0.4169921875 0.4296875 0.0810546875 0.076171875
1 0.6435546875 0.52880859375 0.1201171875 0.107421875
1 0.4296875 0.52099609375 0.060546875 0.0537109375
1 0.6103515625 0.66943359375 0.099609375 0.1005859375
0 0.47900390625 0.5888671875 0.02734375 0.0244140625
0 0.49951171875 0.4404296875 0.0244140625 0.0234375
0 0.56103515625 0.61376953125 0.0146484375 0.0185546875
1 0.5849609375 0.45068359375 0.017578125 0.021484375
1 0.908203125 0.9169921875 0.1708984375 0.119140625
1 0.75146484375 0.14892578125 0.3818359375 0.2958984375
1 0.8515625 0.07373046875 0.2255859375 0.1396484375
0 0.69091796875 0.09716796875 0.0244140625 0.0234375
3 0.86328125 0.06982421875 0.044921875 0.0419921875
3 0.8037109375 0.02197265625 0.044921875 0.0341796875
0 0.9345703125 0.044921875 0.02734375 0.0263671875