1 0.41650390625 0.65185546875 0.2197265625 0.2919921875
1 0.5830078125 0.6259765625 0.212890625 0.283203125
1 0.576171875 0.37890625 0.208984375 0.26171875
1 0.4140625 0.408203125 0.2109375 0.248046875
0 0.4697265625 0.56201171875 0.017578125 0.0244140625
3 0.42529296875 0.5 0.0341796875 0.01953125
3 0.39453125 0.43359375 0.03125 0.01953125
0 0.5009765625 0.48828125 0.01953125 0.029296875
3 0.451171875 0.4541015625 0.029296875 0.029296875
3 0.609375 0.4404296875 0.033203125 0.03125
3 0.5830078125 0.52734375 0.03515625 0.025390625
3 0.38818359375 0.609375 0.0380859375 0.029296875
3 0.4501953125 0.5791015625 0.029296875 0.017578125
0 0.58837890625 0.47314453125 0.0185546875 0.0185546875