1 0.515625 0.41357421875 0.322265625 0.1943359375
1 0.48388671875 0.54248046875 0.3134765625 0.1943359375
1 0.982421875 0.32958984375 0.03515625 0.1220703125
2 0.97998046875 0.462890625 0.0400390625 0.12890625
1 0.97509765625 0.46142578125 0.0498046875 0.1533203125
2 0.45458984375 0.501953125 0.1650390625 0.064453125
0 0.46923828125 0.56884765625 0.1376953125 0.0771484375
1 0.8828125 0.93115234375 0.234375 0.1376953125
1 0.802734375 0.93115234375 0.134765625 0.1376953125
1 0.98193359375 0.99072265625 0.0361328125 0.0185546875
0 0.87890625 0.97998046875 0.01953125 0.0244140625
1 0.912109375 0.96044921875 0.046875 0.0556640625
1 0.8115234375 0.98095703125 0.0390625 0.0322265625
0 0.44091796875 0.42822265625 0.0185546875 0.0244140625
3 0.48974609375 0.39501953125 0.0205078125 0.0224609375