1 0.380859375 0.4033203125 0.302734375 0.283203125
1 0.33837890625 0.5830078125 0.2490234375 0.25
1 0.52783203125 0.61669921875 0.263671875 0.2587890625
1 0.51904296875 0.61865234375 0.16015625 0.1630859375
1 0.552734375 0.443359375 0.2841796875 0.2685546875
1 0.55029296875 0.42431640625 0.1875 0.1982421875
0 0.52783203125 0.50341796875 0.046875 0.041015625
0 0.4716796875 0.36474609375 0.0380859375 0.037109375
0 0.29296875 0.482421875 0.03515625 0.037109375
3 0.365234375 0.37744140625 0.0341796875 0.0341796875
3 0.4111328125 0.46826171875 0.03125 0.0322265625
3 0.32666015625 0.63037109375 0.03125 0.033203125
3 0.4013671875 0.638671875 0.033203125 0.0341796875
1 0.7431640625 0.5087890625 0.2763671875 0.3486328125
3 0.6220703125 0.4375 0.0224609375 0.01953125
1 0.31298828125 0.19580078125 0.109375 0.138671875
1 0.26708984375 0.18408203125 0.0986328125 0.1357421875
1 0.88134765625 0.61181640625 0.2373046875 0.3017578125
1 0.82177734375 0.3837890625 0.3564453125 0.5234375
1 0.876953125 0.15234375 0.189453125 0.3046875
1 0.89404296875 0.2265625 0.1572265625 0.1650390625
1 0.88818359375 0.025390625 0.0888671875 0.05078125
1 0.69677734375 0.16162109375 0.23828125 0.173828125
1 0.67138671875 0.251953125 0.228515625 0.185546875