1 0.4541015625 0.50634765625 0.1611328125 0.302734375
1 0.513671875 0.638671875 0.078125 0.0478515625
1 0.58740234375 0.50439453125 0.171875 0.3193359375
1 0.52197265625 0.37890625 0.0771484375 0.0517578125
1 0.44921875 0.45166015625 0.1064453125 0.1171875
1 0.4482421875 0.54443359375 0.0908203125 0.0927734375
1 0.2802734375 0.5732421875 0.2587890625 0.185546875
1 0.2919921875 0.40576171875 0.2783203125 0.216796875
2 0.353515625 0.421875 0.083984375 0.1279296875
2 0.248046875 0.40380859375 0.173828125 0.1650390625
3 0.21630859375 0.4580078125 0.0263671875 0.0322265625
3 0.27880859375 0.458984375 0.03125 0.0390625
3 0.240234375 0.60693359375 0.0263671875 0.0263671875
3 0.306640625 0.609375 0.0263671875 0.029296875
3 0.353515625 0.60888671875 0.0283203125 0.025390625
0 0.3427734375 0.50634765625 0.0185546875 0.0166015625
3 0.451171875 0.58837890625 0.025390625 0.0224609375
3 0.45849609375 0.40625 0.0263671875 0.0234375
3 0.4248046875 0.517578125 0.021484375 0.0263671875
3 0.59130859375 0.44580078125 0.0224609375 0.0244140625
3 0.58251953125 0.59326171875 0.0263671875 0.02734375
1 0.58984375 0.51904296875 0.115234375 0.08984375
1 0.20849609375 0.68896484375 0.2548828125 0.123046875
1 0.11474609375 0.65576171875 0.0869140625 0.1533203125
1 0.63427734375 0.03076171875 0.2744140625 0.0615234375