1 0.62646484375 0.5166015625 0.4384765625 0.431640625
1 0.5263671875 0.39404296875 0.4169921875 0.3994140625
1 0.8779296875 0.11962890625 0.244140625 0.2041015625
1 0.92626953125 0.20166015625 0.1474609375 0.2900390625
1 0.9013671875 0.84912109375 0.1669921875 0.25390625
1 0.95703125 0.728515625 0.0654296875 0.126953125
1 0.765625 0.96240234375 0.177734375 0.0751953125
0 0.91650390625 0.78955078125 0.0166015625 0.0205078125
0 0.58056640625 0.45703125 0.0517578125 0.048828125
3 0.9541015625 0.06640625 0.033203125 0.0341796875
3 0.98828125 0.1904296875 0.0234375 0.033203125
3 0.68017578125 0.451171875 0.0361328125 0.0341796875
3 0.54931640625 0.5556640625 0.0361328125 0.0341796875
3 0.513671875 0.43017578125 0.03515625 0.0361328125
3 0.5615234375 0.38720703125 0.02734375 0.0302734375
1 0.12548828125 0.13720703125 0.2216796875 0.2744140625
1 0.17333984375 0.03955078125 0.2119140625 0.0791015625
1 0.0556640625 0.04296875 0.056640625 0.0859375
1 0.1591796875 0.0068359375 0.076171875 0.013671875
3 0.07568359375 0.1484375 0.0302734375 0.02734375
3 0.08837890625 0.11572265625 0.029296875 0.02734375
1 0.845703125 0.95263671875 0.130859375 0.0947265625
1 0.19580078125 0.91650390625 0.2119140625 0.140625
1 0.06591796875 0.935546875 0.078125 0.0732421875