1 0.66357421875 0.91845703125 0.2158203125 0.1630859375
1 0.828125 0.82861328125 0.31640625 0.3154296875
1 0.67041015625 0.69384765625 0.3271484375 0.32421875
1 0.51025390625 0.83203125 0.21875 0.2177734375
1 0.31103515625 0.55419921875 0.21484375 0.224609375
1 0.4873046875 0.43408203125 0.3388671875 0.314453125
1 0.322265625 0.30029296875 0.3330078125 0.33203125
1 0.16259765625 0.43994140625 0.216796875 0.21875
1 0.107421875 0.13427734375 0.1767578125 0.2099609375
1 0.19384765625 0.05859375 0.2353515625 0.1171875
0 0.34716796875 0.28857421875 0.0712890625 0.041015625
0 0.32080078125 0.32275390625 0.0400390625 0.0400390625
0 0.4638671875 0.423828125 0.0546875 0.0458984375
0 0.52001953125 0.41845703125 0.078125 0.0517578125
0 0.70556640625 0.68212890625 0.0654296875 0.0263671875
0 0.66796875 0.71142578125 0.04296875 0.041015625
0 0.8779296875 0.81103515625 0.0712890625 0.029296875
0 0.81201171875 0.82568359375 0.0478515625 0.0400390625
1 0.8076171875 0.07568359375 0.236328125 0.1259765625
1 0.90185546875 0.26806640625 0.1962890625 0.3173828125
2 0.912109375 0.26953125 0.17578125 0.27734375