1 0.65478515625 0.49462890625 0.1494140625 0.140625
1 0.6142578125 0.42919921875 0.1474609375 0.13671875
1 0.3759765625 0.5654296875 0.3095703125 0.2626953125
1 0.30712890625 0.703125 0.08203125 0.111328125
1 0.45654296875 0.60302734375 0.2470703125 0.2021484375
1 0.498046875 0.58837890625 0.0546875 0.05859375
1 0.33935546875 0.68115234375 0.0517578125 0.068359375
1 0.3583984375 0.6689453125 0.0615234375 0.056640625
1 0.1162109375 0.6044921875 0.232421875 0.2578125
1 0.1337890625 0.7021484375 0.26171875 0.259765625
2 0.02783203125 0.6669921875 0.0556640625 0.078125
0 0.06494140625 0.79931640625 0.01953125 0.01953125
0 0.0244140625 0.58935546875 0.0185546875 0.017578125
1 0.43408203125 0.5029296875 0.0546875 0.0517578125
1 0.4423828125 0.50048828125 0.0439453125 0.060546875
1 0.3115234375 0.61328125 0.0458984375 0.056640625
1 0.2978515625 0.62255859375 0.0556640625 0.0517578125