1 0.28466796875 0.42919921875 0.3935546875 0.2978515625
1 0.349609375 0.294921875 0.349609375 0.3046875
1 0.7314453125 0.46435546875 0.5 0.3837890625
1 0.6689453125 0.595703125 0.52734375 0.373046875
3 0.556640625 0.33642578125 0.029296875 0.0380859375
3 0.6357421875 0.3779296875 0.03125 0.037109375
3 0.70068359375 0.41357421875 0.0341796875 0.0400390625
3 0.77685546875 0.4580078125 0.0322265625 0.037109375
3 0.84716796875 0.4912109375 0.0380859375 0.04296875
3 0.92578125 0.53662109375 0.03515625 0.0400390625
3 0.26025390625 0.2041015625 0.0361328125 0.04296875
3 0.33642578125 0.24755859375 0.0361328125 0.0419921875
3 0.40234375 0.2841796875 0.033203125 0.0390625
3 0.47900390625 0.32666015625 0.0380859375 0.0400390625
3 0.205078125 0.408203125 0.1015625 0.099609375
3 0.3466796875 0.48779296875 0.1015625 0.1025390625
3 0.50390625 0.5400390625 0.1015625 0.099609375
3 0.64599609375 0.6181640625 0.1025390625 0.099609375
3 0.79296875 0.697265625 0.103515625 0.1015625
0 0.79541015625 0.53564453125 0.0263671875 0.0244140625
0 0.765625 0.60546875 0.03125 0.029296875
0 0.650390625 0.45751953125 0.0234375 0.0283203125
0 0.62109375 0.5244140625 0.025390625 0.02734375
0 0.50439453125 0.38134765625 0.0224609375 0.0224609375
0 0.4794921875 0.4462890625 0.025390625 0.03125
0 0.32275390625 0.39599609375 0.0283203125 0.0341796875
0 0.3525390625 0.32958984375 0.021484375 0.0224609375
0 0.1796875 0.31640625 0.029296875 0.03125
0 0.208984375 0.24853515625 0.025390625 0.0263671875