1 0.4599609375 0.51611328125 0.26171875 0.1650390625
1 0.4482421875 0.65283203125 0.2685546875 0.185546875
3 0.38330078125 0.6591796875 0.0283203125 0.033203125
3 0.51904296875 0.66259765625 0.0234375 0.0302734375
3 0.42626953125 0.498046875 0.021484375 0.033203125
0 0.41064453125 0.470703125 0.021484375 0.0185546875
0 0.46484375 0.59130859375 0.0244140625 0.0341796875
0 0.44287109375 0.66845703125 0.0234375 0.017578125
1 0.89306640625 0.72412109375 0.2138671875 0.5009765625
1 0.970703125 0.73291015625 0.05859375 0.4677734375
0 0.916015625 0.64990234375 0.03515625 0.03125
0 0.97216796875 0.75537109375 0.0341796875 0.0302734375
0 0.876953125 0.64599609375 0.0107421875 0.013671875