1 0.5009765625 0.5732421875 0.353515625 0.24609375
1 0.4560546875 0.4033203125 0.353515625 0.287109375
1 0.48046875 0.40478515625 0.201171875 0.2138671875
0 0.5185546875 0.33154296875 0.041015625 0.0400390625
0 0.421875 0.36279296875 0.025390625 0.0302734375
3 0.36572265625 0.42529296875 0.0400390625 0.0419921875
3 0.4140625 0.61181640625 0.03125 0.0322265625
3 0.55029296875 0.56787109375 0.0283203125 0.0361328125
3 0.60498046875 0.544921875 0.0322265625 0.041015625
1 0.2890625 0.1611328125 0.578125 0.322265625
1 0.11328125 0.03369140625 0.2265625 0.0673828125
0 0.3076171875 0.06591796875 0.025390625 0.0244140625