1 0.5595703125 0.455078125 0.244140625 0.337890625
1 0.54345703125 0.39599609375 0.078125 0.0615234375
1 0.5576171875 0.43310546875 0.091796875 0.05859375
1 0.5751953125 0.40087890625 0.0556640625 0.078125
1 0.43212890625 0.50390625 0.2470703125 0.3662109375
1 0.42626953125 0.5361328125 0.1259765625 0.216796875
0 0.4677734375 0.50390625 0.03125 0.041015625
3 0.57763671875 0.4580078125 0.033203125 0.029296875
1 0.16259765625 0.75146484375 0.1630859375 0.2275390625
1 0.24951171875 0.7392578125 0.1748046875 0.2568359375
1 0.35498046875 0.8232421875 0.177734375 0.1083984375
1 0.35205078125 0.77001953125 0.1865234375 0.0966796875