1 0.43701171875 0.43359375 0.330078125 0.36328125
1 0.54150390625 0.5205078125 0.3369140625 0.3828125
1 0.541015625 0.8251953125 0.17578125 0.1552734375
1 0.501953125 0.87451171875 0.17578125 0.162109375
1 0.20947265625 0.91162109375 0.22265625 0.1650390625
1 0.13671875 0.87451171875 0.1689453125 0.2314453125
1 0.60888671875 0.6484375 0.103515625 0.0859375
1 0.5966796875 0.7041015625 0.0947265625 0.09765625
1 0.5546875 0.6689453125 0.0908203125 0.0966796875
1 0.54443359375 0.7236328125 0.099609375 0.083984375
1 0.81298828125 0.09912109375 0.23828125 0.1845703125
1 0.85791015625 0.17822265625 0.22265625 0.19140625
0 0.4267578125 0.482421875 0.02734375 0.01953125
0 0.5205078125 0.5615234375 0.0322265625 0.0322265625
0 0.53564453125 0.5810546875 0.021484375 0.029296875
1 0.8212890625 0.66015625 0.091796875 0.08984375
1 0.85107421875 0.62548828125 0.0927734375 0.0888671875
1 0.91552734375 0.5361328125 0.11328125 0.1328125
1 0.9501953125 0.50537109375 0.099609375 0.1259765625
0 0.17236328125 0.966796875 0.02734375 0.0234375
0 0.55908203125 0.47265625 0.0107421875 0.009765625
0 0.87158203125 0.16650390625 0.0234375 0.021484375