1 0.2060546875 0.41015625 0.318359375 0.251953125
1 0.26611328125 0.30078125 0.3193359375 0.25
1 0.51708984375 0.4345703125 0.2958984375 0.232421875
1 0.458984375 0.54443359375 0.294921875 0.2353515625
1 0.4150390625 0.541015625 0.107421875 0.083984375
1 0.22021484375 0.43359375 0.1044921875 0.078125
1 0.29150390625 0.29736328125 0.0810546875 0.0654296875
1 0.49169921875 0.4033203125 0.0771484375 0.06640625
3 0.4296875 0.36083984375 0.041015625 0.0400390625
3 0.349609375 0.5087890625 0.0390625 0.037109375
3 0.28369140625 0.4765625 0.0341796875 0.03515625
3 0.361328125 0.3251953125 0.04296875 0.037109375
0 0.11767578125 0.29541015625 0.0146484375 0.0146484375
0 0.58349609375 0.5546875 0.0107421875 0.015625
0 0.59521484375 0.5400390625 0.0126953125 0.013671875
1 0.6376953125 0.66650390625 0.0625 0.0537109375
1 0.6240234375 0.6982421875 0.060546875 0.0546875