1 0.47705078125 0.57275390625 0.4755859375 0.4921875
1 0.56298828125 0.40869140625 0.1630859375 0.2529296875
1 0.623046875 0.4580078125 0.248046875 0.1640625
1 0.65283203125 0.58837890625 0.27734375 0.2412109375
1 0.59912109375 0.72412109375 0.13671875 0.1318359375
1 0.38427734375 0.59765625 0.2353515625 0.1572265625
1 0.43603515625 0.63330078125 0.15625 0.232421875
1 0.41650390625 0.42236328125 0.2548828125 0.28125
3 0.48291015625 0.404296875 0.0546875 0.0556640625
3 0.57470703125 0.50244140625 0.0361328125 0.03515625
3 0.61865234375 0.53515625 0.041015625 0.0390625
3 0.58251953125 0.5556640625 0.03515625 0.037109375
3 0.642578125 0.68603515625 0.0576171875 0.0576171875
3 0.310546875 0.52587890625 0.0458984375 0.0419921875
0 0.5107421875 0.5625 0.01953125 0.01953125
3 0.4345703125 0.43310546875 0.0390625 0.0380859375