1 0.5771484375 0.34033203125 0.177734375 0.1494140625
1 0.408203125 0.39404296875 0.205078125 0.2509765625
1 0.39404296875 0.5732421875 0.1767578125 0.150390625
1 0.5654296875 0.5439453125 0.205078125 0.2890625
1 0.5146484375 0.61572265625 0.076171875 0.1435546875
1 0.5546875 0.5595703125 0.162109375 0.0625
1 0.5830078125 0.6357421875 0.095703125 0.107421875
0 0.4609375 0.43359375 0.017578125 0.01953125
0 0.4404296875 0.51123046875 0.025390625 0.0224609375
1 0.2734375 0.70068359375 0.244140625 0.2705078125
1 0.2666015625 0.6044921875 0.123046875 0.142578125
1 0.2197265625 0.57080078125 0.13671875 0.1474609375
0 0.18408203125 0.60693359375 0.0283203125 0.0283203125
1 0.3681640625 0.77197265625 0.2578125 0.3017578125