1 0.63232421875 0.39892578125 0.2568359375 0.1962890625
3 0.669921875 0.35546875 0.044921875 0.044921875
1 0.50341796875 0.59912109375 0.3544921875 0.4345703125
3 0.52587890625 0.44482421875 0.0419921875 0.0400390625
3 0.60302734375 0.501953125 0.0400390625 0.037109375
0 0.609375 0.455078125 0.041015625 0.037109375
0 0.6494140625 0.48291015625 0.03125 0.0302734375
1 0.37451171875 0.45068359375 0.2119140625 0.2333984375
3 0.4599609375 0.505859375 0.046875 0.044921875
3 0.45751953125 0.61328125 0.0244140625 0.015625
3 0.49560546875 0.64013671875 0.0224609375 0.0146484375
3 0.42578125 0.62939453125 0.013671875 0.0126953125