1 0.53173828125 0.5029296875 0.2021484375 0.2490234375
1 0.42138671875 0.4482421875 0.1962890625 0.21875
1 0.43505859375 0.4501953125 0.1005859375 0.1171875
3 0.4970703125 0.51220703125 0.0439453125 0.048828125
0 0.51025390625 0.46533203125 0.021484375 0.0244140625
1 0.708984375 0.54541015625 0.1591796875 0.1923828125
1 0.78955078125 0.59033203125 0.1484375 0.201171875
1 0.931640625 0.6953125 0.1328125 0.1982421875
1 0.8740234375 0.6787109375 0.1337890625 0.1904296875
1 0.9609375 0.7314453125 0.0732421875 0.1875
0 0.9453125 0.67919921875 0.01953125 0.0185546875
0 0.57275390625 0.52880859375 0.015625 0.013671875
1 0.0595703125 0.25048828125 0.1142578125 0.2431640625