1 0.474609375 0.4248046875 0.232421875 0.3017578125
1 0.40869140625 0.4658203125 0.2236328125 0.2958984375
1 0.52734375 0.58251953125 0.1435546875 0.1103515625
0 0.45263671875 0.4482421875 0.0146484375 0.0234375
1 0.75732421875 0.24755859375 0.330078125 0.33984375
1 0.61376953125 0.1025390625 0.3603515625 0.205078125
1 0.5107421875 0.12451171875 0.1005859375 0.0947265625
1 0.712890625 0.7958984375 0.3212890625 0.23828125
1 0.63232421875 0.9208984375 0.1650390625 0.1484375
1 0.9052734375 0.80126953125 0.1826171875 0.2431640625
1 0.84716796875 0.9267578125 0.29296875 0.1328125
1 0.09765625 0.37255859375 0.1953125 0.228515625
3 0.66748046875 0.9365234375 0.046875 0.0419921875
3 0.78564453125 0.8193359375 0.0283203125 0.033203125
0 0.708984375 0.8671875 0.0263671875 0.0234375
0 0.64697265625 0.91015625 0.01953125 0.0166015625
0 0.6748046875 0.2607421875 0.0185546875 0.021484375
3 0.7978515625 0.9267578125 0.1572265625 0.12109375