1 0.66357421875 0.56884765625 0.158203125 0.185546875
1 0.60107421875 0.40283203125 0.26171875 0.2177734375
1 0.42138671875 0.39794921875 0.1591796875 0.1845703125
1 0.45947265625 0.56787109375 0.2998046875 0.2197265625
1 0.38525390625 0.5205078125 0.1474609375 0.083984375
1 0.443359375 0.5576171875 0.0712890625 0.1650390625
1 0.36865234375 0.58984375 0.1123046875 0.1015625
0 0.564453125 0.45751953125 0.0205078125 0.0185546875
0 0.48583984375 0.44091796875 0.0234375 0.0263671875
1 0.28759765625 0.2841796875 0.283203125 0.2578125
1 0.38330078125 0.2724609375 0.1484375 0.1298828125
1 0.41455078125 0.2236328125 0.154296875 0.14453125
0 0.37646484375 0.18994140625 0.029296875 0.029296875
1 0.2216796875 0.3828125 0.314453125 0.2734375