1 0.6083984375 0.50244140625 0.5068359375 0.666015625
1 0.32275390625 0.4736328125 0.4091796875 0.4287109375
1 0.42333984375 0.7275390625 0.2890625 0.32421875
0 0.60302734375 0.38671875 0.037109375 0.0390625
0 0.66162109375 0.51220703125 0.0341796875 0.0322265625
0 0.55224609375 0.7431640625 0.0244140625 0.02734375
3 0.6787109375 0.2607421875 0.033203125 0.0302734375
3 0.6904296875 0.2958984375 0.0322265625 0.0283203125
3 0.70166015625 0.3330078125 0.033203125 0.033203125
0 0.591796875 0.53125 0.02734375 0.0244140625
0 0.64990234375 0.736328125 0.0166015625 0.0166015625
0 0.30517578125 0.5244140625 0.017578125 0.0185546875