1 0.5498046875 0.46533203125 0.125 0.3017578125
1 0.43701171875 0.46142578125 0.1259765625 0.2958984375
3 0.4189453125 0.4375 0.03125 0.0234375
3 0.41552734375 0.412109375 0.0322265625 0.01953125
3 0.412109375 0.5166015625 0.029296875 0.0234375
3 0.4130859375 0.48828125 0.03125 0.017578125
3 0.57568359375 0.3974609375 0.0341796875 0.025390625
3 0.56884765625 0.54248046875 0.0322265625 0.0244140625
1 0.55224609375 0.19140625 0.2529296875 0.10546875
1 0.556640625 0.0986328125 0.25390625 0.09375
1 0.17431640625 0.10546875 0.2978515625 0.2109375
3 0.2080078125 0.142578125 0.033203125 0.033203125
3 0.17236328125 0.12548828125 0.0380859375 0.0361328125
1 0.115234375 0.07373046875 0.06640625 0.0732421875
1 0.2880859375 0.02783203125 0.15625 0.0556640625