1 0.3466796875 0.3935546875 0.17578125 0.4501953125
1 0.5185546875 0.39013671875 0.2265625 0.447265625
1 0.37939453125 0.9404296875 0.1787109375 0.1181640625
1 0.5126953125 0.939453125 0.107421875 0.12109375
2 0.4658203125 0.48583984375 0.0556640625 0.1591796875
0 0.43017578125 0.9169921875 0.025390625 0.0234375
3 0.3740234375 0.56103515625 0.0380859375 0.041015625
3 0.3671875 0.43603515625 0.03125 0.0283203125
3 0.35888671875 0.34375 0.037109375 0.033203125
3 0.4931640625 0.33349609375 0.0400390625 0.0390625
0 0.31640625 0.392578125 0.0185546875 0.0341796875