1 0.4169921875 0.45703125 0.365234375 0.2421875
1 0.3935546875 0.57958984375 0.37109375 0.2109375
1 0.8515625 0.68359375 0.296875 0.197265625
1 0.86279296875 0.55712890625 0.2744140625 0.2294921875
3 0.79736328125 0.55078125 0.0771484375 0.078125
0 0.43603515625 0.41357421875 0.029296875 0.0322265625
0 0.412109375 0.4091796875 0.02734375 0.03125
0 0.93310546875 0.515625 0.03125 0.03515625
0 0.90576171875 0.5126953125 0.0322265625 0.0322265625
3 0.9638671875 0.54541015625 0.037109375 0.0419921875
3 0.41943359375 0.6015625 0.0263671875 0.029296875
3 0.359375 0.5849609375 0.02734375 0.02734375
3 0.91552734375 0.70263671875 0.0302734375 0.0263671875
3 0.90771484375 0.65283203125 0.015625 0.0185546875
3 0.8876953125 0.65185546875 0.013671875 0.0146484375
3 0.8583984375 0.6904296875 0.029296875 0.0224609375
3 0.7626953125 0.66748046875 0.021484375 0.021484375
3 0.29052734375 0.5244140625 0.015625 0.017578125
1 0.68505859375 0.6484375 0.1015625 0.095703125
1 0.70068359375 0.5703125 0.095703125 0.107421875
1 0.72900390625 0.49267578125 0.0703125 0.0986328125