1 0.40478515625 0.2119140625 0.4482421875 0.296875
1 0.3408203125 0.34521484375 0.4453125 0.3330078125
1 0.4091796875 0.2099609375 0.203125 0.140625
3 0.2802734375 0.14794921875 0.04296875 0.0400390625
2 0.361328125 0.2998046875 0.21484375 0.13671875
1 0.33935546875 0.3505859375 0.1748046875 0.123046875
0 0.24365234375 0.333984375 0.0361328125 0.041015625
0 0.419921875 0.416015625 0.0546875 0.046875
3 0.205078125 0.29345703125 0.046875 0.0478515625
3 0.46826171875 0.41259765625 0.0439453125 0.0380859375
0 0.5791015625 0.26806640625 0.013671875 0.0146484375
1 0.8271484375 0.6455078125 0.234375 0.2890625
1 0.9326171875 0.68603515625 0.134765625 0.3466796875
3 0.87158203125 0.615234375 0.0400390625 0.033203125
3 0.9921875 0.728515625 0.015625 0.0234375
3 0.9853515625 0.7724609375 0.01953125 0.0234375
0 0.8955078125 0.77734375 0.03125 0.025390625
3 0.88330078125 0.5419921875 0.0205078125 0.021484375
0 0.86865234375 0.6650390625 0.0107421875 0.0078125
0 0.29833984375 0.1982421875 0.0185546875 0.013671875
1 0.04296875 0.09130859375 0.0859375 0.1826171875
1 0.056640625 0.0205078125 0.11328125 0.041015625