1 0.3408203125 0.173828125 0.1435546875 0.30859375
1 0.427734375 0.1552734375 0.1474609375 0.3037109375
1 0.48291015625 0.06982421875 0.1201171875 0.1396484375
1 0.63671875 0.04931640625 0.244140625 0.0986328125
3 0.505859375 0.015625 0.025390625 0.03125
1 0.4326171875 0.5673828125 0.193359375 0.3388671875
1 0.5810546875 0.53271484375 0.2353515625 0.326171875
1 0.58837890625 0.91943359375 0.1025390625 0.15625
1 0.509765625 0.92724609375 0.111328125 0.1455078125
1 0.7822265625 0.89794921875 0.3251953125 0.1669921875
3 0.544921875 0.4609375 0.0341796875 0.0263671875
3 0.57666015625 0.61279296875 0.0390625 0.0341796875
3 0.419921875 0.48486328125 0.0244140625 0.025390625
3 0.45751953125 0.64404296875 0.025390625 0.0244140625
0 0.50537109375 0.54296875 0.025390625 0.04296875
0 0.4287109375 0.56689453125 0.0263671875 0.03125
0 0.40380859375 0.64599609375 0.015625 0.013671875
0 0.375 0.5146484375 0.01171875 0.013671875
3 0.86328125 0.89453125 0.0244140625 0.0283203125
3 0.70654296875 0.93359375 0.0234375 0.0322265625
0 0.783203125 0.90869140625 0.037109375 0.03125
0 0.84033203125 0.85546875 0.009765625 0.013671875
0 0.70947265625 0.88818359375 0.0146484375 0.013671875