1 0.4541015625 0.58935546875 0.333984375 0.2978515625
1 0.5478515625 0.47900390625 0.328125 0.3310546875
1 0.15283203125 0.29833984375 0.3017578125 0.3466796875
1 0.11376953125 0.208984375 0.2109375 0.34375
1 0.2978515625 0.25927734375 0.1796875 0.220703125
1 0.765625 0.849609375 0.3212890625 0.2802734375
1 0.85595703125 0.75830078125 0.2705078125 0.2646484375
1 0.923828125 0.90966796875 0.10546875 0.1181640625
0 0.52880859375 0.494140625 0.033203125 0.033203125
0 0.79638671875 0.85888671875 0.0380859375 0.0361328125
0 0.72607421875 0.7666015625 0.0205078125 0.0166015625
0 0.08447265625 0.2294921875 0.0419921875 0.041015625
0 0.21728515625 0.2958984375 0.0380859375 0.03515625
3 0.89794921875 0.76904296875 0.041015625 0.041015625