1 0.60595703125 0.32666015625 0.5498046875 0.6533203125
3 0.7109375 0.1025390625 0.0380859375 0.0341796875
3 0.67724609375 0.15380859375 0.0341796875 0.0361328125
3 0.64013671875 0.2431640625 0.0361328125 0.0341796875
3 0.5947265625 0.29833984375 0.033203125 0.03515625
3 0.58154296875 0.39990234375 0.0380859375 0.03515625
3 0.48974609375 0.43798828125 0.0390625 0.0361328125
3 0.4404296875 0.4052734375 0.0283203125 0.029296875
0 0.65478515625 0.1220703125 0.0185546875 0.021484375
0 0.673828125 0.11083984375 0.0205078125 0.01953125
0 0.58349609375 0.2685546875 0.0107421875 0.01171875
0 0.62646484375 0.2880859375 0.03515625 0.03125
0 0.70703125 0.14306640625 0.03125 0.029296875
0 0.73046875 0.12841796875 0.03125 0.0224609375
0 0.5458984375 0.37744140625 0.015625 0.0166015625
0 0.52685546875 0.42724609375 0.0361328125 0.0322265625
0 0.4755859375 0.4033203125 0.017578125 0.015625
0 0.42138671875 0.39404296875 0.009765625 0.0078125