1 0.47265625 0.4326171875 0.3125 0.17578125
1 0.45703125 0.55322265625 0.28515625 0.1806640625
3 0.431640625 0.42138671875 0.04296875 0.0380859375
3 0.47607421875 0.54443359375 0.0283203125 0.0322265625
0 0.587890625 0.40478515625 0.01953125 0.0166015625
0 0.56396484375 0.59716796875 0.0107421875 0.0146484375
0 0.37255859375 0.3681640625 0.0185546875 0.01953125
1 0.6103515625 0.1708984375 0.189453125 0.29296875
1 0.48095703125 0.14599609375 0.1611328125 0.2919921875
0 0.6220703125 0.2734375 0.01171875 0.01953125
0 0.474609375 0.021484375 0.01953125 0.02734375