1 0.46826171875 0.47412109375 0.2431640625 0.2587890625
1 0.5625 0.53564453125 0.2431640625 0.251953125
3 0.5830078125 0.55029296875 0.0341796875 0.0341796875
3 0.490234375 0.5966796875 0.013671875 0.009765625
1 0.8193359375 0.177734375 0.326171875 0.314453125
1 0.71435546875 0.1416015625 0.2880859375 0.2685546875
3 0.80859375 0.22216796875 0.0341796875 0.0341796875
3 0.7197265625 0.09228515625 0.03125 0.033203125
3 0.76025390625 0.03466796875 0.0400390625 0.029296875
3 0.8251953125 0.16650390625 0.0322265625 0.0322265625
3 0.86767578125 0.10546875 0.0419921875 0.0400390625
3 0.9140625 0.0673828125 0.0341796875 0.033203125
0 0.8212890625 0.11572265625 0.0205078125 0.0234375
1 0.23046875 0.83056640625 0.2333984375 0.2509765625
1 0.31982421875 0.88134765625 0.232421875 0.2265625
1 0.140625 0.9287109375 0.158203125 0.1123046875
1 0.2314453125 0.9638671875 0.0712890625 0.04296875
3 0.18359375 0.87646484375 0.0390625 0.0361328125
3 0.14111328125 0.93798828125 0.033203125 0.03125
3 0.29052734375 0.95068359375 0.041015625 0.0380859375
3 0.3369140625 0.91455078125 0.037109375 0.03515625
0 0.244140625 0.96484375 0.0302734375 0.0224609375