1 0.48583984375 0.42431640625 0.2431640625 0.1318359375
1 0.48681640625 0.55859375 0.2490234375 0.140625
1 0.521484375 0.5791015625 0.076171875 0.072265625
0 0.48583984375 0.5263671875 0.0224609375 0.021484375
1 0.46435546875 0.58544921875 0.0400390625 0.0693359375
1 0.50439453125 0.3681640625 0.2177734375 0.03125
0 0.416015625 0.5615234375 0.017578125 0.021484375
0 0.4375 0.41796875 0.021484375 0.02734375
1 0.369140625 0.837890625 0.099609375 0.294921875
1 0.37744140625 0.2529296875 0.1005859375 0.166015625
0 0.39599609375 0.1806640625 0.0244140625 0.021484375