1 0.3828125 0.15380859375 0.111328125 0.2255859375
1 0.4384765625 0.1435546875 0.15234375 0.212890625
1 0.1103515625 0.31787109375 0.220703125 0.2333984375
1 0.14599609375 0.51953125 0.2919921875 0.3046875
3 0.0322265625 0.3544921875 0.029296875 0.033203125
3 0.1279296875 0.32275390625 0.029296875 0.0322265625
1 0.0859375 0.17822265625 0.171875 0.1435546875
3 0.10205078125 0.2333984375 0.0283203125 0.02734375
3 0.0107421875 0.26513671875 0.021484375 0.0302734375
3 0.0546875 0.47607421875 0.03125 0.0302734375
3 0.08203125 0.552734375 0.033203125 0.033203125
3 0.19189453125 0.51953125 0.0322265625 0.03515625
3 0.0078125 0.53564453125 0.015625 0.0283203125
3 0.02490234375 0.60546875 0.0302734375 0.02734375
1 0.6689453125 0.0751953125 0.107421875 0.150390625