1 0.53662109375 0.5595703125 0.2763671875 0.32421875
1 0.76513671875 0.513671875 0.1787109375 0.171875
1 0.845703125 0.7880859375 0.30859375 0.296875
1 0.935546875 0.90673828125 0.12890625 0.1728515625
1 0.95458984375 0.65771484375 0.0908203125 0.1962890625
1 0.39208984375 0.9208984375 0.2490234375 0.158203125
1 0.1796875 0.87158203125 0.3046875 0.2568359375
0 0.38427734375 0.97314453125 0.0458984375 0.0537109375
2 0.138671875 0.9248046875 0.119140625 0.03125
0 0.2001953125 0.88916015625 0.037109375 0.0341796875
0 0.869140625 0.79052734375 0.041015625 0.0322265625
2 0.80810546875 0.81201171875 0.0673828125 0.0244140625
2 0.97802734375 0.92529296875 0.0439453125 0.0205078125
2 0.51025390625 0.591796875 0.0693359375 0.021484375
0 0.55419921875 0.55517578125 0.0341796875 0.0361328125
1 0.1923828125 0.2783203125 0.150390625 0.103515625
1 0.13916015625 0.31005859375 0.1943359375 0.1650390625
1 0.1162109375 0.2177734375 0.15234375 0.095703125
1 0.1005859375 0.359375 0.16796875 0.19140625
1 0.06982421875 0.421875 0.1103515625 0.13671875
1 0.01904296875 0.3408203125 0.0380859375 0.154296875
1 0.0791015625 0.19580078125 0.08203125 0.1337890625
1 0.03076171875 0.1943359375 0.0615234375 0.13671875
1 0.017578125 0.2841796875 0.03515625 0.041015625
1 0.01708984375 0.2578125 0.0341796875 0.048828125
1 0.03076171875 0.1201171875 0.0615234375 0.115234375
1 0.064453125 0.1455078125 0.021484375 0.06640625