1 0.85986328125 0.5419921875 0.2802734375 0.357421875
1 0.9072265625 0.76416015625 0.1630859375 0.248046875
1 0.96630859375 0.48095703125 0.0673828125 0.2255859375
1 0.89892578125 0.720703125 0.048828125 0.0419921875
1 0.896484375 0.70068359375 0.0576171875 0.03515625
1 0.91796875 0.810546875 0.0458984375 0.0419921875
1 0.91455078125 0.78955078125 0.0556640625 0.03515625
2 0.93505859375 0.52490234375 0.103515625 0.16796875
3 0.859375 0.5009765625 0.046875 0.06640625
3 0.88134765625 0.603515625 0.0498046875 0.0654296875
0 0.9775390625 0.41552734375 0.015625 0.0126953125
1 0.46240234375 0.21142578125 0.2060546875 0.1728515625
1 0.498046875 0.35986328125 0.2255859375 0.2529296875
1 0.53125 0.53564453125 0.2080078125 0.2119140625
1 0.525390625 0.57421875 0.158203125 0.123046875
1 0.3466796875 0.58544921875 0.259765625 0.2099609375
1 0.330078125 0.43603515625 0.2529296875 0.224609375
1 0.2939453125 0.37548828125 0.08984375 0.1513671875
1 0.23876953125 0.37744140625 0.10546875 0.1396484375
1 0.2138671875 0.1923828125 0.333984375 0.3154296875
1 0.0703125 0.20947265625 0.1142578125 0.2763671875
0 0.19189453125 0.2001953125 0.0224609375 0.0185546875
3 0.51904296875 0.28564453125 0.0283203125 0.0263671875
0 0.34375 0.494140625 0.025390625 0.0234375
0 0.39306640625 0.583984375 0.0263671875 0.029296875