1 0.63671875 0.40478515625 0.2578125 0.1962890625
3 0.6748046875 0.36181640625 0.044921875 0.0458984375
1 0.50146484375 0.5986328125 0.3583984375 0.43359375
3 0.52783203125 0.4462890625 0.0419921875 0.041015625
3 0.60302734375 0.505859375 0.0400390625 0.037109375
0 0.61083984375 0.458984375 0.0419921875 0.037109375
0 0.6494140625 0.48828125 0.03125 0.03125
1 0.37548828125 0.4462890625 0.2138671875 0.232421875
3 0.4599609375 0.5048828125 0.046875 0.044921875
3 0.4541015625 0.61181640625 0.025390625 0.0166015625
3 0.48974609375 0.640625 0.0224609375 0.015625
3 0.42138671875 0.62646484375 0.0146484375 0.0126953125