1 0.431640625 0.39990234375 0.126953125 0.1435546875
1 0.58740234375 0.494140625 0.1708984375 0.1015625
1 0.58837890625 0.38623046875 0.1748046875 0.1826171875
1 0.52294921875 0.36669921875 0.1337890625 0.2216796875
1 0.47509765625 0.5185546875 0.3076171875 0.228515625
1 0.44384765625 0.58935546875 0.1650390625 0.1669921875
1 0.53076171875 0.65283203125 0.1201171875 0.1240234375
3 0.56640625 0.5908203125 0.025390625 0.02734375
2 0.3662109375 0.48876953125 0.021484375 0.0244140625
2 0.5234375 0.58154296875 0.015625 0.0185546875
2 0.40087890625 0.51708984375 0.0166015625 0.0146484375
1 0.73583984375 0.345703125 0.1318359375 0.1171875