1 0.46337890625 0.51806640625 0.2099609375 0.1806640625
1 0.6689453125 0.58984375 0.255859375 0.3203125
1 0.48828125 0.6494140625 0.2578125 0.146484375
1 0.48681640625 0.72314453125 0.2509765625 0.0732421875
1 0.6650390625 0.8330078125 0.267578125 0.216796875
1 0.5107421875 0.83935546875 0.109375 0.2060546875
1 0.4052734375 0.79248046875 0.087890625 0.1064453125
1 0.45263671875 0.794921875 0.0419921875 0.107421875
0 0.62744140625 0.7666015625 0.0224609375 0.017578125
3 0.44091796875 0.71826171875 0.0478515625 0.0439453125
0 0.435546875 0.6728515625 0.01953125 0.017578125
0 0.603515625 0.5224609375 0.017578125 0.015625
1 0.1904296875 0.19970703125 0.365234375 0.3154296875
1 0.142578125 0.31884765625 0.28515625 0.3056640625
1 0.095703125 0.310546875 0.16015625 0.140625
0 0.1416015625 0.24951171875 0.033203125 0.0341796875
3 0.17431640625 0.37109375 0.0361328125 0.03515625
1 0.04296875 0.0869140625 0.083984375 0.173828125
3 0.1875 0.1982421875 0.033203125 0.03125
1 0.2724609375 0.24365234375 0.10546875 0.0693359375
3 0.31494140625 0.2529296875 0.0302734375 0.029296875
1 0.2841796875 0.185546875 0.083984375 0.06640625
1 0.23046875 0.212890625 0.0546875 0.125