1 0.60107421875 0.654296875 0.4072265625 0.17578125
1 0.59521484375 0.701171875 0.2080078125 0.041015625
1 0.60791015625 0.525390625 0.3974609375 0.125
2 0.50048828125 0.51708984375 0.1767578125 0.1083984375
2 0.71630859375 0.53466796875 0.1767578125 0.1025390625
1 0.61376953125 0.4052734375 0.1728515625 0.14453125
1 0.60791015625 0.48974609375 0.1787109375 0.0361328125
3 0.67236328125 0.64697265625 0.0302734375 0.0361328125
0 0.62890625 0.65234375 0.009765625 0.015625
0 0.572265625 0.64453125 0.015625 0.01953125
3 0.52978515625 0.6376953125 0.0341796875 0.029296875
1 0.22998046875 0.52490234375 0.0439453125 0.2080078125
1 0.1640625 0.50830078125 0.126953125 0.2294921875
1 0.0595703125 0.49951171875 0.119140625 0.2099609375
3 0.17529296875 0.4736328125 0.0283203125 0.02734375
3 0.0478515625 0.4609375 0.03125 0.01953125
0 0.083984375 0.515625 0.0234375 0.025390625
0 0.18359375 0.60107421875 0.01171875 0.0146484375