1 0.51611328125 0.48876953125 0.2099609375 0.19921875
1 0.62255859375 0.572265625 0.2236328125 0.224609375
1 0.3662109375 0.31298828125 0.2265625 0.216796875
1 0.2509765625 0.88330078125 0.2158203125 0.197265625
1 0.181640625 0.7861328125 0.2109375 0.1953125
1 0.92236328125 0.2158203125 0.1552734375 0.20703125
1 0.85302734375 0.134765625 0.208984375 0.203125
1 0.650390625 0.07177734375 0.2001953125 0.134765625
2 0.62158203125 0.57080078125 0.123046875 0.1240234375
2 0.51708984375 0.4931640625 0.1279296875 0.119140625
2 0.36474609375 0.30859375 0.1337890625 0.12109375
2 0.64404296875 0.0478515625 0.0830078125 0.07421875
2 0.85498046875 0.13525390625 0.12890625 0.12109375
2 0.93994140625 0.22119140625 0.08984375 0.1064453125
2 0.25537109375 0.8916015625 0.12109375 0.1328125
2 0.1767578125 0.7861328125 0.1416015625 0.1162109375