1 0.541015625 0.568359375 0.2978515625 0.279296875
1 0.373046875 0.66162109375 0.2373046875 0.27734375
0 0.49853515625 0.57763671875 0.013671875 0.0146484375
0 0.462890625 0.6708984375 0.017578125 0.0146484375
1 0.20361328125 0.14453125 0.3427734375 0.28515625
2 0.201171875 0.13037109375 0.2607421875 0.2548828125
1 0.095703125 0.14697265625 0.1796875 0.283203125
0 0.142578125 0.0341796875 0.04296875 0.0390625
1 0.931640625 0.650390625 0.13671875 0.189453125
1 0.9560546875 0.806640625 0.0703125 0.1689453125
0 0.95458984375 0.70703125 0.0126953125 0.021484375