1 0.509765625 0.1318359375 0.3359375 0.263671875
1 0.7275390625 0.0712890625 0.236328125 0.142578125
1 0.4404296875 0.03076171875 0.220703125 0.0615234375
1 0.68505859375 0.08349609375 0.0380859375 0.0458984375
1 0.66552734375 0.08740234375 0.0302734375 0.0556640625
1 0.77294921875 0.0556640625 0.0380859375 0.04296875
1 0.75244140625 0.06201171875 0.0302734375 0.0537109375
2 0.48681640625 0.064453125 0.1611328125 0.08984375
3 0.4697265625 0.14111328125 0.0625 0.0419921875
3 0.56982421875 0.111328125 0.0615234375 0.044921875
0 0.3740234375 0.03173828125 0.01171875 0.0146484375
1 0.2158203125 0.5634765625 0.15625 0.193359375
1 0.3603515625 0.51513671875 0.236328125 0.2060546875
1 0.53271484375 0.4658203125 0.1962890625 0.19140625
1 0.57177734375 0.46826171875 0.1103515625 0.1494140625
1 0.5986328125 0.6455078125 0.189453125 0.244140625
1 0.451171875 0.6748046875 0.205078125 0.236328125
1 0.39404296875 0.71630859375 0.1455078125 0.0771484375
1 0.40087890625 0.77197265625 0.1318359375 0.0947265625
1 0.21875 0.81201171875 0.2890625 0.3095703125
1 0.248046875 0.95361328125 0.26953125 0.0908203125
0 0.22802734375 0.833984375 0.0166015625 0.021484375
3 0.28466796875 0.49951171875 0.0244140625 0.0263671875
0 0.5078125 0.65625 0.021484375 0.0234375
0 0.5927734375 0.59814453125 0.02734375 0.0244140625