1 0.244140625 0.14599609375 0.30078125 0.2734375
1 0.3037109375 0.099609375 0.2041015625 0.18359375
1 0.1640625 0.220703125 0.3095703125 0.2900390625
1 0.12255859375 0.31689453125 0.2451171875 0.3330078125
0 0.04443359375 0.173828125 0.03125 0.0322265625
0 0.228515625 0.31884765625 0.029296875 0.029296875
1 0.0830078125 0.43701171875 0.166015625 0.2275390625
1 0.45654296875 0.3330078125 0.23046875 0.23828125
1 0.31591796875 0.52099609375 0.322265625 0.3427734375
1 0.52490234375 0.4365234375 0.2529296875 0.2607421875
1 0.6162109375 0.50244140625 0.2705078125 0.2763671875
1 0.578125 0.3955078125 0.0791015625 0.0849609375
1 0.54638671875 0.36962890625 0.0791015625 0.087890625
0 0.525390625 0.494140625 0.03125 0.0322265625
3 0.39599609375 0.435546875 0.029296875 0.03125
0 0.3671875 0.38525390625 0.025390625 0.02734375
0 0.3583984375 0.48828125 0.03515625 0.037109375
1 0.3818359375 0.62744140625 0.2373046875 0.2626953125
1 0.310546875 0.65283203125 0.0751953125 0.068359375
1 0.31884765625 0.65771484375 0.060546875 0.078125
1 0.46923828125 0.67578125 0.2978515625 0.2763671875
1 0.43408203125 0.79248046875 0.10546875 0.0927734375
1 0.44580078125 0.80224609375 0.083984375 0.1044921875
1 0.6494140625 0.8037109375 0.416015625 0.392578125
1 0.5556640625 0.8193359375 0.115234375 0.15625
1 0.54150390625 0.80517578125 0.13671875 0.1240234375
1 0.68115234375 0.86865234375 0.068359375 0.0986328125
1 0.67333984375 0.85986328125 0.0849609375 0.080078125
1 0.81201171875 0.89111328125 0.2294921875 0.1845703125
0 0.77099609375 0.8515625 0.048828125 0.052734375
1 0.794921875 0.6318359375 0.396484375 0.3876953125
0 0.775390625 0.79931640625 0.0283203125 0.033203125
0 0.734375 0.7705078125 0.0263671875 0.033203125
0 0.69091796875 0.73876953125 0.03125 0.0361328125
0 0.6240234375 0.6865234375 0.02734375 0.0283203125
0 0.6728515625 0.68408203125 0.0390625 0.0478515625
0 0.73291015625 0.7294921875 0.0322265625 0.033203125
3 0.802734375 0.72265625 0.0361328125 0.0361328125
3 0.7421875 0.671875 0.037109375 0.0380859375
3 0.67626953125 0.62451171875 0.037109375 0.041015625
1 0.91943359375 0.7548828125 0.1611328125 0.224609375
1 0.958984375 0.7158203125 0.08203125 0.109375
1 0.7744140625 0.97314453125 0.044921875 0.013671875
1 0.91259765625 0.91357421875 0.1748046875 0.1181640625
1 0.95556640625 0.85302734375 0.0888671875 0.1904296875
1 0.91943359375 0.9599609375 0.0263671875 0.0126953125
1 0.96337890625 0.9443359375 0.02734375 0.0283203125
1 0.85986328125 0.85400390625 0.0185546875 0.0224609375
1 0.755859375 0.93896484375 0.017578125 0.01953125
0 0.44189453125 0.681640625 0.0205078125 0.0234375
0 0.32568359375 0.69091796875 0.0166015625 0.0166015625
0 0.54345703125 0.60302734375 0.0263671875 0.03515625
1 0.75 0.55078125 0.0986328125 0.078125
1 0.73583984375 0.544921875 0.0732421875 0.0927734375
1 0.8369140625 0.6201171875 0.0966796875 0.0888671875
1 0.82470703125 0.61376953125 0.080078125 0.099609375
1 0.89111328125 0.66455078125 0.0947265625 0.080078125
1 0.87744140625 0.6552734375 0.072265625 0.0927734375
1 0.71533203125 0.1923828125 0.4052734375 0.384765625
1 0.76708984375 0.1669921875 0.3798828125 0.333984375
1 0.7802734375 0.13330078125 0.396484375 0.2666015625
1 0.86962890625 0.06884765625 0.1982421875 0.1376953125
1 0.9462890625 0.31201171875 0.087890625 0.1259765625
1 0.96484375 0.23779296875 0.033203125 0.060546875
1 0.94677734375 0.375 0.0966796875 0.11328125
0 0.92626953125 0.15869140625 0.029296875 0.03515625
0 0.84326171875 0.10498046875 0.0263671875 0.0283203125
0 0.7587890625 0.04833984375 0.03125 0.0341796875
0 0.81689453125 0.1279296875 0.0166015625 0.01953125
0 0.763671875 0.1015625 0.0146484375 0.0205078125
0 0.7880859375 0.15087890625 0.0166015625 0.017578125
0 0.955078125 0.0380859375 0.0146484375 0.025390625
1 0.05126953125 0.68310546875 0.091796875 0.2099609375