1 0.5693359375 0.56005859375 0.318359375 0.2802734375
1 0.49072265625 0.44921875 0.3193359375 0.28125
2 0.48828125 0.44677734375 0.29296875 0.2509765625
0 0.60400390625 0.51611328125 0.0224609375 0.0224609375
1 0.41796875 0.6416015625 0.06640625 0.08203125
1 0.35791015625 0.6357421875 0.0751953125 0.068359375
1 0.35107421875 0.69677734375 0.0634765625 0.0751953125
1 0.41357421875 0.703125 0.0751953125 0.064453125
1 0.33349609375 0.87255859375 0.1748046875 0.2275390625
1 0.2978515625 0.97021484375 0.248046875 0.0595703125
1 0.13720703125 0.875 0.2587890625 0.234375
1 0.09033203125 0.97412109375 0.1650390625 0.0517578125
3 0.193359375 0.9365234375 0.05078125 0.04296875
3 0.24169921875 0.97998046875 0.0498046875 0.0400390625
0 0.30908203125 0.94921875 0.0224609375 0.025390625
0 0.177734375 0.96826171875 0.0234375 0.0244140625
1 0.92431640625 0.36181640625 0.1435546875 0.1982421875
1 0.888671875 0.2490234375 0.21484375 0.244140625
0 0.9658203125 0.34326171875 0.021484375 0.0224609375