1 0.90478515625 0.662109375 0.1904296875 0.11328125
1 0.8876953125 0.58203125 0.224609375 0.12890625
1 0.6357421875 0.56640625 0.3017578125 0.1943359375
1 0.6083984375 0.40625 0.30859375 0.2236328125
1 0.3818359375 0.51953125 0.333984375 0.220703125
1 0.4091796875 0.671875 0.33203125 0.1982421875
1 0.7783203125 0.7548828125 0.15625 0.1494140625
1 0.1826171875 0.14599609375 0.365234375 0.2333984375
3 0.67236328125 0.3876953125 0.0625 0.041015625
0 0.6103515625 0.4375 0.0166015625 0.0146484375
3 0.57568359375 0.404296875 0.041015625 0.037109375
3 0.52587890625 0.41357421875 0.03515625 0.0341796875
3 0.4443359375 0.4931640625 0.05859375 0.052734375
0 0.38916015625 0.52880859375 0.0263671875 0.021484375
3 0.3564453125 0.51123046875 0.05078125 0.046875
3 0.50927734375 0.640625 0.0302734375 0.0283203125
3 0.44873046875 0.65185546875 0.0302734375 0.0302734375
3 0.3955078125 0.68359375 0.033203125 0.033203125
3 0.357421875 0.68994140625 0.0380859375 0.0380859375
3 0.31640625 0.6982421875 0.0341796875 0.0380859375
3 0.6005859375 0.5869140625 0.046875 0.0439453125
3 0.5673828125 0.591796875 0.037109375 0.0380859375
0 0.5166015625 0.46142578125 0.0224609375 0.01953125
3 0.20947265625 0.13427734375 0.03125 0.0302734375
3 0.1005859375 0.103515625 0.072265625 0.037109375
0 0.169921875 0.095703125 0.0244140625 0.02734375
0 0.556640625 0.5244140625 0.0322265625 0.0234375
0 0.46923828125 0.57373046875 0.015625 0.01171875
0 0.4775390625 0.62890625 0.0126953125 0.0107421875