1 0.72509765625 0.7001953125 0.3486328125 0.322265625
1 0.623046875 0.54345703125 0.15234375 0.2158203125
1 0.8271484375 0.4296875 0.345703125 0.3125
1 0.81103515625 0.5244140625 0.3466796875 0.2919921875
1 0.74755859375 0.73388671875 0.0498046875 0.0791015625
1 0.7109375 0.7255859375 0.064453125 0.052734375
1 0.7177734375 0.7529296875 0.0751953125 0.0615234375
0 0.6923828125 0.42724609375 0.0458984375 0.0400390625
3 0.91796875 0.4736328125 0.0283203125 0.0341796875
3 0.8095703125 0.43310546875 0.029296875 0.0302734375
3 0.78515625 0.42578125 0.0244140625 0.0263671875
1 0.92041015625 0.65283203125 0.1591796875 0.2275390625
1 0.89501953125 0.646484375 0.046875 0.0400390625
1 0.890625 0.662109375 0.03515625 0.0439453125
1 0.48095703125 0.4345703125 0.3974609375 0.3486328125
1 0.56298828125 0.59375 0.0986328125 0.1162109375
1 0.41259765625 0.6005859375 0.3056640625 0.2939453125
1 0.50537109375 0.6435546875 0.05859375 0.078125
1 0.4853515625 0.63818359375 0.064453125 0.064453125
1 0.42041015625 0.611328125 0.0576171875 0.0732421875
1 0.404296875 0.6064453125 0.0625 0.0625
1 0.33349609375 0.57763671875 0.0546875 0.07421875
1 0.31640625 0.572265625 0.0615234375 0.0634765625
1 0.56298828125 0.49658203125 0.0810546875 0.080078125
1 0.548828125 0.490234375 0.0615234375 0.0947265625
1 0.48095703125 0.46240234375 0.0810546875 0.08203125
1 0.4658203125 0.4580078125 0.0576171875 0.0927734375
1 0.392578125 0.42626953125 0.0810546875 0.078125
1 0.21533203125 0.33349609375 0.3828125 0.3349609375
1 0.37744140625 0.42236328125 0.056640625 0.087890625
0 0.37939453125 0.49951171875 0.0302734375 0.029296875
1 0.1669921875 0.4794921875 0.3251953125 0.322265625
1 0.2421875 0.5341796875 0.0556640625 0.072265625
1 0.2275390625 0.52978515625 0.0615234375 0.064453125
1 0.17578125 0.5107421875 0.0517578125 0.072265625
1 0.16357421875 0.50537109375 0.0634765625 0.064453125
0 0.1875 0.466796875 0.03125 0.03125
1 0.033203125 0.4228515625 0.06640625 0.162109375
1 0.02392578125 0.4453125 0.0478515625 0.08203125
1 0.02099609375 0.43798828125 0.0419921875 0.0693359375
1 0.0654296875 0.28271484375 0.130859375 0.2099609375
1 0.0341796875 0.283203125 0.0654296875 0.06640625
1 0.0224609375 0.2802734375 0.044921875 0.072265625
1 0.14501953125 0.2841796875 0.064453125 0.064453125
1 0.1328125 0.28076171875 0.046875 0.080078125
1 0.22021484375 0.3115234375 0.0703125 0.064453125
1 0.2060546875 0.306640625 0.05078125 0.07421875
1 0.2685546875 0.33056640625 0.06640625 0.0654296875
1 0.255859375 0.326171875 0.0458984375 0.07421875
1 0.31494140625 0.3486328125 0.064453125 0.06640625
1 0.30224609375 0.3466796875 0.044921875 0.0771484375
0 0.18798828125 0.283203125 0.03125 0.029296875
0 0.16748046875 0.33837890625 0.017578125 0.021484375
0 0.11572265625 0.267578125 0.0185546875 0.0205078125
0 0.32373046875 0.3837890625 0.0166015625 0.0224609375