1 0.29736328125 0.61865234375 0.1357421875 0.1240234375
1 0.3408203125 0.67529296875 0.1328125 0.1279296875
1 0.4990234375 0.4560546875 0.361328125 0.306640625
1 0.5400390625 0.50830078125 0.349609375 0.3154296875
1 0.49609375 0.68994140625 0.2109375 0.1689453125
1 0.5029296875 0.83203125 0.18359375 0.158203125
3 0.35498046875 0.67041015625 0.0224609375 0.0244140625
3 0.30029296875 0.60302734375 0.021484375 0.0205078125
3 0.36865234375 0.5859375 0.0341796875 0.037109375
3 0.38623046875 0.607421875 0.0400390625 0.033203125
3 0.45068359375 0.59033203125 0.0244140625 0.0244140625
3 0.39697265625 0.525390625 0.0244140625 0.03125
3 0.5927734375 0.36767578125 0.0234375 0.0224609375
3 0.64404296875 0.43359375 0.0263671875 0.025390625
3 0.548828125 0.51123046875 0.02734375 0.0244140625
3 0.49462890625 0.44677734375 0.0244140625 0.0224609375
0 0.61328125 0.41650390625 0.015625 0.0146484375
0 0.40380859375 0.55859375 0.0166015625 0.01953125
0 0.4208984375 0.58056640625 0.013671875 0.0126953125
0 0.423828125 0.67724609375 0.013671875 0.0146484375
1 0.90966796875 0.32666015625 0.1630859375 0.2294921875
1 0.95263671875 0.46435546875 0.0947265625 0.1181640625
0 0.96142578125 0.34619140625 0.0224609375 0.0205078125
0 0.93994140625 0.44677734375 0.0146484375 0.0146484375