1 0.4765625 0.5341796875 0.4921875 0.27734375
1 0.466796875 0.60791015625 0.16015625 0.2802734375
1 0.34375 0.59375 0.1796875 0.2578125
1 0.5 0.31005859375 0.439453125 0.2666015625
1 0.87353515625 0.474609375 0.2529296875 0.16015625
3 0.9189453125 0.5068359375 0.03125 0.03125
3 0.9921875 0.521484375 0.015625 0.02734375
1 0.86767578125 0.77685546875 0.1259765625 0.3115234375
3 0.82666015625 0.76953125 0.0361328125 0.033203125
1 0.8701171875 0.34716796875 0.248046875 0.1650390625
1 0.970703125 0.36962890625 0.048828125 0.1123046875
3 0.939453125 0.33935546875 0.033203125 0.0341796875
1 0.84326171875 0.95263671875 0.1259765625 0.0400390625