1 0.486328125 0.43359375 0.2490234375 0.2724609375
1 0.5751953125 0.36328125 0.2333984375 0.2626953125
1 0.83740234375 0.85986328125 0.25390625 0.2587890625
1 0.8984375 0.7998046875 0.177734375 0.259765625
1 0.123046875 0.85400390625 0.22265625 0.2529296875
1 0.06689453125 0.7900390625 0.1162109375 0.2265625
1 0.18603515625 0.0908203125 0.20703125 0.16015625
1 0.3017578125 0.04736328125 0.1435546875 0.08203125
0 0.6044921875 0.34130859375 0.0361328125 0.0400390625
0 0.58349609375 0.43798828125 0.03515625 0.029296875
0 0.939453125 0.78662109375 0.033203125 0.0361328125