1 0.5068359375 0.40576171875 0.376953125 0.416015625
1 0.40283203125 0.3115234375 0.3623046875 0.4111328125
3 0.49853515625 0.24462890625 0.0439453125 0.044921875
3 0.447265625 0.29931640625 0.0458984375 0.046875
3 0.39453125 0.3603515625 0.046875 0.048828125
3 0.345703125 0.41650390625 0.044921875 0.044921875
3 0.40478515625 0.46923828125 0.05078125 0.048828125
3 0.5595703125 0.30029296875 0.048828125 0.05078125
0 0.5146484375 0.4736328125 0.0185546875 0.0185546875
0 0.55322265625 0.43115234375 0.0185546875 0.017578125
1 0.37255859375 0.28466796875 0.04296875 0.044921875
1 0.1142578125 0.55810546875 0.1005859375 0.1953125
1 0.03076171875 0.8486328125 0.0615234375 0.2265625
0 0.0244140625 0.8369140625 0.017578125 0.0185546875
1 0.84912109375 0.76513671875 0.2783203125 0.2666015625
1 0.8193359375 0.91259765625 0.302734375 0.1748046875
0 0.8212890625 0.8447265625 0.0185546875 0.0185546875