1 0.44970703125 0.771484375 0.310546875 0.314453125
1 0.5791015625 0.70263671875 0.2744140625 0.291015625
1 0.458984375 0.82373046875 0.12109375 0.0625
1 0.4765625 0.84228515625 0.0859375 0.0966796875
1 0.50634765625 0.48291015625 0.4189453125 0.2109375
1 0.31982421875 0.533203125 0.0830078125 0.0712890625
1 0.66455078125 0.59619140625 0.0830078125 0.0478515625
1 0.53271484375 0.48388671875 0.072265625 0.060546875
1 0.4853515625 0.478515625 0.0673828125 0.0634765625
0 0.55126953125 0.7421875 0.017578125 0.0224609375
0 0.3955078125 0.43994140625 0.0185546875 0.0185546875
1 0.80029296875 0.18896484375 0.3076171875 0.3134765625
1 0.81396484375 0.24169921875 0.1220703125 0.06640625
1 0.82861328125 0.26123046875 0.0849609375 0.09765625
1 0.900390625 0.1396484375 0.19921875 0.248046875
0 0.90283203125 0.16015625 0.021484375 0.0224609375
0 0.6787109375 0.75048828125 0.0166015625 0.017578125
1 0.43896484375 0.62158203125 0.103515625 0.076171875