1 0.46044921875 0.41162109375 0.4013671875 0.3515625
1 0.369140625 0.50830078125 0.4140625 0.369140625
1 0.76806640625 0.8564453125 0.3916015625 0.287109375
1 0.82275390625 0.78369140625 0.3154296875 0.328125
1 0.125 0.81689453125 0.25 0.2861328125
1 0.02587890625 0.884765625 0.0517578125 0.095703125
3 0.12158203125 0.88916015625 0.05859375 0.056640625
0 0.3994140625 0.4765625 0.0361328125 0.033203125
0 0.80615234375 0.86083984375 0.0478515625 0.048828125
0 0.17578125 0.91357421875 0.03125 0.02734375
1 0.142578125 0.1025390625 0.197265625 0.205078125
1 0.0869140625 0.212890625 0.1220703125 0.2001953125