1 0.58154296875 0.255859375 0.201171875 0.2216796875
1 0.642578125 0.4140625 0.125 0.11328125
1 0.39208984375 0.2470703125 0.21484375 0.2314453125
1 0.5234375 0.40673828125 0.125 0.111328125
1 0.55126953125 0.50146484375 0.19921875 0.1982421875
1 0.3779296875 0.49755859375 0.16796875 0.1806640625
2 0.5830078125 0.271484375 0.08203125 0.0263671875
0 0.43798828125 0.2236328125 0.025390625 0.02734375
3 0.43505859375 0.27734375 0.0244140625 0.02734375
0 0.52880859375 0.52734375 0.025390625 0.0234375
0 0.41552734375 0.49072265625 0.021484375 0.02734375
1 0.35498046875 0.51416015625 0.0439453125 0.0244140625
1 0.3525390625 0.53564453125 0.0458984375 0.0244140625
1 0.35498046875 0.48291015625 0.0478515625 0.0283203125
1 0.3583984375 0.4619140625 0.0478515625 0.0263671875
0 0.47607421875 0.2431640625 0.0234375 0.03125
1 0.5625 0.83935546875 0.2978515625 0.2109375
3 0.5546875 0.79638671875 0.0234375 0.0302734375
1 0.73681640625 0.939453125 0.2060546875 0.12109375
1 0.5478515625 0.93896484375 0.20703125 0.1220703125
0 0.62060546875 0.923828125 0.021484375 0.021484375
0 0.513671875 0.921875 0.0244140625 0.01953125
3 0.52685546875 0.82568359375 0.0263671875 0.025390625
1 0.212890625 0.7509765625 0.1630859375 0.1005859375
1 0.21728515625 0.6767578125 0.1591796875 0.083984375
0 0.2734375 0.72216796875 0.01171875 0.0126953125