1 0.51025390625 0.59326171875 0.2783203125 0.1796875
1 0.447265625 0.35009765625 0.279296875 0.158203125
1 0.39306640625 0.50927734375 0.2080078125 0.3330078125
1 0.5625 0.44677734375 0.21484375 0.3310546875
1 0.552734375 0.4443359375 0.0673828125 0.0478515625
1 0.55615234375 0.4677734375 0.076171875 0.0380859375
1 0.4453125 0.36376953125 0.044921875 0.046875
1 0.4716796875 0.36083984375 0.0390625 0.05859375
0 0.48681640625 0.50732421875 0.02734375 0.0263671875
0 0.46875 0.42138671875 0.01953125 0.0205078125
0 0.48779296875 0.5849609375 0.013671875 0.013671875
0 0.419921875 0.56787109375 0.0166015625 0.0146484375
1 0.2509765625 0.6962890625 0.1767578125 0.21484375
1 0.15087890625 0.7138671875 0.140625 0.2158203125
1 0.10302734375 0.12841796875 0.1728515625 0.2568359375
1 0.03662109375 0.1943359375 0.0419921875 0.1328125
0 0.0341796875 0.15966796875 0.025390625 0.0244140625
0 0.0615234375 0.22216796875 0.0107421875 0.01171875
3 0.0947265625 0.14794921875 0.0302734375 0.0400390625
3 0.08642578125 0.0869140625 0.0283203125 0.0224609375
1 0.083984375 0.76025390625 0.16796875 0.2451171875
1 0.5654296875 0.8916015625 0.212890625 0.216796875
1 0.38671875 0.939453125 0.25390625 0.12109375