1 0.40771484375 0.6591796875 0.8154296875 0.681640625
0 0.68408203125 0.9169921875 0.01953125 0.01953125
0 0.6533203125 0.8642578125 0.0185546875 0.0205078125
0 0.5380859375 0.84228515625 0.01953125 0.0205078125
0 0.50830078125 0.78662109375 0.017578125 0.0185546875
1 0.57666015625 0.43359375 0.837890625 0.7470703125
0 0.3916015625 0.76904296875 0.0205078125 0.0205078125
0 0.36328125 0.70703125 0.017578125 0.0185546875
0 0.31298828125 0.68896484375 0.0234375 0.025390625
0 0.25146484375 0.69287109375 0.0166015625 0.0205078125
0 0.17138671875 0.60888671875 0.0185546875 0.0205078125
0 0.10791015625 0.61767578125 0.0166015625 0.015625
0 0.025390625 0.5361328125 0.0205078125 0.0224609375
0 0.86279296875 0.58984375 0.0185546875 0.0185546875
0 0.80029296875 0.58642578125 0.01953125 0.021484375
0 0.71875 0.51806640625 0.0224609375 0.0263671875
0 0.65673828125 0.5107421875 0.0205078125 0.0234375
0 0.576171875 0.44189453125 0.0205078125 0.0224609375
0 0.513671875 0.43310546875 0.0205078125 0.0263671875
0 0.46142578125 0.41259765625 0.0263671875 0.029296875
0 0.43310546875 0.3671875 0.0185546875 0.021484375
0 0.365234375 0.2900390625 0.06640625 0.0625