1 0.53173828125 0.50244140625 0.1982421875 0.2451171875
1 0.42041015625 0.44970703125 0.1923828125 0.2158203125
1 0.43408203125 0.451171875 0.0986328125 0.115234375
3 0.4970703125 0.51220703125 0.04296875 0.0478515625
0 0.509765625 0.46533203125 0.021484375 0.0244140625
1 0.7099609375 0.5419921875 0.15625 0.189453125
1 0.791015625 0.58544921875 0.14453125 0.1982421875
1 0.93505859375 0.68798828125 0.1298828125 0.1962890625
1 0.876953125 0.67236328125 0.130859375 0.1884765625
1 0.96484375 0.72314453125 0.0703125 0.1865234375
0 0.9482421875 0.67138671875 0.01953125 0.0185546875
0 0.5732421875 0.52734375 0.015625 0.013671875
1 0.05517578125 0.25830078125 0.1103515625 0.2412109375