1 0.3916015625 0.57763671875 0.232421875 0.2431640625
1 0.6279296875 0.48486328125 0.345703125 0.2626953125
1 0.412109375 0.4404296875 0.34765625 0.193359375
1 0.29296875 0.37060546875 0.24609375 0.2138671875
1 0.52587890625 0.26806640625 0.3583984375 0.2705078125
1 0.46484375 0.28955078125 0.0625 0.1142578125
1 0.42822265625 0.29833984375 0.0830078125 0.1044921875
2 0.634765625 0.50048828125 0.3046875 0.1845703125
0 0.474609375 0.44189453125 0.025390625 0.0283203125
1 0.66455078125 0.07177734375 0.1689453125 0.1435546875
1 0.70166015625 0.1533203125 0.1259765625 0.099609375
1 0.75 0.27685546875 0.154296875 0.2216796875
1 0.8818359375 0.2373046875 0.197265625 0.171875
1 0.8662109375 0.15625 0.2109375 0.111328125
1 0.85302734375 0.08984375 0.2275390625 0.14453125
1 0.822265625 0.048828125 0.220703125 0.09765625
0 0.8486328125 0.11328125 0.02734375 0.029296875
0 0.84326171875 0.025390625 0.0146484375 0.025390625
0 0.70263671875 0.3037109375 0.0283203125 0.02734375
2 0.390625 0.60009765625 0.19140625 0.1357421875
2 0.28125 0.36181640625 0.2109375 0.1669921875