1 0.82177734375 0.41259765625 0.3564453125 0.3779296875
0 0.818359375 0.44140625 0.0185546875 0.017578125
1 0.6171875 0.30908203125 0.310546875 0.341796875
1 0.7080078125 0.61181640625 0.296875 0.30859375
1 0.5185546875 0.5283203125 0.2919921875 0.310546875
3 0.693359375 0.54296875 0.03125 0.0234375
3 0.64990234375 0.6435546875 0.03125 0.02734375
3 0.55615234375 0.53759765625 0.052734375 0.046875
3 0.53271484375 0.59326171875 0.0537109375 0.048828125
3 0.49169921875 0.509765625 0.083984375 0.07421875
3 0.46923828125 0.56396484375 0.08203125 0.068359375
0 0.70458984375 0.29638671875 0.029296875 0.0283203125