1 0.5693359375 0.44140625 0.3505859375 0.31640625
1 0.50537109375 0.56591796875 0.353515625 0.3466796875
1 0.23681640625 0.740234375 0.3017578125 0.318359375
1 0.1474609375 0.66650390625 0.2607421875 0.2783203125
1 0.25537109375 0.77294921875 0.1015625 0.1435546875
1 0.27197265625 0.740234375 0.1376953125 0.0888671875
3 0.19189453125 0.6328125 0.0419921875 0.041015625
3 0.12255859375 0.7373046875 0.048828125 0.0458984375
3 0.5439453125 0.62109375 0.0458984375 0.0517578125
3 0.43701171875 0.56396484375 0.04296875 0.044921875
3 0.65771484375 0.4521484375 0.0400390625 0.0400390625
0 0.51708984375 0.49853515625 0.0283203125 0.0283203125
0 0.4306640625 0.462890625 0.015625 0.0185546875
0 0.171875 0.69384765625 0.01953125 0.01953125
1 0.1796875 0.9912109375 0.107421875 0.017578125
1 0.1376953125 0.98193359375 0.044921875 0.0361328125
1 0.61279296875 0.22265625 0.3291015625 0.32421875
1 0.677734375 0.12646484375 0.3359375 0.2529296875
1 0.14404296875 0.18896484375 0.2880859375 0.2529296875
1 0.2607421875 0.099609375 0.212890625 0.1455078125
2 0.24462890625 0.10107421875 0.1484375 0.11328125
2 0.16015625 0.15673828125 0.21875 0.1787109375