1 0.4873046875 0.47998046875 0.2744140625 0.2783203125
1 0.60107421875 0.5849609375 0.2490234375 0.2724609375
1 0.3251953125 0.595703125 0.2646484375 0.2783203125
1 0.44140625 0.6982421875 0.2353515625 0.248046875
0 0.623046875 0.46875 0.0380859375 0.0380859375
0 0.34814453125 0.72412109375 0.0400390625 0.0419921875
1 0.73486328125 0.19873046875 0.2626953125 0.275390625
1 0.85107421875 0.302734375 0.2431640625 0.2509765625
1 0.943359375 0.18115234375 0.11328125 0.2685546875
1 0.880859375 0.1181640625 0.23828125 0.201171875
2 0.8681640625 0.306640625 0.1513671875 0.2138671875
2 0.80419921875 0.3232421875 0.083984375 0.087890625
0 0.75146484375 0.32568359375 0.0322265625 0.037109375