1 0.60986328125 0.45947265625 0.1904296875 0.171875
1 0.51171875 0.61474609375 0.4228515625 0.2958984375
1 0.42724609375 0.41650390625 0.2685546875 0.2412109375
3 0.5927734375 0.4921875 0.0224609375 0.0283203125
1 0.515625 0.6318359375 0.181640625 0.109375
3 0.537109375 0.5849609375 0.0322265625 0.02734375
1 0.51953125 0.67138671875 0.173828125 0.0869140625
0 0.3681640625 0.52099609375 0.0185546875 0.015625
0 0.462890625 0.486328125 0.0185546875 0.0146484375
0 0.57080078125 0.4287109375 0.0224609375 0.021484375
1 0.4755859375 0.8837890625 0.10546875 0.078125
1 0.4765625 0.8359375 0.1015625 0.0615234375
1 0.21630859375 0.87744140625 0.30078125 0.1669921875
1 0.25830078125 0.94775390625 0.189453125 0.0615234375
1 0.7861328125 0.90625 0.2880859375 0.1708984375
1 0.7734375 0.96533203125 0.26171875 0.0693359375
0 0.76708984375 0.88720703125 0.02734375 0.03125
3 0.18798828125 0.8642578125 0.0322265625 0.037109375
0 0.54052734375 0.63623046875 0.0166015625 0.0166015625