1 0.6005859375 0.5 0.2412109375 0.2578125
1 0.49609375 0.4169921875 0.259765625 0.2607421875
1 0.193359375 0.2568359375 0.296875 0.271484375
1 0.2802734375 0.1474609375 0.26953125 0.2919921875
1 0.478515625 0.6259765625 0.201171875 0.21875
1 0.140625 0.8447265625 0.275390625 0.310546875
1 0.08935546875 0.931640625 0.1669921875 0.13671875
1 0.9365234375 0.625 0.1064453125 0.111328125
1 0.85888671875 0.6953125 0.1669921875 0.169921875
1 0.9052734375 0.76513671875 0.189453125 0.2900390625
2 0.9599609375 0.896484375 0.080078125 0.177734375
1 0.95849609375 0.89501953125 0.0830078125 0.1962890625
1 0.908203125 0.94580078125 0.18359375 0.0966796875
2 0.9091796875 0.955078125 0.1533203125 0.0791015625
2 0.9248046875 0.78662109375 0.150390625 0.2138671875
0 0.85302734375 0.82568359375 0.0087890625 0.013671875
0 0.86669921875 0.833984375 0.0146484375 0.0166015625
0 0.5390625 0.53955078125 0.0146484375 0.013671875
0 0.6171875 0.39892578125 0.01953125 0.0205078125
0 0.150390625 0.96484375 0.01171875 0.0126953125
0 0.03271484375 0.86376953125 0.013671875 0.013671875
3 0.18115234375 0.9619140625 0.03515625 0.0361328125
3 0.14306640625 0.9306640625 0.0341796875 0.03515625
3 0.06640625 0.86376953125 0.037109375 0.0390625
3 0.02587890625 0.83251953125 0.03515625 0.0400390625
3 0.0380859375 0.9931640625 0.04296875 0.013671875