1 0.501953125 0.3994140625 0.25390625 0.236328125
1 0.4169921875 0.50244140625 0.255859375 0.2548828125
1 0.25146484375 0.80224609375 0.2666015625 0.2919921875
1 0.1435546875 0.71337890625 0.287109375 0.2646484375
1 0.62548828125 0.5234375 0.2158203125 0.197265625
1 0.8427734375 0.865234375 0.314453125 0.26953125
1 0.9287109375 0.91796875 0.142578125 0.1640625
1 0.6328125 0.06591796875 0.109375 0.1044921875
1 0.70166015625 0.14453125 0.1669921875 0.1640625
1 0.7724609375 0.095703125 0.287109375 0.19140625
2 0.90478515625 0.04248046875 0.1767578125 0.0849609375
1 0.90283203125 0.0439453125 0.1943359375 0.087890625
1 0.953125 0.09716796875 0.09375 0.1865234375
2 0.9619140625 0.0986328125 0.076171875 0.15234375
2 0.7939453125 0.07666015625 0.2109375 0.1533203125
0 0.83203125 0.15283203125 0.013671875 0.0087890625
0 0.84033203125 0.13916015625 0.0166015625 0.0146484375
0 0.5400390625 0.46142578125 0.013671875 0.0146484375
0 0.40087890625 0.380859375 0.0205078125 0.01953125
0 0.95849609375 0.857421875 0.0126953125 0.01171875
0 0.85546875 0.9736328125 0.013671875 0.013671875
3 0.9560546875 0.82666015625 0.03515625 0.0341796875
3 0.92431640625 0.8642578125 0.0341796875 0.033203125
3 0.85595703125 0.93994140625 0.0380859375 0.0361328125
3 0.82421875 0.97998046875 0.0390625 0.0341796875
3 0.9892578125 0.970703125 0.021484375 0.04296875