1 0.5966796875 0.50390625 0.693359375 0.58203125
1 0.484375 0.36474609375 0.669921875 0.5966796875
3 0.83154296875 0.32177734375 0.0458984375 0.0439453125
3 0.62451171875 0.47705078125 0.0478515625 0.0439453125
3 0.4130859375 0.6484375 0.046875 0.044921875
3 0.3046875 0.50634765625 0.041015625 0.0419921875
3 0.66650390625 0.2197265625 0.0380859375 0.04296875
2 0.5126953125 0.3095703125 0.142578125 0.1171875
3 0.5927734375 0.279296875 0.037109375 0.037109375
3 0.669921875 0.341796875 0.025390625 0.029296875
3 0.390625 0.388671875 0.02734375 0.017578125
3 0.39208984375 0.55810546875 0.0283203125 0.0322265625
3 0.25146484375 0.4931640625 0.0322265625 0.025390625
3 0.5302734375 0.45068359375 0.03125 0.0302734375
2 0.640625 0.42236328125 0.169921875 0.1259765625
2 0.5927734375 0.3486328125 0.10546875 0.103515625
0 0.52685546875 0.2783203125 0.0205078125 0.01953125
0 0.6640625 0.169921875 0.021484375 0.015625
0 0.80615234375 0.234375 0.0283203125 0.03515625