1 0.67431640625 0.5205078125 0.2392578125 0.3115234375
2 0.6982421875 0.5849609375 0.185546875 0.16015625
3 0.65673828125 0.61572265625 0.0244140625 0.021484375
3 0.72998046875 0.5712890625 0.0390625 0.0341796875
3 0.68701171875 0.44287109375 0.0458984375 0.04296875
1 0.5263671875 0.56884765625 0.228515625 0.3056640625
1 0.6240234375 0.7177734375 0.181640625 0.126953125
1 0.51904296875 0.39013671875 0.1826171875 0.125
3 0.46142578125 0.54833984375 0.0361328125 0.0283203125
0 0.5107421875 0.6396484375 0.033203125 0.033203125
3 0.48095703125 0.623046875 0.0283203125 0.0244140625
0 0.466796875 0.51318359375 0.033203125 0.0400390625
1 0.3310546875 0.13232421875 0.1337890625 0.2373046875
1 0.41357421875 0.11376953125 0.1728515625 0.2275390625
2 0.40625 0.1015625 0.12890625 0.197265625
1 0.6064453125 0.10888671875 0.32421875 0.2177734375
3 0.44189453125 0.07275390625 0.0419921875 0.0390625
3 0.3427734375 0.189453125 0.04296875 0.048828125
3 0.31689453125 0.11572265625 0.033203125 0.033203125
3 0.296875 0.04736328125 0.0419921875 0.0517578125
1 0.6650390625 0.86279296875 0.1845703125 0.130859375
1 0.6435546875 0.9443359375 0.1689453125 0.1015625
1 0.81005859375 0.90673828125 0.224609375 0.13671875
2 0.798828125 0.9072265625 0.171875 0.130859375
0 0.82958984375 0.91455078125 0.037109375 0.0341796875