1 0.505859375 0.470703125 0.416015625 0.21484375
1 0.4814453125 0.61669921875 0.408203125 0.1826171875
1 0.67236328125 0.58203125 0.0595703125 0.115234375
1 0.30615234375 0.5078125 0.0556640625 0.107421875
1 0.705078125 0.19677734375 0.4921875 0.2001953125
1 0.72607421875 0.09033203125 0.4912109375 0.1806640625
0 0.68896484375 0.0869140625 0.0185546875 0.021484375
3 0.73974609375 0.11181640625 0.0146484375 0.0283203125
3 0.45263671875 0.44140625 0.0380859375 0.03515625
3 0.556640625 0.5048828125 0.013671875 0.015625
3 0.59228515625 0.46630859375 0.0361328125 0.0341796875
3 0.466796875 0.5087890625 0.015625 0.017578125
3 0.47705078125 0.48583984375 0.0146484375 0.0146484375
3 0.4921875 0.4736328125 0.01171875 0.029296875
3 0.40673828125 0.61767578125 0.0361328125 0.0361328125
3 0.52734375 0.638671875 0.03515625 0.033203125
3 0.59228515625 0.65283203125 0.0302734375 0.0322265625
3 0.61328125 0.60107421875 0.01953125 0.0263671875
3 0.466796875 0.63037109375 0.060546875 0.0478515625