1 0.685546875 0.41455078125 0.6220703125 0.33984375
1 0.68310546875 0.4150390625 0.1142578125 0.1015625
1 0.701171875 0.5458984375 0.5927734375 0.3349609375
1 0.70751953125 0.5478515625 0.1240234375 0.10546875
0 0.4580078125 0.60791015625 0.0244140625 0.0244140625
3 0.84228515625 0.52880859375 0.0263671875 0.033203125
3 0.81103515625 0.41552734375 0.029296875 0.029296875
1 0.1611328125 0.6162109375 0.322265625 0.25
3 0.01025390625 0.64013671875 0.0205078125 0.0322265625
3 0.0830078125 0.62646484375 0.0224609375 0.0263671875
3 0.1484375 0.61376953125 0.033203125 0.03515625
1 0.16015625 0.48583984375 0.3203125 0.2470703125
1 0.12255859375 0.35302734375 0.1455078125 0.15625
1 0.05126953125 0.36279296875 0.08984375 0.1435546875
0 0.1044921875 0.56396484375 0.017578125 0.0185546875
0 0.57763671875 0.39404296875 0.0126953125 0.013671875
0 0.6259765625 0.49755859375 0.017578125 0.017578125
0 0.63818359375 0.6064453125 0.01171875 0.0126953125
0 0.80419921875 0.52392578125 0.01171875 0.015625
1 0.81689453125 0.26318359375 0.0986328125 0.1396484375
1 0.7587890625 0.27197265625 0.1025390625 0.14453125
1 0.6220703125 0.2890625 0.1455078125 0.16015625
1 0.51416015625 0.30029296875 0.15625 0.1630859375
1 0.1865234375 0.013671875 0.119140625 0.02734375
1 0.1103515625 0.01416015625 0.080078125 0.0283203125
0 0.10546875 0.45361328125 0.015625 0.01953125
0 0.0712890625 0.45654296875 0.0126953125 0.013671875