1 0.236328125 0.47314453125 0.2939453125 0.3056640625
1 0.20654296875 0.65576171875 0.234375 0.220703125
1 0.06884765625 0.64794921875 0.1171875 0.1416015625
1 0.0712890625 0.53564453125 0.134765625 0.1298828125
1 0.02880859375 0.58447265625 0.0576171875 0.2275390625
1 0.00634765625 0.43701171875 0.0126953125 0.0732421875
1 0.00732421875 0.3076171875 0.0146484375 0.119140625
1 0.35107421875 0.68798828125 0.1640625 0.189453125
1 0.37548828125 0.50439453125 0.1806640625 0.2607421875
1 0.48828125 0.494140625 0.1826171875 0.2451171875
1 0.32080078125 0.068359375 0.216796875 0.1240234375
1 0.47802734375 0.06787109375 0.1806640625 0.1357421875
1 0.62451171875 0.08544921875 0.2412109375 0.1708984375
1 0.4560546875 0.03515625 0.037109375 0.03125
1 0.4580078125 0.0556640625 0.04296875 0.0400390625
0 0.5166015625 0.09130859375 0.021484375 0.0224609375
3 0.34619140625 0.02490234375 0.033203125 0.0234375
0 0.4228515625 0.0712890625 0.0244140625 0.0263671875
0 0.240234375 0.552734375 0.029296875 0.0283203125
0 0.115234375 0.5048828125 0.0234375 0.025390625
3 0.177734375 0.650390625 0.029296875 0.025390625
3 0.490234375 0.47216796875 0.0361328125 0.0400390625
1 0.78515625 0.388671875 0.314453125 0.3603515625
1 0.78369140625 0.38232421875 0.1787109375 0.19921875
1 0.783203125 0.634765625 0.2587890625 0.2890625
1 0.9150390625 0.423828125 0.169921875 0.3203125
1 0.92578125 0.10693359375 0.083984375 0.2138671875
1 0.91357421875 0.6728515625 0.1728515625 0.28125
1 0.90380859375 0.84814453125 0.1923828125 0.2255859375
1 0.95751953125 0.83349609375 0.0849609375 0.0556640625
1 0.95849609375 0.85498046875 0.0830078125 0.0673828125
1 0.93310546875 0.93505859375 0.0693359375 0.0390625
1 0.951171875 0.9267578125 0.09765625 0.044921875
1 0.7431640625 0.84521484375 0.2734375 0.2841796875
1 0.716796875 0.7880859375 0.0859375 0.05859375
1 0.720703125 0.8056640625 0.091796875 0.0458984375
1 0.701171875 0.88330078125 0.0888671875 0.0615234375
1 0.7021484375 0.90185546875 0.0947265625 0.05078125
3 0.69091796875 0.93505859375 0.0322265625 0.025390625
3 0.7919921875 0.86474609375 0.03125 0.0283203125
0 0.82080078125 0.87451171875 0.0322265625 0.0390625
1 0.783203125 0.63916015625 0.1826171875 0.1748046875
3 0.74755859375 0.70947265625 0.029296875 0.0283203125
0 0.79345703125 0.60498046875 0.0302734375 0.025390625
3 0.77197265625 0.5498046875 0.0341796875 0.0322265625
0 0.9375 0.7607421875 0.029296875 0.033203125
0 0.79833984375 0.509765625 0.0322265625 0.0283203125
0 0.9365234375 0.30322265625 0.0244140625 0.0263671875
0 0.91064453125 0.44287109375 0.0263671875 0.0224609375
0 0.830078125 0.4921875 0.033203125 0.0283203125
0 0.744140625 0.478515625 0.0283203125 0.029296875
3 0.99267578125 0.59033203125 0.0146484375 0.0283203125
3 0.9853515625 0.64501953125 0.029296875 0.0283203125
3 0.978515625 0.69091796875 0.0380859375 0.03515625
3 0.97216796875 0.74755859375 0.0390625 0.0341796875
1 0.80078125 0.94775390625 0.111328125 0.05078125
0 0.7783203125 0.3857421875 0.015625 0.0166015625
0 0.90966796875 0.54736328125 0.041015625 0.0478515625
0 0.92236328125 0.50439453125 0.013671875 0.0126953125