1 0.3955078125 0.49853515625 0.111328125 0.3408203125
2 0.39111328125 0.44677734375 0.0810546875 0.228515625
1 0.494140625 0.50390625 0.126953125 0.33984375
1 0.48046875 0.712890625 0.12890625 0.0888671875
1 0.37646484375 0.578125 0.025390625 0.0234375
1 0.53173828125 0.4248046875 0.017578125 0.0146484375
1 0.8056640625 0.67431640625 0.1689453125 0.3017578125
2 0.83935546875 0.599609375 0.037109375 0.0634765625
2 0.80908203125 0.765625 0.078125 0.083984375
3 0.84130859375 0.716796875 0.0224609375 0.017578125
3 0.7763671875 0.71142578125 0.02734375 0.0166015625
0 0.80029296875 0.67041015625 0.0419921875 0.0283203125
0 0.95751953125 0.6875 0.0322265625 0.0361328125
1 0.90478515625 0.4375 0.0849609375 0.2314453125