1 0.86669921875 0.33203125 0.1318359375 0.1826171875
1 0.7861328125 0.310546875 0.1298828125 0.1875
1 0.7392578125 0.462890625 0.126953125 0.18359375
1 0.85400390625 0.49658203125 0.2109375 0.19921875
0 0.82421875 0.4580078125 0.01953125 0.017578125
1 0.634765625 0.42822265625 0.158203125 0.1552734375
1 0.5869140625 0.619140625 0.1884765625 0.2802734375
1 0.38427734375 0.60009765625 0.3447265625 0.3515625
1 0.48828125 0.65234375 0.1103515625 0.177734375
1 0.3935546875 0.44091796875 0.2626953125 0.4189453125
1 0.47314453125 0.552734375 0.1689453125 0.2392578125
1 0.4638671875 0.50439453125 0.1298828125 0.078125
0 0.51123046875 0.56103515625 0.0205078125 0.0185546875
3 0.27587890625 0.66455078125 0.017578125 0.021484375
3 0.3818359375 0.6005859375 0.0234375 0.0224609375
3 0.392578125 0.5634765625 0.025390625 0.025390625
1 0.22119140625 0.53515625 0.1669921875 0.1484375
3 0.2822265625 0.5927734375 0.02734375 0.0234375
1 0.2490234375 0.4140625 0.197265625 0.1826171875
1 0.20849609375 0.49267578125 0.107421875 0.0947265625
1 0.19970703125 0.52880859375 0.119140625 0.0595703125
1 0.16796875 0.62451171875 0.1826171875 0.1845703125
1 0.24072265625 0.40673828125 0.09765625 0.078125
1 0.23193359375 0.439453125 0.1044921875 0.05078125
1 0.32861328125 0.23583984375 0.29296875 0.33203125
1 0.3115234375 0.15185546875 0.08203125 0.091796875
1 0.34228515625 0.21142578125 0.146484375 0.0615234375
1 0.36865234375 0.16748046875 0.10546875 0.1220703125
1 0.42724609375 0.0888671875 0.1904296875 0.1728515625
1 0.43310546875 0.07373046875 0.1318359375 0.1171875
1 0.482421875 0.04541015625 0.17578125 0.0908203125
1 0.50439453125 0.02490234375 0.0986328125 0.0498046875
1 0.642578125 0.07373046875 0.2568359375 0.146484375
3 0.58154296875 0.05126953125 0.0458984375 0.044921875
3 0.703125 0.02734375 0.0537109375 0.0380859375
0 0.64892578125 0.05078125 0.03515625 0.0380859375
1 0.59326171875 0.1767578125 0.2470703125 0.177734375
3 0.52392578125 0.13037109375 0.02734375 0.025390625
1 0.50439453125 0.22607421875 0.1640625 0.1220703125
3 0.4697265625 0.19189453125 0.029296875 0.0234375
0 0.4638671875 0.38916015625 0.0224609375 0.017578125
0 0.4375 0.4150390625 0.021484375 0.01953125
0 0.796875 0.52685546875 0.0166015625 0.013671875
1 0.92919921875 0.67822265625 0.1103515625 0.1181640625
1 0.42529296875 0.91162109375 0.2880859375 0.1767578125
1 0.220703125 0.8720703125 0.2431640625 0.2392578125
1 0.1884765625 0.90380859375 0.0869140625 0.0712890625
3 0.220703125 0.82177734375 0.0458984375 0.03515625
0 0.25634765625 0.96533203125 0.0224609375 0.0244140625
1 0.41552734375 0.9697265625 0.0830078125 0.056640625
3 0.4833984375 0.88037109375 0.037109375 0.029296875
1 0.77783203125 0.94677734375 0.19921875 0.09765625
0 0.244140625 0.693359375 0.021484375 0.021484375
1 0.53076171875 0.3046875 0.068359375 0.076171875
1 0.50634765625 0.24072265625 0.1572265625 0.0888671875
1 0.46240234375 0.30810546875 0.076171875 0.134765625
0 0.33984375 0.46142578125 0.0185546875 0.0166015625
0 0.32275390625 0.64404296875 0.015625 0.0146484375
1 0.9453125 0.1259765625 0.068359375 0.064453125
1 0.95263671875 0.0859375 0.048828125 0.0615234375