1 0.67041015625 0.4755859375 0.1259765625 0.28125
1 0.4765625 0.44287109375 0.357421875 0.2158203125
1 0.36279296875 0.5712890625 0.1279296875 0.27734375
1 0.556640625 0.60791015625 0.35546875 0.2080078125
1 0.81591796875 0.84619140625 0.3017578125 0.2470703125
1 0.3203125 0.9306640625 0.322265625 0.138671875
1 0.86279296875 0.9130859375 0.2744140625 0.173828125
0 0.4912109375 0.4638671875 0.029296875 0.0234375
0 0.4326171875 0.53271484375 0.01953125 0.0205078125
2 0.80615234375 0.97021484375 0.1064453125 0.0595703125
0 0.77099609375 0.93115234375 0.0244140625 0.0244140625
1 0.439453125 0.9736328125 0.14453125 0.052734375
2 0.93896484375 0.92626953125 0.1220703125 0.1474609375
2 0.8642578125 0.94091796875 0.037109375 0.0400390625
2 0.89404296875 0.9853515625 0.0400390625 0.029296875