1 0.60986328125 0.3173828125 0.30078125 0.2998046875
1 0.72314453125 0.37158203125 0.2919921875 0.3115234375
1 0.73291015625 0.39111328125 0.095703125 0.0673828125
1 0.72607421875 0.40869140625 0.0751953125 0.0869140625
3 0.77685546875 0.38134765625 0.03515625 0.033203125
1 0.25341796875 0.646484375 0.2294921875 0.3115234375
1 0.17236328125 0.51708984375 0.3310546875 0.404296875
1 0.43505859375 0.45947265625 0.34765625 0.388671875
1 0.4228515625 0.60400390625 0.20703125 0.279296875
0 0.4248046875 0.61474609375 0.052734375 0.0517578125
0 0.24072265625 0.630859375 0.0302734375 0.02734375
0 0.21533203125 0.66357421875 0.041015625 0.03515625
3 0.20263671875 0.48193359375 0.0419921875 0.0390625