1 0.49560546875 0.4755859375 0.1767578125 0.234375
1 0.5888671875 0.51513671875 0.162109375 0.2314453125
1 0.4921875 0.62353515625 0.162109375 0.1142578125
1 0.08642578125 0.1767578125 0.1591796875 0.279296875
1 0.18603515625 0.23095703125 0.2431640625 0.2900390625
1 0.173828125 0.4423828125 0.345703125 0.24609375
1 0.38525390625 0.81884765625 0.1708984375 0.2294921875
1 0.25732421875 0.7939453125 0.1728515625 0.232421875
0 0.49853515625 0.51611328125 0.0224609375 0.0224609375
0 0.59765625 0.4677734375 0.029296875 0.029296875
0 0.49560546875 0.556640625 0.0185546875 0.01953125
0 0.2294921875 0.44189453125 0.021484375 0.0224609375
0 0.18115234375 0.2724609375 0.0166015625 0.017578125
0 0.2138671875 0.19287109375 0.015625 0.0146484375