2 0.62255859375 0.5185546875 0.1826171875 0.705078125
2 0.47509765625 0.52978515625 0.158203125 0.7001953125
3 0.533203125 0.669921875 0.0263671875 0.0224609375
3 0.4736328125 0.68505859375 0.025390625 0.01953125
3 0.4619140625 0.5908203125 0.0263671875 0.021484375
3 0.47265625 0.54345703125 0.01953125 0.017578125
3 0.45556640625 0.49072265625 0.0185546875 0.0166015625
3 0.45556640625 0.392578125 0.0234375 0.01953125
3 0.5185546875 0.408203125 0.0234375 0.025390625
3 0.45849609375 0.4248046875 0.0244140625 0.01953125
1 0.5576171875 0.5263671875 0.34375 0.7373046875