1 0.541015625 0.484375 0.1708984375 0.3017578125
1 0.5078125 0.58544921875 0.138671875 0.171875
1 0.4326171875 0.443359375 0.1650390625 0.1494140625
1 0.45068359375 0.50537109375 0.130859375 0.0927734375
1 0.47021484375 0.548828125 0.1025390625 0.0888671875
1 0.59765625 0.45751953125 0.1806640625 0.2978515625
1 0.4140625 0.115234375 0.453125 0.23046875
1 0.47509765625 0.21875 0.4609375 0.3193359375
1 0.4345703125 0.2255859375 0.138671875 0.14453125
1 0.59765625 0.15478515625 0.12109375 0.1376953125
1 0.37353515625 0.0869140625 0.1318359375 0.14453125
3 0.45947265625 0.06298828125 0.0478515625 0.0458984375
3 0.5068359375 0.20361328125 0.03125 0.0322265625
0 0.494140625 0.02685546875 0.01171875 0.013671875