1 0.4833984375 0.4384765625 0.310546875 0.259765625
1 0.5498046875 0.53076171875 0.3251953125 0.31640625
1 0.697265625 0.3671875 0.25 0.2548828125
0 0.4970703125 0.49560546875 0.041015625 0.0419921875
0 0.17333984375 0.015625 0.0439453125 0.03125
3 0.2373046875 0.02294921875 0.03515625 0.0458984375
0 0.0234375 0.88671875 0.0380859375 0.0390625
0 0.01416015625 0.7158203125 0.0283203125 0.03515625
1 0.837890625 0.9296875 0.20703125 0.111328125
1 0.89990234375 0.89453125 0.0869140625 0.1796875
1 0.95751953125 0.880859375 0.056640625 0.2109375
1 0.818359375 0.97607421875 0.234375 0.0478515625
3 0.7685546875 0.98095703125 0.048828125 0.0380859375
0 0.96630859375 0.95166015625 0.0166015625 0.0263671875
0 0.5166015625 0.39013671875 0.0126953125 0.0146484375
0 0.13525390625 0.90771484375 0.0126953125 0.01171875
0 0.28125 0.01806640625 0.013671875 0.0126953125
1 0.35791015625 0.91650390625 0.1005859375 0.091796875
1 0.3837890625 0.95263671875 0.0927734375 0.0888671875