1 0.4912109375 0.51318359375 0.216796875 0.1884765625
1 0.2646484375 0.63623046875 0.44140625 0.2646484375
1 0.4130859375 0.62548828125 0.263671875 0.1982421875
1 0.3359375 0.48291015625 0.154296875 0.1396484375
1 0.3837890625 0.40478515625 0.15625 0.1220703125
1 0.19970703125 0.498046875 0.2470703125 0.212890625
1 0.16650390625 0.31884765625 0.3330078125 0.2939453125
1 0.0654296875 0.4404296875 0.130859375 0.236328125
3 0.5322265625 0.51220703125 0.029296875 0.0361328125
3 0.48388671875 0.486328125 0.0302734375 0.0390625
3 0.43310546875 0.64208984375 0.0400390625 0.0458984375
0 0.55126953125 0.5751953125 0.0185546875 0.01953125
3 0.33203125 0.587890625 0.04296875 0.046875
3 0.3095703125 0.4619140625 0.037109375 0.0390625
3 0.24951171875 0.54736328125 0.0302734375 0.0361328125
3 0.1845703125 0.33251953125 0.037109375 0.0400390625
3 0.109375 0.291015625 0.033203125 0.03515625
3 0.05810546875 0.26953125 0.0263671875 0.03125
3 0.01611328125 0.42138671875 0.0322265625 0.0458984375
0 0.1259765625 0.3515625 0.015625 0.013671875
0 0.14404296875 0.35986328125 0.0146484375 0.0185546875
0 0.08642578125 0.49072265625 0.0205078125 0.0224609375
1 0.16650390625 0.49169921875 0.1318359375 0.1240234375