1 0.46826171875 0.2861328125 0.2158203125 0.572265625
1 0.2998046875 0.2958984375 0.212890625 0.578125
1 0.47509765625 0.40087890625 0.1318359375 0.1376953125
1 0.615234375 0.22607421875 0.10546875 0.1162109375
1 0.52685546875 0.265625 0.1845703125 0.0625
1 0.52294921875 0.2080078125 0.1806640625 0.072265625
1 0.203125 0.90283203125 0.087890625 0.1572265625
1 0.1201171875 0.90869140625 0.087890625 0.1552734375
1 0.0517578125 0.916015625 0.0703125 0.16796875
1 0.3115234375 0.4375 0.126953125 0.087890625
1 0.2900390625 0.16064453125 0.126953125 0.0908203125
3 0.4921875 0.162109375 0.03125 0.025390625
3 0.50244140625 0.31787109375 0.0400390625 0.0263671875
0 0.41162109375 0.25390625 0.0185546875 0.01171875
0 0.40966796875 0.23681640625 0.0224609375 0.0126953125
0 0.43994140625 0.39697265625 0.0205078125 0.0166015625
1 0.4521484375 0.076171875 0.12109375 0.125
0 0.41796875 0.0869140625 0.021484375 0.013671875
3 0.279296875 0.357421875 0.07421875 0.083984375
3 0.26611328125 0.28955078125 0.0361328125 0.0283203125
3 0.263671875 0.2578125 0.037109375 0.025390625
0 0.046875 0.99365234375 0.02734375 0.0126953125
0 0.0673828125 0.96728515625 0.021484375 0.0126953125
1 0.47265625 0.90771484375 0.150390625 0.1845703125
1 0.59423828125 0.904296875 0.1123046875 0.1875
3 0.6044921875 0.98291015625 0.025390625 0.0263671875
2 0.5 0.9140625 0.06640625 0.171875
3 0.45263671875 0.97705078125 0.0341796875 0.0380859375
0 0.6298828125 0.9423828125 0.01171875 0.009765625
3 0.2587890625 0.08251953125 0.07421875 0.0830078125