1 0.4052734375 0.4560546875 0.302734375 0.310546875
1 0.5146484375 0.5810546875 0.330078125 0.294921875
1 0.419921875 0.74755859375 0.142578125 0.1220703125
1 0.36181640625 0.68701171875 0.1259765625 0.1279296875
3 0.51806640625 0.587890625 0.0478515625 0.046875
0 0.60498046875 0.5 0.0185546875 0.021484375
0 0.6123046875 0.5283203125 0.015625 0.017578125
0 0.4111328125 0.4619140625 0.021484375 0.02734375
0 0.49169921875 0.6162109375 0.0146484375 0.013671875
1 0.77099609375 0.15673828125 0.3330078125 0.3134765625
1 0.78076171875 0.16455078125 0.1630859375 0.1650390625
1 0.8330078125 0.26416015625 0.2734375 0.2978515625
3 0.85791015625 0.2763671875 0.0517578125 0.052734375
3 0.8779296875 0.1787109375 0.013671875 0.01171875