1 0.5087890625 0.349609375 0.6787109375 0.3583984375
1 0.26904296875 0.54931640625 0.1044921875 0.1455078125
1 0.71484375 0.4228515625 0.3095703125 0.1953125
1 0.40087890625 0.70556640625 0.4189453125 0.3984375
1 0.42236328125 0.52978515625 0.3037109375 0.18359375
1 0.1708984375 0.595703125 0.16796875 0.16796875
1 0.22607421875 0.693359375 0.13671875 0.1220703125
3 0.21240234375 0.69091796875 0.0244140625 0.0263671875
3 0.24609375 0.6767578125 0.0224609375 0.0244140625
3 0.33837890625 0.7392578125 0.0185546875 0.0224609375
3 0.40869140625 0.5859375 0.01953125 0.0234375
0 0.3369140625 0.5419921875 0.033203125 0.0224609375
3 0.3544921875 0.60595703125 0.0234375 0.0244140625
1 0.751953125 0.54736328125 0.3271484375 0.265625
1 0.47314453125 0.69921875 0.064453125 0.095703125
1 0.5029296875 0.68896484375 0.0615234375 0.0830078125
3 0.40771484375 0.72900390625 0.017578125 0.0205078125
0 0.70947265625 0.62744140625 0.0224609375 0.0185546875
0 0.4501953125 0.52197265625 0.01953125 0.0234375
0 0.38134765625 0.7509765625 0.015625 0.017578125