1 0.541015625 0.6376953125 0.189453125 0.248046875
1 0.37255859375 0.5888671875 0.1650390625 0.24609375
1 0.4443359375 0.701171875 0.310546875 0.119140625
1 0.4833984375 0.525390625 0.30859375 0.123046875
1 0.49072265625 0.8310546875 0.1982421875 0.111328125
1 0.55712890625 0.8134765625 0.1123046875 0.140625
1 0.4462890625 0.79443359375 0.111328125 0.1240234375
1 0.67529296875 0.60009765625 0.0947265625 0.1494140625
1 0.65869140625 0.63330078125 0.0830078125 0.0791015625
1 0.67578125 0.5537109375 0.09765625 0.07421875
2 0.3828125 0.603515625 0.060546875 0.103515625
3 0.4677734375 0.53515625 0.029296875 0.03125
3 0.44140625 0.69287109375 0.02734375 0.0283203125