1 0.47509765625 0.3984375 0.6171875 0.7705078125
1 0.57958984375 0.482421875 0.634765625 0.7509765625
1 0.4580078125 0.8359375 0.369140625 0.328125
1 0.517578125 0.79296875 0.40625 0.2802734375
0 0.390625 0.658203125 0.02734375 0.0283203125
3 0.52587890625 0.50048828125 0.0361328125 0.03515625
3 0.31591796875 0.60791015625 0.0419921875 0.0390625
3 0.70849609375 0.31103515625 0.0341796875 0.0322265625
3 0.61572265625 0.24658203125 0.0390625 0.03515625
3 0.44775390625 0.61474609375 0.0185546875 0.013671875
3 0.525390625 0.544921875 0.025390625 0.0166015625
3 0.59912109375 0.37353515625 0.0205078125 0.015625
1 0.9580078125 0.59423828125 0.08203125 0.1279296875
1 0.92578125 0.70556640625 0.12109375 0.1748046875
3 0.9521484375 0.6787109375 0.0634765625 0.0732421875
3 0.470703125 0.44677734375 0.04296875 0.0400390625