1 0.58935546875 0.5986328125 0.6845703125 0.4140625
1 0.40185546875 0.69677734375 0.4033203125 0.2880859375
1 0.705078125 0.83935546875 0.328125 0.2568359375
1 0.31689453125 0.63720703125 0.0283203125 0.0732421875
1 0.30615234375 0.63525390625 0.0400390625 0.0673828125
1 0.4345703125 0.67578125 0.02734375 0.080078125
1 0.423828125 0.67431640625 0.041015625 0.0693359375
1 0.55224609375 0.71484375 0.0283203125 0.08203125
1 0.541015625 0.7138671875 0.041015625 0.072265625
1 0.65380859375 0.79296875 0.0283203125 0.076171875
1 0.646484375 0.79150390625 0.041015625 0.0673828125
1 0.7734375 0.8330078125 0.029296875 0.078125
1 0.76416015625 0.83056640625 0.0419921875 0.0693359375
3 0.4775390625 0.55224609375 0.0546875 0.0419921875
3 0.59521484375 0.59375 0.0576171875 0.046875
3 0.69873046875 0.66845703125 0.0615234375 0.0458984375
0 0.298828125 0.5166015625 0.015625 0.01953125
0 0.22900390625 0.66259765625 0.0166015625 0.0166015625
0 0.37451171875 0.62255859375 0.0166015625 0.0166015625
0 0.61669921875 0.74560546875 0.0126953125 0.0185546875
0 0.53466796875 0.59814453125 0.0126953125 0.0146484375
0 0.5166015625 0.5927734375 0.015625 0.015625
0 0.744140625 0.70703125 0.013671875 0.015625
0 0.85888671875 0.748046875 0.0166015625 0.017578125
0 0.73291015625 0.78515625 0.0166015625 0.017578125