1 0.677734375 0.51611328125 0.64453125 0.3955078125
1 0.62841796875 0.6572265625 0.5908203125 0.296875
1 0.904296875 0.81298828125 0.0859375 0.1220703125
1 0.9443359375 0.67041015625 0.107421875 0.2119140625
1 0.60888671875 0.27880859375 0.0654296875 0.0869140625
1 0.646484375 0.29150390625 0.064453125 0.0908203125
1 0.8798828125 0.37451171875 0.06640625 0.0849609375
1 0.92041015625 0.38818359375 0.0654296875 0.0869140625
2 0.13330078125 0.2021484375 0.1826171875 0.208984375
1 0.08251953125 0.34326171875 0.1337890625 0.1455078125
1 0.1357421875 0.017578125 0.048828125 0.03515625
3 0.8916015625 0.615234375 0.033203125 0.037109375
3 0.734375 0.55078125 0.037109375 0.03515625
3 0.6181640625 0.5068359375 0.037109375 0.037109375
3 0.4609375 0.451171875 0.041015625 0.037109375
0 0.83203125 0.72021484375 0.017578125 0.0146484375
3 0.8642578125 0.75146484375 0.041015625 0.0361328125
3 0.92529296875 0.82275390625 0.0244140625 0.0283203125
3 0.66845703125 0.67529296875 0.0283203125 0.0263671875
0 0.55810546875 0.6220703125 0.0166015625 0.013671875
3 0.5859375 0.6474609375 0.025390625 0.033203125
3 0.396484375 0.57763671875 0.02734375 0.0283203125
0 0.50927734375 0.515625 0.0302734375 0.029296875
0 0.7998046875 0.63037109375 0.029296875 0.0322265625
0 0.76708984375 0.68798828125 0.0380859375 0.0283203125
0 0.70458984375 0.6728515625 0.0166015625 0.017578125
0 0.49267578125 0.58935546875 0.0380859375 0.0302734375
0 0.435546875 0.5751953125 0.013671875 0.013671875
3 0.08544921875 0.34423828125 0.0263671875 0.0322265625
3 0.11962890625 0.2080078125 0.0322265625 0.033203125
0 0.384765625 0.43505859375 0.041015625 0.0400390625