1 0.50830078125 0.560546875 0.3212890625 0.451171875
1 0.36083984375 0.4814453125 0.3095703125 0.419921875
1 0.2529296875 0.82763671875 0.3046875 0.3447265625
1 0.41259765625 0.875 0.2724609375 0.25
1 0.53564453125 0.54443359375 0.0869140625 0.0771484375
3 0.48095703125 0.681640625 0.0439453125 0.037109375
1 0.486328125 0.6435546875 0.083984375 0.078125
1 0.3173828125 0.51806640625 0.08203125 0.0712890625
1 0.3857421875 0.37158203125 0.083984375 0.0693359375
1 0.263671875 0.7978515625 0.083984375 0.07421875
1 0.19140625 0.94482421875 0.087890625 0.0712890625
1 0.4189453125 0.9580078125 0.087890625 0.078125
0 0.4169921875 0.892578125 0.013671875 0.017578125
3 0.4599609375 0.89404296875 0.044921875 0.0400390625
1 0.46630859375 0.8564453125 0.0849609375 0.078125
3 0.2861328125 0.72802734375 0.04296875 0.0361328125
3 0.2177734375 0.8671875 0.044921875 0.041015625
3 0.2763671875 0.5771484375 0.04296875 0.037109375
3 0.34326171875 0.43994140625 0.0458984375 0.0400390625
0 0.49755859375 0.35302734375 0.0224609375 0.0166015625
0 0.40478515625 0.4404296875 0.0224609375 0.025390625
0 0.3837890625 0.5107421875 0.015625 0.015625
0 0.36083984375 0.619140625 0.0322265625 0.021484375
0 0.36669921875 0.775390625 0.0224609375 0.015625
0 0.29443359375 0.8564453125 0.0185546875 0.017578125
0 0.48779296875 0.57958984375 0.0146484375 0.0166015625
1 0.89794921875 0.0927734375 0.2041015625 0.185546875
1 0.75048828125 0.0576171875 0.1982421875 0.115234375
0 0.79296875 0.08056640625 0.029296875 0.0205078125