1 0.3798828125 0.5078125 0.25390625 0.166015625
1 0.439453125 0.60791015625 0.32421875 0.1884765625
1 0.51123046875 0.4208984375 0.1416015625 0.18359375
1 0.60107421875 0.4912109375 0.1884765625 0.236328125
3 0.337890625 0.50341796875 0.03515625 0.0341796875
3 0.4326171875 0.6103515625 0.04296875 0.03515625
3 0.52587890625 0.578125 0.0498046875 0.041015625
3 0.36474609375 0.63427734375 0.0302734375 0.0302734375
3 0.61572265625 0.4921875 0.0224609375 0.0234375
0 0.57373046875 0.49267578125 0.0283203125 0.0302734375
0 0.478515625 0.6083984375 0.017578125 0.017578125
1 0.91455078125 0.33349609375 0.1708984375 0.1650390625
1 0.90673828125 0.1904296875 0.1865234375 0.16015625
3 0.91845703125 0.19384765625 0.0263671875 0.0341796875
0 0.9951171875 0.35009765625 0.009765625 0.0263671875