1 0.66943359375 0.412109375 0.13671875 0.1376953125
1 0.5390625 0.42041015625 0.3203125 0.2822265625
1 0.45654296875 0.52880859375 0.30859375 0.2783203125
2 0.53271484375 0.41943359375 0.28515625 0.2568359375
3 0.42578125 0.51904296875 0.0478515625 0.044921875
0 0.478515625 0.51025390625 0.029296875 0.029296875
1 0.5634765625 0.40966796875 0.0810546875 0.056640625
1 0.5458984375 0.39453125 0.0419921875 0.08203125
1 0.2314453125 0.10595703125 0.28125 0.2119140625
1 0.17626953125 0.1826171875 0.2412109375 0.248046875
1 0.3017578125 0.06591796875 0.19921875 0.1318359375