1 0.32666015625 0.4033203125 0.3359375 0.27734375
1 0.5263671875 0.4443359375 0.146484375 0.125
1 0.513671875 0.67041015625 0.1826171875 0.5078125
1 0.56103515625 0.658203125 0.224609375 0.490234375
1 0.32763671875 0.54736328125 0.2373046875 0.2548828125
1 0.396484375 0.67333984375 0.1767578125 0.1875
1 0.5068359375 0.69677734375 0.0400390625 0.02734375
1 0.5146484375 0.71240234375 0.0419921875 0.03515625
1 0.54736328125 0.8134765625 0.05078125 0.0244140625
1 0.5546875 0.82958984375 0.037109375 0.02734375
0 0.609375 0.75732421875 0.033203125 0.03515625
0 0.64208984375 0.83935546875 0.0224609375 0.01953125
0 0.3779296875 0.4814453125 0.0302734375 0.0224609375
0 0.3798828125 0.5166015625 0.044921875 0.0380859375
0 0.44140625 0.5517578125 0.0322265625 0.0517578125
2 0.408203125 0.470703125 0.033203125 0.037109375
1 0.1015625 0.58203125 0.203125 0.234375
3 0.0771484375 0.5390625 0.033203125 0.03515625
0 0.1669921875 0.59423828125 0.037109375 0.041015625
0 0.12353515625 0.5224609375 0.0380859375 0.044921875
1 0.07373046875 0.9169921875 0.134765625 0.1318359375
1 0.16357421875 0.8759765625 0.107421875 0.126953125
1 0.6201171875 0.95068359375 0.1171875 0.0966796875