1 0.5302734375 0.41748046875 0.3515625 0.2470703125
1 0.4765625 0.5390625 0.3427734375 0.24609375
1 0.98828125 0.41552734375 0.0234375 0.1259765625
2 0.97412109375 0.54638671875 0.0517578125 0.1337890625
1 0.96826171875 0.54443359375 0.0634765625 0.1591796875
2 0.455078125 0.494140625 0.173828125 0.091796875
0 0.45751953125 0.5625 0.1494140625 0.099609375
1 0.80224609375 0.951171875 0.2548828125 0.09765625
1 0.72265625 0.94873046875 0.15625 0.1025390625
0 0.4541015625 0.4189453125 0.0224609375 0.02734375
3 0.50830078125 0.39501953125 0.0244140625 0.025390625