1 0.42138671875 0.37158203125 0.32421875 0.2841796875
1 0.38427734375 0.5126953125 0.326171875 0.2275390625
1 0.29638671875 0.5849609375 0.1611328125 0.1240234375
1 0.27978515625 0.78857421875 0.30078125 0.1982421875
1 0.255859375 0.86572265625 0.302734375 0.181640625
1 0.2294921875 0.921875 0.296875 0.15625
1 0.18212890625 0.95947265625 0.2666015625 0.0810546875
3 0.37109375 0.80615234375 0.0380859375 0.037109375
3 0.27490234375 0.7734375 0.0380859375 0.0380859375
0 0.40625 0.79541015625 0.017578125 0.0205078125
0 0.32861328125 0.77685546875 0.017578125 0.0185546875
0 0.35302734375 0.52978515625 0.01953125 0.0224609375
0 0.48681640625 0.5771484375 0.01171875 0.0126953125
0 0.470703125 0.37646484375 0.0107421875 0.0126953125