1 0.49365234375 0.47900390625 0.318359375 0.1982421875
1 0.52685546875 0.56005859375 0.2783203125 0.166015625
1 0.55029296875 0.62548828125 0.2998046875 0.166015625
1 0.57861328125 0.69287109375 0.2822265625 0.16796875
1 0.60302734375 0.7607421875 0.3017578125 0.1689453125
1 0.62939453125 0.8251953125 0.283203125 0.16796875
1 0.6552734375 0.892578125 0.3017578125 0.1630859375
1 0.6767578125 0.9365234375 0.28125 0.123046875
3 0.46630859375 0.4814453125 0.02734375 0.0302734375
3 0.5068359375 0.58447265625 0.01953125 0.01953125
3 0.5048828125 0.6259765625 0.0244140625 0.025390625
3 0.5712890625 0.7529296875 0.02734375 0.03125
3 0.6083984375 0.85009765625 0.0234375 0.0234375
3 0.60595703125 0.89404296875 0.029296875 0.03125
3 0.65869140625 0.98193359375 0.0205078125 0.009765625
3 0.67236328125 0.91552734375 0.01953125 0.0205078125
3 0.57080078125 0.7978515625 0.01953125 0.01953125