1 0.5791015625 0.6376953125 0.3046875 0.197265625
1 0.60888671875 0.576171875 0.2470703125 0.263671875
1 0.82763671875 0.6201171875 0.1826171875 0.169921875
1 0.77783203125 0.59765625 0.1337890625 0.216796875
1 0.66015625 0.76025390625 0.146484375 0.1064453125
1 0.8115234375 0.80126953125 0.166015625 0.1943359375
1 0.7080078125 0.783203125 0.1015625 0.158203125
1 0.79638671875 0.83740234375 0.0400390625 0.0771484375
1 0.77783203125 0.826171875 0.0576171875 0.0546875
1 0.84423828125 0.72900390625 0.2275390625 0.1533203125
0 0.66650390625 0.7734375 0.0166015625 0.013671875
0 0.7548828125 0.7353515625 0.017578125 0.02734375
1 0.93896484375 0.712890625 0.0361328125 0.041015625
1 0.9287109375 0.69970703125 0.025390625 0.0302734375
1 0.91455078125 0.73388671875 0.0283203125 0.0302734375
1 0.90380859375 0.7021484375 0.0263671875 0.033203125
1 0.9033203125 0.7265625 0.02734375 0.03515625
1 0.1767578125 0.7998046875 0.251953125 0.240234375