1 0.5185546875 0.4345703125 0.248046875 0.25390625
1 0.4345703125 0.35791015625 0.234375 0.2431640625
1 0.13720703125 0.84765625 0.2548828125 0.263671875
1 0.0859375 0.767578125 0.171875 0.2421875
1 0.861328125 0.87939453125 0.212890625 0.2412109375
1 0.93310546875 0.84130859375 0.1337890625 0.2568359375
1 0.8662109375 0.09423828125 0.24609375 0.1884765625
1 0.74755859375 0.05078125 0.1689453125 0.1015625
0 0.4072265625 0.333984375 0.03515625 0.037109375
0 0.42138671875 0.4326171875 0.0341796875 0.02734375
0 0.04248046875 0.7548828125 0.0322265625 0.033203125
0 0.9775390625 0.82861328125 0.029296875 0.0322265625
0 0.8828125 0.01904296875 0.072265625 0.0380859375