1 0.42333984375 0.45263671875 0.1748046875 0.3017578125
1 0.5419921875 0.4365234375 0.140625 0.30078125
1 0.52197265625 0.25390625 0.1142578125 0.09765625
1 0.3994140625 0.27001953125 0.146484375 0.0869140625
1 0.45654296875 0.2490234375 0.0927734375 0.064453125
1 0.26611328125 0.65673828125 0.2119140625 0.1103515625
1 0.2509765625 0.6025390625 0.22265625 0.109375
1 0.16259765625 0.55029296875 0.0732421875 0.0830078125
1 0.23779296875 0.5546875 0.1044921875 0.126953125
1 0.302734375 0.53857421875 0.068359375 0.1474609375
1 0.7705078125 0.271484375 0.294921875 0.15234375
1 0.7802734375 0.38623046875 0.28125 0.1455078125
1 0.60986328125 0.74169921875 0.2919921875 0.2060546875
1 0.63818359375 0.86474609375 0.2685546875 0.1708984375
1 0.7119140625 0.9033203125 0.166015625 0.193359375
1 0.58203125 0.90625 0.16015625 0.1875
1 0.37158203125 0.8154296875 0.2646484375 0.212890625
1 0.4052734375 0.92529296875 0.22265625 0.1494140625
0 0.66650390625 0.36572265625 0.0205078125 0.0224609375
0 0.39404296875 0.49609375 0.0302734375 0.0234375
0 0.7158203125 0.806640625 0.02734375 0.025390625
0 0.92822265625 0.3876953125 0.0302734375 0.02734375
0 0.58447265625 0.86376953125 0.0224609375 0.0185546875
0 0.50537109375 0.77880859375 0.0146484375 0.0146484375
0 0.4541015625 0.7685546875 0.015625 0.017578125
1 0.59912109375 0.7490234375 0.0693359375 0.109375