1 0.52734375 0.5576171875 0.3251953125 0.2783203125
1 0.44580078125 0.47802734375 0.34375 0.3359375
1 0.3291015625 0.6650390625 0.265625 0.2705078125
0 0.50341796875 0.50390625 0.0439453125 0.044921875
0 0.9072265625 0.92626953125 0.046875 0.0458984375
3 0.84130859375 0.9248046875 0.0380859375 0.0498046875
0 0.90185546875 0.03662109375 0.0400390625 0.041015625
0 0.9443359375 0.20263671875 0.0380859375 0.037109375
1 0.099609375 0.13525390625 0.19921875 0.1240234375
1 0.04345703125 0.1806640625 0.0869140625 0.18359375
1 0.00927734375 0.2041015625 0.0185546875 0.212890625
1 0.1103515625 0.07421875 0.220703125 0.0859375
3 0.15087890625 0.068359375 0.0517578125 0.05078125
0 0.5029296875 0.61083984375 0.013671875 0.0146484375
0 0.7880859375 0.03515625 0.0126953125 0.01171875
0 0.79931640625 0.9365234375 0.013671875 0.0126953125
1 0.56787109375 0.06494140625 0.10546875 0.09765625
1 0.53564453125 0.04052734375 0.0986328125 0.0810546875