1 0.8544921875 0.197265625 0.259765625 0.259765625
1 0.67626953125 0.21533203125 0.1640625 0.2529296875
1 0.51416015625 0.2353515625 0.25 0.263671875
1 0.33447265625 0.212890625 0.19140625 0.201171875
1 0.34619140625 0.44580078125 0.1669921875 0.3095703125
1 0.52978515625 0.3974609375 0.2314453125 0.1201171875
1 0.55419921875 0.546875 0.2314453125 0.142578125
1 0.5419921875 0.46875 0.236328125 0.0654296875
1 0.72998046875 0.4951171875 0.1806640625 0.3447265625
1 0.82373046875 0.47119140625 0.1318359375 0.3125
1 0.92041015625 0.28857421875 0.1318359375 0.138671875
1 0.90869140625 0.4072265625 0.1015625 0.1845703125
1 0.16748046875 0.41943359375 0.2216796875 0.1748046875
1 0.1669921875 0.29443359375 0.203125 0.11328125
1 0.2861328125 0.72705078125 0.23046875 0.345703125
1 0.14599609375 0.7236328125 0.2080078125 0.3623046875
1 0.2412109375 0.91552734375 0.33984375 0.1689453125
2 0.14306640625 0.658203125 0.1259765625 0.1533203125
2 0.56689453125 0.52392578125 0.1474609375 0.060546875
2 0.7236328125 0.4189453125 0.0966796875 0.16796875
3 0.3125 0.6416015625 0.02734375 0.021484375
3 0.3046875 0.69140625 0.0322265625 0.0224609375
3 0.29638671875 0.73876953125 0.0302734375 0.0185546875
3 0.58203125 0.404296875 0.0390625 0.0341796875
3 0.52978515625 0.4111328125 0.04296875 0.0380859375
3 0.47412109375 0.41796875 0.041015625 0.0322265625
3 0.3828125 0.43994140625 0.0263671875 0.037109375
3 0.3291015625 0.4462890625 0.0234375 0.0380859375
3 0.6787109375 0.55859375 0.017578125 0.029296875
3 0.71533203125 0.55419921875 0.01953125 0.0283203125
3 0.75048828125 0.54931640625 0.0205078125 0.0341796875
1 0.3359375 0.1923828125 0.0830078125 0.0869140625
1 0.51318359375 0.18310546875 0.1259765625 0.0771484375
1 0.66357421875 0.16259765625 0.068359375 0.064453125
1 0.87158203125 0.13623046875 0.0419921875 0.072265625
1 0.90380859375 0.13330078125 0.0322265625 0.076171875
0 0.87158203125 0.2548828125 0.0322265625 0.0302734375
3 0.91650390625 0.29833984375 0.015625 0.0166015625
0 0.8291015625 0.29345703125 0.025390625 0.0234375
0 0.6728515625 0.36474609375 0.0224609375 0.0263671875
0 0.63232421875 0.31396484375 0.0283203125 0.0380859375
0 0.28369140625 0.2626953125 0.025390625 0.0234375
0 0.3955078125 0.31689453125 0.0146484375 0.0185546875
0 0.201171875 0.41162109375 0.0166015625 0.0234375