1 0.54052734375 0.42626953125 0.41796875 0.3544921875
1 0.458984375 0.59326171875 0.4033203125 0.2861328125
1 0.81396484375 0.693359375 0.3525390625 0.248046875
1 0.849609375 0.54296875 0.30078125 0.26953125
1 0.87890625 0.87353515625 0.171875 0.1484375
1 0.84716796875 0.9482421875 0.1923828125 0.103515625
0 0.8876953125 0.947265625 0.025390625 0.0224609375
0 0.80419921875 0.71142578125 0.02734375 0.0283203125
0 0.84912109375 0.6123046875 0.025390625 0.0234375
0 0.8330078125 0.6767578125 0.0146484375 0.0185546875
0 0.66650390625 0.47021484375 0.017578125 0.013671875
3 0.66064453125 0.4912109375 0.0244140625 0.029296875
3 0.55810546875 0.43994140625 0.0634765625 0.060546875
3 0.45947265625 0.3935546875 0.048828125 0.0498046875
3 0.369140625 0.58837890625 0.0576171875 0.052734375
1 0.44140625 0.61181640625 0.0625 0.080078125
1 0.46435546875 0.61669921875 0.0400390625 0.0810546875
0 0.49755859375 0.4501953125 0.0244140625 0.0380859375
0 0.4658203125 0.529296875 0.033203125 0.0341796875
1 0.66357421875 0.83544921875 0.185546875 0.0947265625
1 0.67578125 0.78759765625 0.1728515625 0.1123046875
1 0.70166015625 0.96923828125 0.1279296875 0.0615234375
1 0.73583984375 0.88037109375 0.1748046875 0.1953125
1 0.72119140625 0.9345703125 0.0986328125 0.0732421875
1 0.63916015625 0.921875 0.0830078125 0.072265625
1 0.64599609375 0.908203125 0.0703125 0.06640625
1 0.671875 0.91015625 0.0361328125 0.060546875
1 0.630859375 0.9658203125 0.083984375 0.068359375
1 0.72509765625 0.98193359375 0.0908203125 0.0361328125
3 0.68408203125 0.83984375 0.0400390625 0.0380859375
3 0.693359375 0.8037109375 0.0361328125 0.0400390625
0 0.94140625 0.60302734375 0.013671875 0.0126953125
0 0.93115234375 0.68798828125 0.01171875 0.009765625
0 0.88720703125 0.701171875 0.0166015625 0.015625
0 0.853515625 0.53662109375 0.015625 0.01953125
0 0.8564453125 0.56787109375 0.01171875 0.015625
0 0.87939453125 0.57666015625 0.0126953125 0.013671875