1 0.51123046875 0.34619140625 0.2978515625 0.08984375
1 0.427734375 0.49365234375 0.1630859375 0.3916015625
1 0.57666015625 0.50341796875 0.162109375 0.3916015625
1 0.494140625 0.6572265625 0.294921875 0.0927734375
0 0.40234375 0.580078125 0.0146484375 0.0166015625
0 0.39111328125 0.46044921875 0.01171875 0.0126953125
0 0.60888671875 0.50830078125 0.0302734375 0.0234375
1 0.29150390625 0.0966796875 0.0830078125 0.193359375
1 0.36962890625 0.13671875 0.083984375 0.1328125
1 0.326171875 0.17041015625 0.1513671875 0.0625
1 0.431640625 0.03857421875 0.26953125 0.0771484375
1 0.34033203125 0.0341796875 0.0927734375 0.068359375
1 0.5205078125 0.03955078125 0.09765625 0.0791015625
1 0.146484375 0.2216796875 0.115234375 0.1181640625