1 0.5244140625 0.41796875 0.2900390625 0.251953125
1 0.57666015625 0.2841796875 0.1123046875 0.087890625
1 0.5546875 0.24755859375 0.115234375 0.09765625
1 0.60400390625 0.53271484375 0.3134765625 0.263671875
1 0.380859375 0.564453125 0.26171875 0.2666015625
1 0.294921875 0.1884765625 0.376953125 0.3544921875
1 0.69091796875 0.03125 0.2080078125 0.0625
1 0.46826171875 0.1142578125 0.2451171875 0.228515625
0 0.25390625 0.2978515625 0.015625 0.01171875
3 0.498046875 0.4423828125 0.02734375 0.029296875
0 0.56298828125 0.51904296875 0.033203125 0.0341796875
0 0.380859375 0.57275390625 0.0244140625 0.0244140625
0 0.49072265625 0.3896484375 0.0146484375 0.017578125