1 0.5537109375 0.5341796875 0.490234375 0.52734375
3 0.54345703125 0.53271484375 0.041015625 0.041015625
3 0.6025390625 0.47705078125 0.025390625 0.0244140625
0 0.58251953125 0.44677734375 0.033203125 0.02734375
0 0.56396484375 0.4990234375 0.03515625 0.0205078125
0 0.54638671875 0.5712890625 0.033203125 0.0205078125
3 0.56005859375 0.6142578125 0.02734375 0.02734375
3 0.529296875 0.63134765625 0.0341796875 0.0224609375
0 0.49560546875 0.56005859375 0.015625 0.01953125
0 0.587890625 0.58447265625 0.015625 0.017578125
0 0.60888671875 0.509765625 0.0107421875 0.0107421875
0 0.65283203125 0.4169921875 0.0146484375 0.0126953125
0 0.44873046875 0.529296875 0.0205078125 0.029296875
0 0.52392578125 0.4853515625 0.017578125 0.015625
0 0.59228515625 0.38427734375 0.0107421875 0.01171875
0 0.52978515625 0.61962890625 0.0107421875 0.01171875