1 0.55908203125 0.5205078125 0.353515625 0.3798828125
1 0.45556640625 0.4169921875 0.3525390625 0.373046875
1 0.5703125 0.52587890625 0.10546875 0.1083984375
1 0.29833984375 0.5859375 0.125 0.119140625
1 0.34912109375 0.6337890625 0.13671875 0.1328125
0 0.3369140625 0.52490234375 0.04296875 0.0419921875
1 0.21923828125 0.19580078125 0.328125 0.328125
1 0.32666015625 0.11181640625 0.2998046875 0.2060546875
1 0.09814453125 0.234375 0.1181640625 0.1171875
1 0.89013671875 0.77685546875 0.2197265625 0.2900390625
1 0.8720703125 0.826171875 0.255859375 0.251953125
1 0.9150390625 0.70458984375 0.169921875 0.2294921875
1 0.9404296875 0.640625 0.119140625 0.16796875
3 0.9794921875 0.70166015625 0.03515625 0.029296875
3 0.92919921875 0.82373046875 0.0400390625 0.037109375
3 0.994140625 0.8720703125 0.01171875 0.041015625
3 0.14697265625 0.1640625 0.033203125 0.0380859375
3 0.1845703125 0.19970703125 0.0341796875 0.037109375
3 0.25048828125 0.25341796875 0.03515625 0.0361328125
3 0.3310546875 0.072265625 0.044921875 0.0419921875
0 0.40576171875 0.12060546875 0.0166015625 0.0146484375