1 0.18505859375 0.787109375 0.3408203125 0.29296875
1 0.142578125 0.66162109375 0.271484375 0.2822265625
1 0.42919921875 0.64208984375 0.1181640625 0.1455078125
1 0.5966796875 0.4892578125 0.3984375 0.310546875
1 0.64111328125 0.56494140625 0.3486328125 0.2333984375
1 0.8115234375 0.412109375 0.123046875 0.140625
1 0.7734375 0.333984375 0.091796875 0.080078125
1 0.7470703125 0.29248046875 0.091796875 0.0810546875
1 0.54345703125 0.3984375 0.3642578125 0.255859375
1 0.19287109375 0.27978515625 0.0556640625 0.0634765625
1 0.2177734375 0.26318359375 0.048828125 0.0634765625
1 0.12939453125 0.1806640625 0.0927734375 0.076171875
1 0.10498046875 0.13720703125 0.1103515625 0.0986328125
0 0.1728515625 0.83447265625 0.033203125 0.0302734375
2 0.71484375 0.42041015625 0.154296875 0.1650390625
2 0.671875 0.32421875 0.095703125 0.091796875
0 0.5810546875 0.47705078125 0.01171875 0.0166015625
3 0.63720703125 0.5 0.0302734375 0.037109375
3 0.51416015625 0.41748046875 0.0419921875 0.0400390625
3 0.57421875 0.38232421875 0.0390625 0.0400390625
0 0.6123046875 0.34326171875 0.029296875 0.0263671875
0 0.46533203125 0.43310546875 0.0322265625 0.0302734375
0 0.6005859375 0.5185546875 0.021484375 0.017578125
0 0.22021484375 0.779296875 0.0126953125 0.01171875
0 0.6025390625 0.46826171875 0.013671875 0.0126953125