1 0.4345703125 0.95263671875 0.232421875 0.0947265625
1 0.2021484375 0.904296875 0.291015625 0.19140625
1 0.28076171875 0.7666015625 0.2607421875 0.275390625
1 0.484375 0.8330078125 0.267578125 0.24609375
1 0.5302734375 0.67333984375 0.240234375 0.1708984375
1 0.34521484375 0.61474609375 0.2099609375 0.1943359375
1 0.56884765625 0.55224609375 0.2451171875 0.1728515625
1 0.3828125 0.486328125 0.20703125 0.212890625
1 0.34765625 0.486328125 0.078125 0.087890625
1 0.45703125 0.37841796875 0.142578125 0.1865234375
1 0.455078125 0.361328125 0.072265625 0.05859375
1 0.48046875 0.1767578125 0.123046875 0.27734375
1 0.67626953125 0.17431640625 0.4248046875 0.2685546875
1 0.7841796875 0.1279296875 0.154296875 0.255859375
1 0.91357421875 0.1337890625 0.1728515625 0.248046875
1 0.70654296875 0.3935546875 0.3291015625 0.2421875
1 0.578125 0.38525390625 0.14453125 0.2216796875
0 0.49609375 0.0810546875 0.01953125 0.0234375
0 0.5810546875 0.2490234375 0.025390625 0.0234375
0 0.55810546875 0.337890625 0.0283203125 0.025390625
0 0.60546875 0.4375 0.03125 0.03125
0 0.603515625 0.4072265625 0.03125 0.03125
0 0.45263671875 0.6064453125 0.0283203125 0.025390625
0 0.4599609375 0.58447265625 0.025390625 0.0244140625
0 0.5068359375 0.63671875 0.029296875 0.02734375
0 0.50341796875 0.75048828125 0.0283203125 0.0263671875