1 0.4775390625 0.3818359375 0.1953125 0.2724609375
1 0.3857421875 0.453125 0.2265625 0.3447265625
1 0.580078125 0.50146484375 0.19921875 0.1630859375
1 0.52099609375 0.59912109375 0.2578125 0.2158203125
3 0.47705078125 0.33935546875 0.0380859375 0.0390625
3 0.38232421875 0.44677734375 0.0400390625 0.046875
3 0.42578125 0.53515625 0.046875 0.0546875
3 0.35009765625 0.38232421875 0.0341796875 0.0341796875
3 0.52197265625 0.61376953125 0.0263671875 0.025390625
0 0.51611328125 0.572265625 0.033203125 0.0322265625
0 0.3896484375 0.49169921875 0.01953125 0.01953125
1 0.7158203125 0.89111328125 0.1845703125 0.189453125
1 0.85693359375 0.8662109375 0.181640625 0.205078125
3 0.85498046875 0.8779296875 0.037109375 0.0302734375
0 0.708984375 0.97314453125 0.02734375 0.0126953125