1 0.5712890625 0.50732421875 0.236328125 0.3701171875
1 0.60205078125 0.4482421875 0.0908203125 0.05078125
1 0.5888671875 0.4853515625 0.0791015625 0.0634765625
1 0.61865234375 0.47998046875 0.0537109375 0.0791015625
1 0.447265625 0.4580078125 0.2412109375 0.3447265625
1 0.42138671875 0.48046875 0.1201171875 0.216796875
0 0.47412109375 0.48193359375 0.03125 0.041015625
3 0.5849609375 0.5185546875 0.03515625 0.0322265625
1 0.0771484375 0.47802734375 0.154296875 0.2412109375
1 0.1572265625 0.52392578125 0.169921875 0.27734375
1 0.18994140625 0.6494140625 0.1640625 0.1611328125
1 0.21044921875 0.61376953125 0.189453125 0.13671875