1 0.513671875 0.50830078125 0.19921875 0.2265625
1 0.6484375 0.72802734375 0.287109375 0.455078125
1 0.6298828125 0.580078125 0.2119140625 0.2734375
1 0.49169921875 0.66455078125 0.1474609375 0.1611328125
1 0.4111328125 0.62109375 0.1298828125 0.162109375
1 0.513671875 0.7998046875 0.2255859375 0.2578125
1 0.3359375 0.833984375 0.310546875 0.33203125
1 0.46337890625 0.9326171875 0.2431640625 0.134765625
3 0.5107421875 0.46728515625 0.0380859375 0.03125
3 0.4873046875 0.5166015625 0.041015625 0.0322265625
3 0.6455078125 0.5595703125 0.0478515625 0.0419921875
0 0.572265625 0.44482421875 0.0205078125 0.01953125
3 0.5966796875 0.6630859375 0.048828125 0.044921875
3 0.47216796875 0.6923828125 0.041015625 0.0390625
3 0.560546875 0.74755859375 0.0380859375 0.0322265625
3 0.34912109375 0.82373046875 0.0419921875 0.0390625
3 0.3115234375 0.90087890625 0.037109375 0.03515625
3 0.29296875 0.953125 0.0322265625 0.0283203125
3 0.44677734375 0.98486328125 0.0478515625 0.0302734375
0 0.37158203125 0.88134765625 0.0146484375 0.0166015625
0 0.37890625 0.86279296875 0.01953125 0.015625
0 0.51220703125 0.91357421875 0.0234375 0.021484375
1 0.50927734375 0.83349609375 0.130859375 0.1376953125