1 0.296875 0.72216796875 0.310546875 0.341796875
1 0.45458984375 0.6220703125 0.21484375 0.142578125
1 0.564453125 0.8291015625 0.298828125 0.341796875
1 0.46923828125 0.8115234375 0.2802734375 0.33984375
1 0.26220703125 0.7431640625 0.0791015625 0.0478515625
1 0.27099609375 0.70654296875 0.0517578125 0.0625
1 0.244140625 0.712890625 0.0595703125 0.07421875
0 0.56982421875 0.69384765625 0.0380859375 0.0439453125
3 0.52001953125 0.91845703125 0.033203125 0.02734375
3 0.56201171875 0.81103515625 0.029296875 0.029296875
3 0.56884765625 0.78662109375 0.0263671875 0.0234375
1 0.33935546875 0.9208984375 0.2255859375 0.158203125
1 0.34716796875 0.892578125 0.0390625 0.0458984375
1 0.33154296875 0.88818359375 0.04296875 0.03515625
1 0.56494140625 0.482421875 0.3359375 0.3896484375
1 0.404296875 0.560546875 0.115234375 0.095703125
1 0.4013671875 0.4111328125 0.2841796875 0.2998046875
1 0.35693359375 0.50341796875 0.0771484375 0.056640625
1 0.36279296875 0.4833984375 0.0634765625 0.0634765625
1 0.390625 0.419921875 0.0732421875 0.0556640625
1 0.3955078125 0.40283203125 0.0615234375 0.060546875
1 0.42626953125 0.33251953125 0.07421875 0.052734375
1 0.431640625 0.31494140625 0.0615234375 0.05859375
1 0.5029296875 0.56298828125 0.0791015625 0.078125
1 0.5078125 0.54833984375 0.09375 0.05859375
1 0.5380859375 0.48193359375 0.0810546875 0.078125
1 0.54296875 0.466796875 0.091796875 0.0537109375
1 0.5751953125 0.39306640625 0.076171875 0.078125
1 0.671875 0.21875 0.3232421875 0.3740234375
1 0.5791015625 0.3779296875 0.087890625 0.052734375
0 0.5029296875 0.37939453125 0.0283203125 0.0283203125
1 0.52685546875 0.16796875 0.310546875 0.31640625
1 0.47021484375 0.24169921875 0.0712890625 0.0537109375
1 0.4755859375 0.22705078125 0.0634765625 0.0595703125
1 0.4951171875 0.17529296875 0.072265625 0.0498046875
1 0.5009765625 0.1630859375 0.0634765625 0.0615234375
0 0.5390625 0.18798828125 0.03125 0.03125
1 0.58447265625 0.03173828125 0.1591796875 0.0634765625
1 0.5634765625 0.02392578125 0.08203125 0.0478515625
1 0.5693359375 0.02099609375 0.068359375 0.0419921875
1 0.7236328125 0.0654296875 0.205078125 0.130859375
1 0.72509765625 0.0380859375 0.0654296875 0.0634765625
1 0.7275390625 0.02587890625 0.0712890625 0.04296875
1 0.7216796875 0.14892578125 0.0634765625 0.0634765625
1 0.72607421875 0.13525390625 0.080078125 0.044921875
1 0.693359375 0.2236328125 0.0634765625 0.068359375
1 0.69775390625 0.208984375 0.0732421875 0.0478515625
1 0.67333984375 0.271484375 0.064453125 0.064453125
1 0.677734375 0.2587890625 0.0732421875 0.0419921875
1 0.654296875 0.3173828125 0.064453125 0.0625
1 0.6572265625 0.3056640625 0.076171875 0.0419921875
0 0.72216796875 0.19189453125 0.029296875 0.0302734375
0 0.66748046875 0.169921875 0.021484375 0.0166015625
0 0.7392578125 0.1201171875 0.0205078125 0.017578125
0 0.6201171875 0.3251953125 0.0224609375 0.0166015625