1 0.404296875 0.5400390625 0.30078125 0.314453125
1 0.517578125 0.41943359375 0.328125 0.2978515625
1 0.42822265625 0.24951171875 0.1416015625 0.1220703125
1 0.36767578125 0.30810546875 0.1259765625 0.1279296875
3 0.52099609375 0.4130859375 0.0478515625 0.046875
0 0.60546875 0.50390625 0.01953125 0.021484375
0 0.61328125 0.4755859375 0.015625 0.017578125
0 0.40966796875 0.53564453125 0.0224609375 0.0283203125
0 0.49609375 0.38427734375 0.015625 0.0146484375
1 0.7587890625 0.8466796875 0.330078125 0.306640625
1 0.76904296875 0.845703125 0.1630859375 0.166015625
1 0.8251953125 0.748046875 0.271484375 0.302734375
3 0.85009765625 0.736328125 0.0517578125 0.052734375
3 0.86669921875 0.83447265625 0.0146484375 0.0126953125