1 0.62646484375 0.82958984375 0.2578125 0.2919921875
1 0.51611328125 0.869140625 0.2822265625 0.26171875
1 0.271484375 0.89453125 0.501953125 0.2109375
1 0.220703125 0.75927734375 0.2646484375 0.24609375
1 0.4375 0.5849609375 0.408203125 0.474609375
1 0.48388671875 0.58642578125 0.1474609375 0.1845703125
1 0.51416015625 0.6455078125 0.2109375 0.15234375
3 0.46875 0.7265625 0.0361328125 0.0302734375
0 0.3759765625 0.73974609375 0.03515625 0.0322265625
3 0.390625 0.7587890625 0.029296875 0.02734375
3 0.40771484375 0.77783203125 0.029296875 0.021484375
0 0.4814453125 0.64111328125 0.0380859375 0.0361328125
0 0.34619140625 0.67822265625 0.0283203125 0.0244140625