1 0.494140625 0.6337890625 0.5810546875 0.6943359375
2 0.642578125 0.4560546875 0.1806640625 0.212890625
2 0.462890625 0.8505859375 0.130859375 0.1748046875
1 0.55224609375 0.5810546875 0.1015625 0.12109375
1 0.46142578125 0.66845703125 0.0986328125 0.1201171875
3 0.38525390625 0.625 0.0302734375 0.0302734375
3 0.38720703125 0.82275390625 0.0322265625 0.033203125
3 0.3134765625 0.83203125 0.029296875 0.02734375
0 0.56201171875 0.451171875 0.0224609375 0.025390625
0 0.43603515625 0.74951171875 0.0224609375 0.021484375
0 0.3837890625 0.6923828125 0.0224609375 0.017578125
0 0.47119140625 0.42431640625 0.015625 0.0185546875