1 0.90380859375 0.15234375 0.1923828125 0.1875
1 0.76904296875 0.13623046875 0.2548828125 0.2060546875
1 0.50439453125 0.14697265625 0.2724609375 0.2939453125
1 0.59619140625 0.0576171875 0.2080078125 0.115234375
1 0.64208984375 0.25732421875 0.2822265625 0.2861328125
1 0.34716796875 0.27392578125 0.3095703125 0.3955078125
1 0.5029296875 0.4296875 0.271484375 0.271484375
1 0.3837890625 0.62451171875 0.291015625 0.2880859375
1 0.21240234375 0.5029296875 0.3330078125 0.32421875
1 0.21435546875 0.791015625 0.3486328125 0.322265625
1 0.09814453125 0.65283203125 0.1962890625 0.3251953125
1 0.11279296875 0.892578125 0.1923828125 0.10546875
1 0.03466796875 0.8359375 0.0693359375 0.12890625
0 0.00439453125 0.8447265625 0.0087890625 0.015625
0 0.0126953125 0.86572265625 0.01953125 0.0244140625
1 0.2158203125 0.8544921875 0.064453125 0.044921875
1 0.208984375 0.865234375 0.046875 0.0546875
1 0.279296875 0.78076171875 0.0625 0.0419921875
1 0.2705078125 0.791015625 0.044921875 0.052734375
1 0.220703125 0.74658203125 0.021484375 0.0263671875
1 0.162109375 0.8203125 0.025390625 0.029296875
0 0.02099609375 0.78369140625 0.0380859375 0.0302734375
3 0.0185546875 0.6142578125 0.037109375 0.0546875
0 0.162109375 0.62939453125 0.060546875 0.0556640625
0 0.0244140625 0.53759765625 0.048828125 0.0888671875
0 0.2138671875 0.4814453125 0.025390625 0.021484375
0 0.35107421875 0.498046875 0.0263671875 0.0234375
0 0.33642578125 0.36376953125 0.0322265625 0.0322265625
0 0.322265625 0.39013671875 0.046875 0.0419921875
0 0.3798828125 0.31103515625 0.044921875 0.0400390625
0 0.40771484375 0.27490234375 0.0458984375 0.0400390625
1 0.4599609375 0.4814453125 0.076171875 0.064453125
1 0.50048828125 0.42919921875 0.0751953125 0.0654296875
1 0.5400390625 0.37744140625 0.078125 0.0673828125
1 0.37060546875 0.18994140625 0.1025390625 0.0927734375
1 0.3154296875 0.26318359375 0.10546875 0.0927734375
1 0.2490234375 0.3291015625 0.056640625 0.0625
1 0.2431640625 0.34228515625 0.06640625 0.0419921875
1 0.52783203125 0.1533203125 0.0947265625 0.09765625
1 0.65478515625 0.2958984375 0.0732421875 0.044921875
1 0.64892578125 0.30712890625 0.0556640625 0.0615234375
1 0.7080078125 0.2255859375 0.072265625 0.044921875
1 0.69873046875 0.240234375 0.0517578125 0.05859375
1 0.59423828125 0.09228515625 0.0380859375 0.0341796875
1 0.5849609375 0.27197265625 0.021484375 0.0224609375
0 0.5078125 0.26318359375 0.033203125 0.0322265625
0 0.5283203125 0.28466796875 0.0234375 0.0263671875
0 0.62255859375 0.19091796875 0.0166015625 0.0126953125
1 0.2353515625 0.03759765625 0.146484375 0.0751953125