1 0.59423828125 0.49853515625 0.3876953125 0.3447265625
1 0.67919921875 0.38671875 0.3837890625 0.330078125
3 0.75439453125 0.47607421875 0.0419921875 0.0400390625
3 0.6953125 0.43017578125 0.04296875 0.0419921875
3 0.6298828125 0.3828125 0.044921875 0.04296875
3 0.56982421875 0.3388671875 0.0419921875 0.041015625
3 0.5224609375 0.40234375 0.044921875 0.046875
3 0.7041015625 0.5419921875 0.046875 0.044921875
0 0.52734375 0.51220703125 0.017578125 0.0166015625
0 0.5732421875 0.546875 0.015625 0.017578125
1 0.70361328125 0.3544921875 0.0419921875 0.0390625
1 0.40869140625 0.12060546875 0.1884765625 0.0849609375
1 0.111328125 0.05908203125 0.22265625 0.0498046875
0 0.123046875 0.0556640625 0.017578125 0.015625
1 0.26611328125 0.87109375 0.2451171875 0.2578125
1 0.10791015625 0.85546875 0.1669921875 0.2890625
0 0.1845703125 0.85009765625 0.017578125 0.0166015625