1 0.67138671875 0.47802734375 0.6572265625 0.6533203125
1 0.453125 0.3017578125 0.90625 0.603515625
0 0.46142578125 0.640625 0.01953125 0.01953125
0 0.48828125 0.5947265625 0.013671875 0.017578125
0 0.55859375 0.61962890625 0.025390625 0.03125
0 0.599609375 0.5556640625 0.0185546875 0.0185546875
0 0.52099609375 0.642578125 0.0283203125 0.0361328125
0 0.630859375 0.5078125 0.021484375 0.0224609375
0 0.67431640625 0.48046875 0.021484375 0.0224609375
0 0.74072265625 0.47021484375 0.01953125 0.01953125
0 0.81494140625 0.3955078125 0.01953125 0.01953125
0 0.87744140625 0.38232421875 0.0224609375 0.0224609375
0 0.953125 0.31103515625 0.0205078125 0.0234375
0 0.11865234375 0.4140625 0.0166015625 0.01953125
0 0.185546875 0.4140625 0.0205078125 0.0224609375
0 0.2568359375 0.3271484375 0.015625 0.013671875
0 0.32177734375 0.330078125 0.01953125 0.01953125
0 0.39599609375 0.24072265625 0.021484375 0.021484375
0 0.4609375 0.244140625 0.0205078125 0.0205078125
0 0.51123046875 0.21630859375 0.0185546875 0.0185546875
0 0.53466796875 0.15478515625 0.0146484375 0.0244140625
0 0.6474609375 0.12890625 0.021484375 0.0185546875
0 0.6748046875 0.072265625 0.01953125 0.01953125
0 0.7841796875 0.04248046875 0.01953125 0.0205078125