1 0.5390625 0.37451171875 0.525390625 0.3408203125
1 0.52880859375 0.509765625 0.4404296875 0.287109375
1 0.3134765625 0.328125 0.142578125 0.123046875
2 0.5595703125 0.5126953125 0.0703125 0.0703125
0 0.57763671875 0.37939453125 0.0244140625 0.0224609375
0 0.74560546875 0.5107421875 0.0283203125 0.033203125
1 0.3515625 0.775390625 0.466796875 0.232421875
1 0.19140625 0.7763671875 0.275390625 0.21484375
1 0.240234375 0.9013671875 0.375 0.197265625
1 0.3876953125 0.8974609375 0.1796875 0.142578125
1 0.49267578125 0.93603515625 0.1826171875 0.1279296875
0 0.45703125 0.8955078125 0.01171875 0.015625
0 0.39990234375 0.99072265625 0.0146484375 0.0107421875
0 0.41162109375 0.3173828125 0.0166015625 0.013671875
1 0.0693359375 0.1376953125 0.138671875 0.185546875
3 0.01025390625 0.11376953125 0.0205078125 0.0302734375
0 0.04541015625 0.09716796875 0.0087890625 0.0107421875
1 0.0322265625 0.28076171875 0.064453125 0.1689453125
2 0.02685546875 0.2568359375 0.0537109375 0.091796875