1 0.169921875 0.0380859375 0.22265625 0.076171875
1 0.142578125 0.123046875 0.2119140625 0.21484375
1 0.4189453125 0.51806640625 0.375 0.25
1 0.46533203125 0.3876953125 0.37109375 0.224609375
1 0.5361328125 0.291015625 0.2431640625 0.2294921875
1 0.49072265625 0.27294921875 0.1953125 0.2431640625
1 0.86376953125 0.58349609375 0.2724609375 0.2646484375
1 0.83349609375 0.740234375 0.2958984375 0.2216796875
0 0.85595703125 0.6484375 0.013671875 0.015625
0 0.80419921875 0.62451171875 0.0263671875 0.0224609375
3 0.1015625 0.13916015625 0.037109375 0.0390625
1 0.39013671875 0.6162109375 0.224609375 0.1142578125
1 0.07568359375 0.0986328125 0.03125 0.0302734375
0 0.45703125 0.48193359375 0.025390625 0.0302734375
0 0.40869140625 0.46484375 0.0283203125 0.03125