1 0.5966796875 0.4892578125 0.7744140625 0.56640625
1 0.49462890625 0.63525390625 0.751953125 0.57421875
3 0.8427734375 0.654296875 0.046875 0.044921875
3 0.6259765625 0.5146484375 0.05078125 0.0478515625
3 0.4033203125 0.35791015625 0.0498046875 0.0458984375
3 0.30419921875 0.5078125 0.0439453125 0.0439453125
3 0.68505859375 0.76806640625 0.0400390625 0.0439453125
2 0.525390625 0.689453125 0.146484375 0.130859375
3 0.607421875 0.7138671875 0.0390625 0.0390625
3 0.68017578125 0.6455078125 0.02734375 0.0302734375
3 0.3984375 0.619140625 0.0283203125 0.0185546875
3 0.38818359375 0.4501953125 0.03125 0.03515625
3 0.25244140625 0.5244140625 0.0341796875 0.0263671875
3 0.5341796875 0.5458984375 0.0322265625 0.0322265625
2 0.64404296875 0.56982421875 0.1826171875 0.125
2 0.603515625 0.64501953125 0.1181640625 0.099609375
0 0.54150390625 0.71875 0.021484375 0.0205078125
0 0.6865234375 0.81787109375 0.021484375 0.0166015625
0 0.8232421875 0.7431640625 0.03125 0.037109375