1 0.56982421875 0.12890625 0.2119140625 0.2578125
1 0.48046875 0.1025390625 0.208984375 0.205078125
1 0.478515625 0.525390625 0.201171875 0.1171875
1 0.4931640625 0.4736328125 0.205078125 0.111328125
1 0.4599609375 0.59619140625 0.220703125 0.1455078125
0 0.45947265625 0.57568359375 0.0205078125 0.0244140625
1 0.392578125 0.94189453125 0.158203125 0.1162109375
1 0.2744140625 0.91455078125 0.171875 0.1708984375
2 0.388671875 0.95166015625 0.140625 0.0966796875
2 0.3037109375 0.939453125 0.083984375 0.12109375
3 0.2783203125 0.8994140625 0.02734375 0.03125
3 0.26513671875 0.970703125 0.0263671875 0.0390625
3 0.609375 0.1005859375 0.04296875 0.046875
3 0.6142578125 0.017578125 0.03515625 0.03515625
3 0.4794921875 0.01953125 0.03125 0.029296875
0 0.416015625 0.15966796875 0.01953125 0.0146484375