1 0.53466796875 0.60791015625 0.1376953125 0.2978515625
1 0.41357421875 0.607421875 0.1064453125 0.294921875
1 0.4697265625 0.732421875 0.09765625 0.0546875
1 0.46826171875 0.48046875 0.0947265625 0.046875
1 0.421875 0.19775390625 0.107421875 0.2958984375
1 0.54638671875 0.2021484375 0.1455078125 0.291015625
1 0.482421875 0.32568359375 0.095703125 0.0498046875
1 0.48193359375 0.07421875 0.0927734375 0.048828125
1 0.1083984375 0.50830078125 0.142578125 0.2919921875
1 0.11669921875 0.11328125 0.1455078125 0.2265625
1 0.01806640625 0.5078125 0.0361328125 0.291015625
2 0.0732421875 0.44677734375 0.037109375 0.1123046875
0 0.15771484375 0.60693359375 0.0224609375 0.0166015625
3 0.39306640625 0.580078125 0.0224609375 0.021484375
3 0.3984375 0.21533203125 0.0234375 0.0205078125
3 0.40185546875 0.32763671875 0.0166015625 0.0107421875
3 0.57861328125 0.708984375 0.0166015625 0.01953125