1 0.5244140625 0.67041015625 0.28125 0.1259765625
1 0.55712890625 0.4765625 0.2158203125 0.357421875
1 0.4287109375 0.36279296875 0.27734375 0.1279296875
1 0.39208984375 0.556640625 0.2080078125 0.35546875
1 0.15380859375 0.81591796875 0.2470703125 0.3017578125
1 0.0693359375 0.3203125 0.138671875 0.322265625
1 0.0869140625 0.86279296875 0.173828125 0.2744140625
0 0.5361328125 0.4912109375 0.0234375 0.029296875
0 0.46728515625 0.4326171875 0.0205078125 0.01953125
2 0.02978515625 0.80615234375 0.0595703125 0.1064453125
0 0.06884765625 0.77099609375 0.0244140625 0.0244140625
1 0.0263671875 0.439453125 0.052734375 0.14453125
2 0.07373046875 0.93896484375 0.1474609375 0.1220703125
2 0.05908203125 0.8642578125 0.0400390625 0.037109375
2 0.0146484375 0.89404296875 0.029296875 0.0400390625