1 0.6533203125 0.47021484375 0.2255859375 0.25390625
1 0.52587890625 0.49169921875 0.19921875 0.2578125
1 0.1376953125 0.43359375 0.275390625 0.27734375
1 0.0263671875 0.47265625 0.052734375 0.166015625
1 0.42919921875 0.8544921875 0.126953125 0.0986328125
1 0.43896484375 0.90283203125 0.1318359375 0.0966796875
1 0.4384765625 0.947265625 0.107421875 0.080078125
1 0.24951171875 0.89208984375 0.11328125 0.115234375
1 0.2734375 0.94189453125 0.103515625 0.07421875
3 0.6474609375 0.43701171875 0.048828125 0.046875
3 0.5205078125 0.45068359375 0.048828125 0.048828125
0 0.59765625 0.4873046875 0.02734375 0.0302734375
0 0.6318359375 0.52490234375 0.017578125 0.0205078125
0 0.697265625 0.55517578125 0.015625 0.01953125
0 0.04345703125 0.4326171875 0.0322265625 0.0322265625