2 0.50244140625 0.625 0.71484375 0.2763671875
2 0.533203125 0.4794921875 0.7080078125 0.251953125
3 0.66357421875 0.5576171875 0.0244140625 0.02734375
3 0.6875 0.5 0.021484375 0.0263671875
3 0.5947265625 0.474609375 0.0185546875 0.0244140625
3 0.54638671875 0.47900390625 0.017578125 0.0166015625
3 0.49755859375 0.45458984375 0.0185546875 0.0166015625
3 0.39892578125 0.44189453125 0.0205078125 0.0244140625
3 0.40673828125 0.50634765625 0.0224609375 0.01953125
3 0.43017578125 0.4482421875 0.0166015625 0.0205078125
1 0.5185546875 0.560546875 0.7666015625 0.4384765625