1 0.55517578125 0.181640625 0.2568359375 0.2294921875
1 0.54248046875 0.3173828125 0.27734375 0.2138671875
1 0.6669921875 0.52392578125 0.3408203125 0.28125
1 0.46923828125 0.50732421875 0.1865234375 0.2197265625
1 0.525390625 0.41064453125 0.251953125 0.13671875
1 0.73583984375 0.28125 0.3046875 0.3662109375
1 0.7646484375 0.3173828125 0.0556640625 0.08984375
1 0.80322265625 0.318359375 0.072265625 0.0869140625
1 0.7841796875 0.35986328125 0.0947265625 0.046875
1 0.31005859375 0.021484375 0.0927734375 0.04296875
1 0.22216796875 0.03173828125 0.1357421875 0.0634765625
0 0.59765625 0.33349609375 0.013671875 0.0146484375
3 0.58740234375 0.35498046875 0.0390625 0.037109375
0 0.6416015625 0.4912109375 0.015625 0.015625
0 0.72216796875 0.33349609375 0.0185546875 0.015625
0 0.72265625 0.26806640625 0.0234375 0.0234375
0 0.68115234375 0.2177734375 0.021484375 0.0205078125
0 0.6806640625 0.43212890625 0.017578125 0.017578125
0 0.64599609375 0.447265625 0.0185546875 0.0205078125
0 0.62353515625 0.39306640625 0.0205078125 0.0185546875
0 0.5888671875 0.423828125 0.015625 0.0166015625
0 0.6123046875 0.4619140625 0.0166015625 0.0166015625
0 0.57470703125 0.4775390625 0.0126953125 0.013671875
0 0.5361328125 0.46923828125 0.0185546875 0.01953125
0 0.58349609375 0.3056640625 0.021484375 0.0224609375
1 0.71728515625 0.908203125 0.2841796875 0.18359375
1 0.82177734375 0.87841796875 0.1865234375 0.2431640625
2 0.74072265625 0.91552734375 0.2333984375 0.1689453125
2 0.810546875 0.9052734375 0.1484375 0.189453125
3 0.8876953125 0.85986328125 0.0283203125 0.0419921875