1 0.55517578125 0.533203125 0.2744140625 0.267578125
1 0.48388671875 0.44384765625 0.3271484375 0.2900390625
1 0.6796875 0.34326171875 0.234375 0.2470703125
0 0.50244140625 0.50439453125 0.0400390625 0.0380859375
0 0.8896484375 0.94189453125 0.04296875 0.0400390625
3 0.89404296875 0.876953125 0.0439453125 0.037109375
0 0.01025390625 0.8603515625 0.0205078125 0.037109375
0 0.1640625 0.91748046875 0.03125 0.0341796875
1 0.17333984375 0.0771484375 0.1044921875 0.154296875
1 0.24560546875 0.0263671875 0.1279296875 0.052734375
1 0.10205078125 0.08984375 0.0732421875 0.1796875
3 0.10009765625 0.1142578125 0.0458984375 0.044921875
0 0.6103515625 0.51171875 0.015625 0.013671875
0 0.01220703125 0.7470703125 0.0126953125 0.013671875
0 0.90869140625 0.83544921875 0.0146484375 0.0146484375
1 0.06005859375 0.52978515625 0.0908203125 0.0908203125
1 0.03857421875 0.49462890625 0.0771484375 0.0830078125