1 0.5361328125 0.560546875 0.279296875 0.32421875
1 0.765625 0.51806640625 0.1796875 0.1728515625
1 0.84228515625 0.7939453125 0.3134765625 0.294921875
1 0.931640625 0.91162109375 0.13671875 0.1767578125
1 0.953125 0.6689453125 0.09375 0.203125
1 0.38232421875 0.9189453125 0.2529296875 0.158203125
1 0.1728515625 0.869140625 0.306640625 0.26171875
0 0.37646484375 0.970703125 0.0458984375 0.052734375
2 0.1318359375 0.91796875 0.119140625 0.033203125
0 0.19384765625 0.8837890625 0.0380859375 0.033203125
0 0.8642578125 0.7958984375 0.041015625 0.03125
2 0.802734375 0.8173828125 0.06640625 0.025390625
2 0.974609375 0.93359375 0.05078125 0.021484375
2 0.50927734375 0.59130859375 0.0693359375 0.0205078125
0 0.5537109375 0.55615234375 0.03515625 0.0361328125
1 0.19677734375 0.2724609375 0.1494140625 0.10546875
1 0.14208984375 0.3037109375 0.1923828125 0.166015625
1 0.12060546875 0.2109375 0.1533203125 0.09375
1 0.103515625 0.3525390625 0.16796875 0.193359375
1 0.07177734375 0.41357421875 0.1083984375 0.1376953125
1 0.021484375 0.33154296875 0.04296875 0.1533203125
1 0.08447265625 0.18798828125 0.0830078125 0.1337890625
1 0.033203125 0.18310546875 0.06640625 0.1435546875
1 0.02001953125 0.27783203125 0.0400390625 0.0439453125
1 0.01953125 0.248046875 0.0390625 0.0546875
1 0.03369140625 0.1083984375 0.0673828125 0.123046875
1 0.0712890625 0.1376953125 0.021484375 0.06640625