1 0.5234375 0.44189453125 0.36328125 0.3349609375
1 0.41455078125 0.5400390625 0.3564453125 0.333984375
1 0.529296875 0.43115234375 0.103515625 0.1005859375
1 0.5751953125 0.7060546875 0.11328125 0.119140625
1 0.62548828125 0.65771484375 0.1259765625 0.1298828125
0 0.51611328125 0.6640625 0.0400390625 0.041015625
1 0.181640625 0.7646484375 0.3125 0.3125
1 0.103515625 0.65283203125 0.19140625 0.2900390625
1 0.2138671875 0.88720703125 0.111328125 0.1123046875
1 0.79736328125 0.11376953125 0.2783203125 0.2275390625
1 0.845703125 0.1337890625 0.23828125 0.267578125
1 0.7265625 0.08740234375 0.220703125 0.1748046875
1 0.6640625 0.06103515625 0.162109375 0.1220703125
3 0.7265625 0.03173828125 0.02734375 0.0341796875
3 0.845703125 0.08837890625 0.03515625 0.0380859375
3 0.8984375 0.01513671875 0.0390625 0.0302734375
3 0.14599609375 0.8349609375 0.0361328125 0.03125
3 0.18359375 0.79931640625 0.03515625 0.0322265625
3 0.24072265625 0.736328125 0.0341796875 0.033203125
3 0.06396484375 0.646484375 0.0400390625 0.04296875
0 0.1162109375 0.57421875 0.013671875 0.015625