1 0.50390625 0.4755859375 0.1865234375 0.2451171875
1 0.412109375 0.5185546875 0.171875 0.2421875
1 0.51171875 0.62353515625 0.1689453125 0.1201171875
1 0.9013671875 0.1630859375 0.171875 0.2900390625
1 0.8046875 0.22119140625 0.255859375 0.3046875
1 0.82177734375 0.4306640625 0.3564453125 0.26171875
1 0.626953125 0.814453125 0.1796875 0.236328125
1 0.75341796875 0.78515625 0.1826171875 0.240234375
0 0.50146484375 0.51611328125 0.0244140625 0.0244140625
0 0.4013671875 0.47119140625 0.0302734375 0.0302734375
0 0.50537109375 0.55712890625 0.01953125 0.01953125
0 0.76806640625 0.4326171875 0.0224609375 0.0234375
0 0.81103515625 0.26171875 0.017578125 0.0185546875
0 0.77490234375 0.1826171875 0.015625 0.015625