1 0.60546875 0.7890625 0.26171875 0.31640625
1 0.7109375 0.7236328125 0.259765625 0.31640625
1 0.56494140625 0.47998046875 0.2412109375 0.2939453125
1 0.4580078125 0.54345703125 0.244140625 0.2939453125
1 0.4638671875 0.58740234375 0.087890625 0.1064453125
1 0.5810546875 0.7763671875 0.08203125 0.103515625
1 0.71337890625 0.69775390625 0.0673828125 0.0810546875
1 0.59765625 0.50341796875 0.068359375 0.0771484375
3 0.642578125 0.56298828125 0.041015625 0.0419921875
3 0.49853515625 0.650390625 0.0380859375 0.0390625
3 0.53466796875 0.71435546875 0.0361328125 0.0341796875
3 0.6826171875 0.6298828125 0.037109375 0.04296875
0 0.724609375 0.87109375 0.013671875 0.013671875
0 0.44140625 0.4189453125 0.015625 0.009765625
0 0.455078125 0.4072265625 0.013671875 0.01171875
1 0.326171875 0.37109375 0.0546875 0.0625
1 0.29541015625 0.38671875 0.0556640625 0.060546875