1 0.4697265625 0.0634765625 0.28515625 0.126953125
1 0.4716796875 0.166015625 0.283203125 0.1376953125
1 0.47607421875 0.28564453125 0.2841796875 0.158203125
1 0.47802734375 0.4111328125 0.2802734375 0.158203125
1 0.455078125 0.51171875 0.28515625 0.1845703125
1 0.46142578125 0.65185546875 0.279296875 0.15625
2 0.4052734375 0.6552734375 0.158203125 0.1328125
3 0.40185546875 0.66650390625 0.037109375 0.03125
2 0.55419921875 0.681640625 0.0849609375 0.0654296875
3 0.51708984375 0.66015625 0.033203125 0.037109375
2 0.556640625 0.6220703125 0.0634765625 0.0458984375
0 0.44580078125 0.59521484375 0.021484375 0.03125
3 0.39501953125 0.498046875 0.04296875 0.037109375
3 0.5146484375 0.49609375 0.0419921875 0.0419921875
0 0.5654296875 0.51025390625 0.0224609375 0.0185546875
0 0.451171875 0.47412109375 0.0146484375 0.0126953125
0 0.47998046875 0.4443359375 0.015625 0.013671875
0 0.5048828125 0.44140625 0.0126953125 0.01953125
0 0.521484375 0.44970703125 0.01171875 0.0107421875
0 0.46484375 0.34375 0.0263671875 0.021484375
3 0.49951171875 0.25830078125 0.01953125 0.0263671875
0 0.478515625 0.23046875 0.021484375 0.0224609375
0 0.50732421875 0.228515625 0.0185546875 0.0224609375
3 0.43798828125 0.1962890625 0.0185546875 0.0234375
0 0.47021484375 0.20458984375 0.009765625 0.0126953125
3 0.49609375 0.1943359375 0.017578125 0.025390625
0 0.36279296875 0.18505859375 0.015625 0.017578125
0 0.4580078125 0.109375 0.025390625 0.029296875
0 0.5126953125 0.208984375 0.0107421875 0.009765625
1 0.140625 0.912109375 0.193359375 0.17578125
1 0.27392578125 0.9306640625 0.1611328125 0.138671875
1 0.39208984375 0.9326171875 0.1552734375 0.134765625
1 0.5205078125 0.947265625 0.1640625 0.10546875
0 0.310546875 0.9970703125 0.013671875 0.005859375
3 0.3564453125 0.9873046875 0.0390625 0.025390625
0 0.32568359375 0.9697265625 0.009765625 0.01171875
0 0.09521484375 0.92919921875 0.0185546875 0.017578125