1 0.43896484375 0.3564453125 0.2412109375 0.2109375
1 0.48681640625 0.4765625 0.2470703125 0.18359375
1 0.5107421875 0.86865234375 0.26171875 0.2626953125
1 0.572265625 0.9736328125 0.1640625 0.052734375
1 0.861328125 0.49560546875 0.0908203125 0.1220703125
1 0.90673828125 0.47607421875 0.0888671875 0.126953125
1 0.95068359375 0.466796875 0.07421875 0.103515625
1 0.93603515625 0.66357421875 0.109375 0.1064453125
1 0.97265625 0.6298828125 0.0546875 0.099609375
3 0.40771484375 0.369140625 0.0439453125 0.046875
3 0.447265625 0.48974609375 0.0458984375 0.0458984375
0 0.46728515625 0.4072265625 0.029296875 0.025390625
0 0.4970703125 0.3662109375 0.01953125 0.0166015625
0 0.51318359375 0.29541015625 0.0185546875 0.0146484375
0 0.52880859375 0.96044921875 0.0302734375 0.0302734375