1 0.58203125 0.3955078125 0.697265625 0.5322265625
1 0.388671875 0.3115234375 0.42578125 0.3544921875
1 0.681640625 0.1513671875 0.353515625 0.3017578125
1 0.30615234375 0.37451171875 0.0380859375 0.0751953125
1 0.2978515625 0.37646484375 0.0517578125 0.06640625
1 0.42138671875 0.32763671875 0.0400390625 0.0810546875
1 0.412109375 0.330078125 0.0537109375 0.068359375
1 0.53515625 0.279296875 0.0390625 0.083984375
1 0.5263671875 0.28271484375 0.0546875 0.0712890625
1 0.6337890625 0.1953125 0.0419921875 0.078125
1 0.6259765625 0.19677734375 0.052734375 0.06640625
1 0.74853515625 0.14697265625 0.041015625 0.0791015625
1 0.74072265625 0.150390625 0.0556640625 0.068359375
3 0.47412109375 0.4501953125 0.0595703125 0.05078125
3 0.5888671875 0.3994140625 0.0625 0.0546875
3 0.68603515625 0.31787109375 0.0654296875 0.0537109375
0 0.29833984375 0.498046875 0.0185546875 0.021484375
0 0.2177734375 0.3564453125 0.01953125 0.01953125
0 0.36572265625 0.38720703125 0.0185546875 0.01953125
0 0.599609375 0.24658203125 0.015625 0.0205078125
0 0.52734375 0.39990234375 0.0146484375 0.0166015625
0 0.509765625 0.40625 0.017578125 0.017578125
0 0.728515625 0.27685546875 0.015625 0.017578125
0 0.8408203125 0.2275390625 0.01953125 0.01953125
0 0.71240234375 0.19873046875 0.01953125 0.0205078125