1 0.6103515625 0.41748046875 0.0859375 0.224609375
1 0.54248046875 0.42919921875 0.1201171875 0.2275390625
1 0.4482421875 0.44287109375 0.1357421875 0.2265625
1 0.5966796875 0.65234375 0.177734375 0.2587890625
1 0.484375 0.66943359375 0.1416015625 0.251953125
0 0.4765625 0.46044921875 0.0322265625 0.03125
3 0.59765625 0.5869140625 0.0283203125 0.0263671875
3 0.47265625 0.5751953125 0.0283203125 0.0283203125
3 0.48095703125 0.65234375 0.025390625 0.0263671875
3 0.6083984375 0.6796875 0.0322265625 0.02734375
1 0.25048828125 0.90283203125 0.2412109375 0.1943359375
1 0.162109375 0.8671875 0.126953125 0.154296875
1 0.14404296875 0.94873046875 0.1669921875 0.1025390625
1 0.0869140625 0.84814453125 0.09375 0.13671875
1 0.09130859375 0.94580078125 0.0693359375 0.1083984375
3 0.11865234375 0.98681640625 0.0458984375 0.0263671875
3 0.14990234375 0.85009765625 0.0234375 0.0322265625
3 0.0556640625 0.845703125 0.0166015625 0.0244140625
1 0.8828125 0.38427734375 0.1416015625 0.26953125
1 0.95556640625 0.4912109375 0.0537109375 0.029296875
1 0.95556640625 0.37353515625 0.0888671875 0.2607421875
1 0.9189453125 0.2587890625 0.0546875 0.029296875
0 0.94384765625 0.396484375 0.01953125 0.0224609375