1 0.466796875 0.43896484375 0.37109375 0.240234375
1 0.4560546875 0.580078125 0.333984375 0.2412109375
2 0.4560546875 0.56689453125 0.3173828125 0.1923828125
2 0.53369140625 0.48486328125 0.1875 0.099609375
2 0.3701171875 0.4619140625 0.1181640625 0.0947265625
1 0.47802734375 0.42431640625 0.12890625 0.1044921875
3 0.380859375 0.40869140625 0.0478515625 0.037109375
3 0.4453125 0.59130859375 0.025390625 0.05078125
3 0.57080078125 0.42578125 0.05078125 0.0400390625
0 0.42724609375 0.478515625 0.03125 0.0263671875
0 0.5751953125 0.59716796875 0.0263671875 0.0244140625
0 0.47119140625 0.58447265625 0.015625 0.015625
1 0.53857421875 0.96728515625 0.1669921875 0.0654296875
1 0.46533203125 0.89453125 0.2099609375 0.2109375
1 0.32666015625 0.888671875 0.1982421875 0.22265625
1 0.35546875 0.91748046875 0.091796875 0.1396484375
0 0.49560546875 0.84326171875 0.0224609375 0.0205078125
3 0.37646484375 0.833984375 0.0244140625 0.0244140625
0 0.46630859375 0.98095703125 0.017578125 0.0166015625
1 0.6767578125 0.4814453125 0.16796875 0.1865234375
1 0.28564453125 0.43310546875 0.1220703125 0.1591796875