1 0.56640625 0.46240234375 0.8671875 0.9248046875
3 0.80029296875 0.5458984375 0.080078125 0.076171875
3 0.75 0.5078125 0.05859375 0.0556640625
3 0.68505859375 0.41796875 0.076171875 0.0771484375
3 0.6455078125 0.3720703125 0.076171875 0.080078125
3 0.564453125 0.30126953125 0.0595703125 0.056640625
3 0.52734375 0.24462890625 0.078125 0.080078125
3 0.361328125 0.30859375 0.033203125 0.0341796875
0 0.40234375 0.3232421875 0.0380859375 0.0380859375
3 0.4130859375 0.3662109375 0.060546875 0.060546875
3 0.4423828125 0.3994140625 0.0615234375 0.0625
3 0.47998046875 0.36376953125 0.04296875 0.044921875
3 0.4833984375 0.44775390625 0.03125 0.0302734375
0 0.5185546875 0.45166015625 0.037109375 0.0380859375
3 0.529296875 0.49609375 0.060546875 0.0615234375
3 0.55859375 0.52587890625 0.0615234375 0.0625
0 0.59814453125 0.53955078125 0.0380859375 0.0390625
3 0.60009765625 0.576171875 0.029296875 0.0322265625
3 0.64501953125 0.623046875 0.0595703125 0.064453125
3 0.6748046875 0.65625 0.0615234375 0.064453125
0 0.71533203125 0.6708984375 0.0390625 0.0390625
3 0.7265625 0.71533203125 0.0302734375 0.03125
3 0.68115234375 0.58642578125 0.0458984375 0.0458984375
2 0.62646484375 0.74365234375 0.1181640625 0.044921875
2 0.50830078125 0.61572265625 0.12109375 0.0498046875
2 0.39697265625 0.48779296875 0.1201171875 0.0595703125
2 0.28173828125 0.35986328125 0.1240234375 0.0537109375