1 0.30224609375 0.59423828125 0.3291015625 0.3046875
1 0.38671875 0.48583984375 0.3486328125 0.3017578125
1 0.13330078125 0.3642578125 0.2666015625 0.447265625
1 0.07421875 0.19580078125 0.142578125 0.27734375
3 0.18115234375 0.2431640625 0.0478515625 0.05078125
3 0.04345703125 0.14111328125 0.0478515625 0.0546875
2 0.068359375 0.1806640625 0.0830078125 0.0908203125
3 0.08349609375 0.37646484375 0.0703125 0.0771484375
3 0.01025390625 0.49072265625 0.0205078125 0.0439453125
2 0.255859375 0.52294921875 0.0830078125 0.0869140625
3 0.21826171875 0.55224609375 0.041015625 0.0390625
2 0.38037109375 0.6201171875 0.083984375 0.0830078125
3 0.369140625 0.66796875 0.0419921875 0.044921875
3 0.470703125 0.5263671875 0.0546875 0.052734375
3 0.41552734375 0.484375 0.0458984375 0.04296875
3 0.380859375 0.4580078125 0.041015625 0.0458984375
3 0.32275390625 0.41650390625 0.0517578125 0.052734375
0 0.11181640625 0.2978515625 0.021484375 0.025390625
0 0.02197265625 0.4208984375 0.0322265625 0.044921875
0 0.3046875 0.5927734375 0.041015625 0.03515625
1 0.11865234375 0.88525390625 0.2373046875 0.2197265625
3 0.1474609375 0.95751953125 0.0517578125 0.048828125
3 0.09228515625 0.91455078125 0.0400390625 0.0390625
3 0.05810546875 0.8876953125 0.0390625 0.0478515625
3 0.01318359375 0.845703125 0.0263671875 0.05078125
1 0.2451171875 0.974609375 0.09375 0.0439453125