1 0.45556640625 0.5029296875 0.3134765625 0.3125
1 0.5224609375 0.59130859375 0.267578125 0.3173828125
1 0.6376953125 0.54736328125 0.189453125 0.1376953125
1 0.5869140625 0.59814453125 0.15234375 0.1845703125
1 0.3203125 0.31201171875 0.1796875 0.1728515625
1 0.126953125 0.2626953125 0.25390625 0.2734375
1 0.27392578125 0.12451171875 0.2744140625 0.2490234375
1 0.07666015625 0.0751953125 0.1533203125 0.150390625
3 0.4453125 0.46484375 0.0390625 0.03125
3 0.431640625 0.53564453125 0.04296875 0.0380859375
3 0.37890625 0.5283203125 0.03515625 0.03125
0 0.42333984375 0.48828125 0.0322265625 0.029296875
0 0.14306640625 0.1748046875 0.0185546875 0.01953125
0 0.21044921875 0.2392578125 0.0185546875 0.01953125
0 0.16650390625 0.11181640625 0.0302734375 0.0283203125