1 0.9736328125 0.474609375 0.052734375 0.142578125
1 0.974609375 0.5927734375 0.0498046875 0.1181640625
1 0.88525390625 0.6083984375 0.2080078125 0.142578125
1 0.89013671875 0.4970703125 0.1787109375 0.1376953125
1 0.9052734375 0.38720703125 0.189453125 0.1416015625
1 0.68017578125 0.58447265625 0.255859375 0.1572265625
1 0.69580078125 0.47314453125 0.2509765625 0.1435546875
1 0.720703125 0.3955078125 0.2109375 0.087890625
1 0.498046875 0.38525390625 0.2529296875 0.2001953125
1 0.47607421875 0.544921875 0.255859375 0.205078125
1 0.26806640625 0.53759765625 0.251953125 0.224609375
1 0.29638671875 0.34033203125 0.2529296875 0.251953125
1 0.25927734375 0.31103515625 0.0615234375 0.1669921875
1 0.2060546875 0.26123046875 0.0888671875 0.09375
2 0.2646484375 0.564453125 0.2197265625 0.1123046875
2 0.341796875 0.33154296875 0.1298828125 0.0908203125
0 0.234375 0.24853515625 0.0205078125 0.025390625
0 0.2861328125 0.41552734375 0.0263671875 0.0283203125
0 0.361328125 0.42529296875 0.02734375 0.0380859375
0 0.35205078125 0.38427734375 0.0341796875 0.0341796875
0 0.42333984375 0.48046875 0.0234375 0.0244140625
3 0.41357421875 0.419921875 0.0263671875 0.0400390625
3 0.4833984375 0.42724609375 0.0302734375 0.0390625
3 0.55615234375 0.43359375 0.03125 0.0390625
3 0.6181640625 0.4384765625 0.013671875 0.017578125
3 0.654296875 0.48388671875 0.0322265625 0.0419921875
3 0.73291015625 0.49267578125 0.0322265625 0.04296875
3 0.7890625 0.49951171875 0.0302734375 0.04296875
0 0.89892578125 0.54541015625 0.0224609375 0.0263671875
0 0.89990234375 0.51416015625 0.015625 0.0224609375
0 0.904296875 0.478515625 0.0166015625 0.0205078125