1 0.33447265625 0.52294921875 0.1181640625 0.2958984375
1 0.5205078125 0.57763671875 0.3896484375 0.2138671875
1 0.4765625 0.41650390625 0.3896484375 0.2119140625
1 0.662109375 0.47119140625 0.111328125 0.29296875
0 0.595703125 0.58251953125 0.0205078125 0.0185546875
0 0.48046875 0.61376953125 0.015625 0.0146484375
0 0.48974609375 0.3916015625 0.029296875 0.03515625
1 0.1396484375 0.78076171875 0.2060546875 0.1103515625
1 0.15869140625 0.6904296875 0.130859375 0.1044921875
1 0.21240234375 0.72265625 0.076171875 0.150390625
1 0.060546875 0.64208984375 0.107421875 0.2685546875
1 0.06640625 0.7431640625 0.0888671875 0.087890625
1 0.03662109375 0.5595703125 0.0732421875 0.111328125
1 0.2900390625 0.89794921875 0.1337890625 0.130859375