1 0.48876953125 0.41455078125 0.0849609375 0.0849609375
1 0.548828125 0.396484375 0.0859375 0.09375
1 0.5595703125 0.59912109375 0.21484375 0.3271484375
1 0.67822265625 0.55859375 0.2138671875 0.357421875
1 0.55517578125 0.619140625 0.0673828125 0.05078125
1 0.5498046875 0.5986328125 0.0703125 0.03515625
1 0.53564453125 0.56494140625 0.0576171875 0.0419921875
1 0.53173828125 0.54443359375 0.0712890625 0.0361328125
2 0.599609375 0.59130859375 0.115234375 0.2880859375
1 0.56884765625 0.66845703125 0.0654296875 0.0380859375
1 0.56689453125 0.65283203125 0.0712890625 0.0341796875
1 0.69091796875 0.56591796875 0.0732421875 0.0361328125
2 0.640625 0.57861328125 0.123046875 0.3056640625
1 0.68603515625 0.548828125 0.0634765625 0.048828125
1 0.6748046875 0.51123046875 0.072265625 0.0400390625
1 0.669921875 0.49365234375 0.064453125 0.0439453125
1 0.70751953125 0.62109375 0.0673828125 0.03515625
1 0.7041015625 0.60205078125 0.0625 0.0439453125