1 0.58203125 0.494140625 0.16015625 0.2890625
1 0.43994140625 0.50634765625 0.17578125 0.2900390625
1 0.10205078125 0.263671875 0.1328125 0.1455078125
1 0.05126953125 0.228515625 0.1025390625 0.150390625
1 0.80859375 0.11767578125 0.2890625 0.2353515625
1 0.865234375 0.14697265625 0.232421875 0.2939453125
0 0.8173828125 0.171875 0.025390625 0.0263671875
3 0.61279296875 0.48681640625 0.02734375 0.0244140625
3 0.615234375 0.53857421875 0.025390625 0.0224609375
0 0.62158203125 0.6044921875 0.0283203125 0.0302734375
0 0.41943359375 0.50830078125 0.0322265625 0.0322265625