1 0.3720703125 0.58935546875 0.3125 0.1845703125
1 0.408203125 0.44140625 0.291015625 0.193359375
3 0.392578125 0.4541015625 0.0390625 0.04296875
3 0.50439453125 0.42529296875 0.0380859375 0.0361328125
0 0.37353515625 0.61328125 0.0244140625 0.0234375
0 0.373046875 0.38720703125 0.017578125 0.0166015625
0 0.4814453125 0.400390625 0.021484375 0.021484375
0 0.51416015625 0.5224609375 0.0185546875 0.017578125
1 0.53369140625 0.11376953125 0.2978515625 0.1982421875
1 0.55810546875 0.02294921875 0.2685546875 0.0458984375
1 0.56689453125 0.1298828125 0.0869140625 0.150390625
1 0.6025390625 0.1318359375 0.052734375 0.1484375
0 0.5068359375 0.1669921875 0.025390625 0.025390625