1 0.56005859375 0.54052734375 0.1318359375 0.2919921875
1 0.43603515625 0.5302734375 0.1318359375 0.30859375
3 0.5625 0.58349609375 0.03125 0.0380859375
3 0.4501953125 0.5146484375 0.033203125 0.025390625
0 0.611328125 0.4345703125 0.015625 0.017578125
0 0.41845703125 0.41796875 0.0126953125 0.01171875
0 0.6025390625 0.65234375 0.017578125 0.015625
1 0.84423828125 0.4599609375 0.2763671875 0.158203125
1 0.83984375 0.59033203125 0.279296875 0.1259765625
0 0.7470703125 0.42822265625 0.01953125 0.0087890625
0 0.962890625 0.6240234375 0.025390625 0.015625