1 0.5703125 0.38427734375 0.2646484375 0.1650390625
1 0.650390625 0.52392578125 0.265625 0.1708984375
1 0.705078125 0.4033203125 0.15234375 0.212890625
1 0.51416015625 0.50537109375 0.150390625 0.2158203125
1 0.53369140625 0.287109375 0.2197265625 0.1416015625
1 0.62646484375 0.2802734375 0.0966796875 0.12890625
1 0.48974609375 0.34326171875 0.1298828125 0.09765625
1 0.689453125 0.62255859375 0.220703125 0.146484375
1 0.72998046875 0.56982421875 0.1337890625 0.09375
1 0.59423828125 0.6337890625 0.09375 0.134765625
0 0.6181640625 0.65869140625 0.0234375 0.021484375
0 0.63525390625 0.34326171875 0.0185546875 0.015625
0 0.7431640625 0.61865234375 0.017578125 0.0205078125
0 0.75390625 0.537109375 0.0234375 0.0166015625