1 0.53076171875 0.44482421875 0.3681640625 0.36328125
1 0.41015625 0.52734375 0.3603515625 0.3671875
1 0.5390625 0.435546875 0.107421875 0.1064453125
1 0.54541015625 0.71484375 0.1171875 0.1259765625
1 0.60205078125 0.67236328125 0.130859375 0.13671875
0 0.4931640625 0.6650390625 0.041015625 0.04296875
1 0.1572265625 0.7177734375 0.314453125 0.322265625
1 0.09619140625 0.5927734375 0.1923828125 0.291015625
1 0.16259765625 0.84423828125 0.1201171875 0.115234375
1 0.84912109375 0.14208984375 0.3017578125 0.2646484375
1 0.8798828125 0.18212890625 0.240234375 0.2724609375
1 0.8037109375 0.10986328125 0.2783203125 0.203125
1 0.74072265625 0.0791015625 0.205078125 0.1435546875
3 0.7900390625 0.06787109375 0.0283203125 0.03515625
3 0.8359375 0.03515625 0.0341796875 0.0361328125
3 0.89990234375 0.14111328125 0.0361328125 0.0400390625
3 0.96240234375 0.07470703125 0.041015625 0.0341796875
3 0.103515625 0.78271484375 0.0380859375 0.0341796875
3 0.1455078125 0.75244140625 0.037109375 0.03515625
3 0.2109375 0.69873046875 0.03515625 0.0361328125
3 0.04736328125 0.58447265625 0.0419921875 0.0439453125
0 0.10986328125 0.5205078125 0.0146484375 0.0166015625