1 0.46240234375 0.435546875 0.3173828125 0.208984375
1 0.40234375 0.4443359375 0.0537109375 0.0732421875
1 0.4404296875 0.4345703125 0.048828125 0.087890625
1 0.4111328125 0.4130859375 0.07421875 0.0478515625
1 0.49560546875 0.56787109375 0.3466796875 0.2080078125
1 0.52685546875 0.57763671875 0.20703125 0.1015625
0 0.5 0.5322265625 0.0380859375 0.0263671875
3 0.4677734375 0.41796875 0.0263671875 0.0302734375
1 0.70849609375 0.86572265625 0.21484375 0.138671875
1 0.70703125 0.77783203125 0.2431640625 0.1474609375
1 0.802734375 0.68359375 0.0888671875 0.169921875
1 0.75 0.6796875 0.0751953125 0.1796875