1 0.5771484375 0.6259765625 0.396484375 0.427734375
1 0.20654296875 0.3935546875 0.3720703125 0.462890625
2 0.24365234375 0.2666015625 0.0634765625 0.07421875
2 0.18505859375 0.26708984375 0.0869140625 0.1201171875
2 0.1455078125 0.2294921875 0.078125 0.095703125
2 0.2392578125 0.39892578125 0.142578125 0.2216796875
2 0.28857421875 0.421875 0.1416015625 0.21875
2 0.14697265625 0.427734375 0.0888671875 0.12109375
2 0.0888671875 0.52587890625 0.078125 0.0947265625
2 0.1376953125 0.5517578125 0.072265625 0.095703125
2 0.5537109375 0.62646484375 0.2578125 0.3916015625
2 0.703125 0.548828125 0.119140625 0.138671875
1 0.06201171875 0.86572265625 0.1240234375 0.2353515625
2 0.015625 0.79931640625 0.03125 0.0693359375
2 0.05419921875 0.90966796875 0.1083984375 0.1474609375
2 0.0185546875 0.90478515625 0.037109375 0.0869140625