1 0.4296875 0.537109375 0.326171875 0.2666015625
1 0.48046875 0.59521484375 0.3193359375 0.2568359375
1 0.5771484375 0.4599609375 0.1259765625 0.1552734375
0 0.45654296875 0.55517578125 0.025390625 0.017578125
1 0.21044921875 0.28515625 0.3759765625 0.3671875
1 0.1064453125 0.44921875 0.212890625 0.380859375
1 0.12744140625 0.5478515625 0.10546875 0.1103515625
1 0.7587890625 0.2431640625 0.2744140625 0.3466796875
1 0.89501953125 0.3037109375 0.1669921875 0.1806640625
1 0.73388671875 0.07861328125 0.2626953125 0.1572265625
1 0.86669921875 0.12158203125 0.1669921875 0.2431640625
1 0.4365234375 0.9033203125 0.25 0.193359375
3 0.90478515625 0.26611328125 0.046875 0.05078125
3 0.77099609375 0.16796875 0.037109375 0.03125
0 0.82958984375 0.236328125 0.02734375 0.029296875
0 0.88232421875 0.29052734375 0.01953125 0.021484375
0 0.236328125 0.36474609375 0.0234375 0.021484375
3 0.875 0.13916015625 0.138671875 0.169921875