1 0.5 0.36865234375 0.220703125 0.1240234375
1 0.50244140625 0.50048828125 0.271484375 0.22265625
1 0.2900390625 0.3935546875 0.2353515625 0.1298828125
1 0.31298828125 0.52197265625 0.26953125 0.224609375
2 0.30322265625 0.525390625 0.208984375 0.2041015625
0 0.404296875 0.41015625 0.017578125 0.0185546875
0 0.38720703125 0.41259765625 0.017578125 0.0166015625
1 0.912109375 0.29052734375 0.12890625 0.1064453125
1 0.92529296875 0.41650390625 0.1494140625 0.2080078125
0 0.35009765625 0.375 0.0205078125 0.01953125
0 0.42626953125 0.36669921875 0.0126953125 0.0126953125