1 0.50146484375 0.42431640625 0.2861328125 0.181640625
1 0.494140625 0.58251953125 0.2880859375 0.181640625
2 0.4990234375 0.57958984375 0.2451171875 0.1650390625
3 0.5126953125 0.41259765625 0.0439453125 0.0302734375
0 0.5810546875 0.41015625 0.01953125 0.013671875
0 0.39990234375 0.439453125 0.0234375 0.0166015625
1 0.3017578125 0.45947265625 0.126953125 0.0849609375
1 0.94580078125 0.22216796875 0.1083984375 0.3876953125
1 0.982421875 0.24462890625 0.03515625 0.3583984375
0 0.99267578125 0.28515625 0.0146484375 0.029296875
1 0.5517578125 0.1162109375 0.32421875 0.103515625
3 0.4482421875 0.10595703125 0.0673828125 0.0458984375
3 0.5146484375 0.1103515625 0.0693359375 0.0478515625
3 0.5810546875 0.11279296875 0.0751953125 0.05078125
1 0.53955078125 0.04638671875 0.2919921875 0.0927734375
2 0.53857421875 0.04638671875 0.2841796875 0.0927734375
1 0.6982421875 0.05126953125 0.03515625 0.0751953125
1 0.48876953125 0.912109375 0.4013671875 0.17578125
1 0.56494140625 0.9814453125 0.2412109375 0.037109375
0 0.4765625 0.90380859375 0.0205078125 0.0146484375