1 0.57373046875 0.3896484375 0.447265625 0.3046875
1 0.7421875 0.4033203125 0.0947265625 0.0693359375
1 0.6982421875 0.51953125 0.1806640625 0.2431640625
1 0.66748046875 0.6572265625 0.0703125 0.09765625
1 0.45654296875 0.61474609375 0.4228515625 0.265625
1 0.29345703125 0.5234375 0.0927734375 0.068359375
1 0.3330078125 0.41162109375 0.162109375 0.2275390625
1 0.3720703125 0.26513671875 0.134765625 0.1376953125
1 0.4521484375 0.26171875 0.1162109375 0.0908203125
1 0.49609375 0.51123046875 0.357421875 0.2763671875
1 0.35205078125 0.32373046875 0.0283203125 0.021484375
1 0.5751953125 0.51708984375 0.03125 0.0283203125