1 0.4970703125 0.5712890625 0.33984375 0.2607421875
1 0.56689453125 0.45166015625 0.2939453125 0.271484375
1 0.78271484375 0.158203125 0.29296875 0.2783203125
1 0.693359375 0.10302734375 0.29296875 0.189453125
1 0.7294921875 0.07763671875 0.2255859375 0.1279296875
1 0.89013671875 0.20166015625 0.2197265625 0.3232421875
1 0.9248046875 0.23583984375 0.10546875 0.1181640625
1 0.93408203125 0.1845703125 0.1123046875 0.0849609375
3 0.8115234375 0.17431640625 0.046875 0.0458984375
3 0.4345703125 0.55615234375 0.048828125 0.0439453125
0 0.8779296875 0.12109375 0.0224609375 0.0244140625
0 0.583984375 0.50244140625 0.0166015625 0.0185546875
3 0.57861328125 0.4453125 0.021484375 0.0283203125
0 0.43798828125 0.486328125 0.01953125 0.017578125
1 0.2958984375 0.84619140625 0.421875 0.3076171875
1 0.53125 0.91064453125 0.275390625 0.1787109375
3 0.27783203125 0.8564453125 0.0517578125 0.048828125
3 0.24169921875 0.9130859375 0.0458984375 0.04296875