1 0.43212890625 0.50244140625 0.150390625 0.2880859375
1 0.576171875 0.51416015625 0.1875 0.2919921875
1 0.39697265625 0.87744140625 0.1474609375 0.2412109375
1 0.54296875 0.88330078125 0.189453125 0.2333984375
3 0.40673828125 0.39697265625 0.015625 0.0166015625
3 0.42138671875 0.51123046875 0.0302734375 0.0400390625
3 0.388671875 0.892578125 0.0263671875 0.0439453125
3 0.564453125 0.87255859375 0.025390625 0.0244140625
3 0.5595703125 0.91064453125 0.0283203125 0.0224609375
3 0.47705078125 0.53857421875 0.0166015625 0.015625
0 0.4033203125 0.79736328125 0.0126953125 0.0146484375