1 0.60498046875 0.5986328125 0.166015625 0.1533203125
1 0.4990234375 0.37890625 0.1953125 0.1201171875
1 0.49951171875 0.53125 0.1767578125 0.314453125
1 0.6123046875 0.44677734375 0.171875 0.279296875
2 0.49853515625 0.5029296875 0.1171875 0.16796875
2 0.611328125 0.44970703125 0.111328125 0.177734375
3 0.5537109375 0.47802734375 0.0751953125 0.1298828125
1 0.73486328125 0.31005859375 0.322265625 0.232421875
1 0.75732421875 0.4619140625 0.15625 0.197265625
1 0.86181640625 0.43359375 0.1953125 0.181640625
1 0.85595703125 0.3916015625 0.189453125 0.166015625
1 0.7109375 0.4697265625 0.1533203125 0.193359375
1 0.73193359375 0.3095703125 0.1591796875 0.1162109375