1 0.5078125 0.8359375 0.224609375 0.328125
1 0.34326171875 0.853515625 0.1650390625 0.29296875
1 0.30322265625 0.7783203125 0.1669921875 0.1376953125
1 0.3134765625 0.90380859375 0.16796875 0.1396484375
1 0.24853515625 0.984375 0.1787109375 0.03125
1 0.36376953125 0.9794921875 0.0712890625 0.041015625
1 0.4033203125 0.51025390625 0.2744140625 0.408203125
1 0.2451171875 0.52978515625 0.201171875 0.3935546875
1 0.154296875 0.06396484375 0.177734375 0.0859375
1 0.1748046875 0.15087890625 0.2099609375 0.1767578125
1 0.71240234375 0.3046875 0.255859375 0.208984375
1 0.70654296875 0.49853515625 0.212890625 0.25
1 0.755859375 0.52294921875 0.1025390625 0.1513671875
1 0.67578125 0.27587890625 0.052734375 0.05859375
3 0.68505859375 0.51025390625 0.0205078125 0.0380859375
1 0.89111328125 0.5234375 0.2177734375 0.298828125
3 0.7587890625 0.4296875 0.0244140625 0.0244140625
1 0.88671875 0.30908203125 0.2119140625 0.2080078125
3 0.7607421875 0.3193359375 0.037109375 0.0302734375
0 0.90869140625 0.27490234375 0.025390625 0.025390625
1 0.40869140625 0.37890625 0.0576171875 0.048828125
1 0.4296875 0.4697265625 0.060546875 0.0498046875
1 0.44580078125 0.55908203125 0.0537109375 0.0498046875
1 0.46240234375 0.63134765625 0.05859375 0.046875
1 0.52783203125 0.7412109375 0.0673828125 0.0439453125
1 0.53662109375 0.86962890625 0.068359375 0.0458984375
1 0.53515625 0.814453125 0.0634765625 0.0419921875
1 0.54150390625 0.9296875 0.0673828125 0.046875
1 0.2421875 0.61767578125 0.0517578125 0.046875
1 0.22265625 0.55810546875 0.0478515625 0.0439453125
1 0.208984375 0.50146484375 0.044921875 0.046875
1 0.1982421875 0.44140625 0.0478515625 0.0458984375
1 0.2451171875 0.68359375 0.0283203125 0.0478515625
3 0.29638671875 0.9921875 0.0263671875 0.015625