1 0.28662109375 0.47265625 0.2431640625 0.3046875
1 0.46630859375 0.3916015625 0.3095703125 0.349609375
3 0.45166015625 0.43896484375 0.041015625 0.033203125
1 0.263671875 0.24462890625 0.345703125 0.3974609375
3 0.42822265625 0.3681640625 0.037109375 0.02734375
1 0.63916015625 0.55419921875 0.306640625 0.4033203125
1 0.55859375 0.34765625 0.06640625 0.1435546875
1 0.54150390625 0.35009765625 0.0693359375 0.146484375
3 0.56494140625 0.3203125 0.044921875 0.0849609375
3 0.61376953125 0.3232421875 0.0986328125 0.140625
1 0.48583984375 0.6357421875 0.21484375 0.3564453125
0 0.60693359375 0.53515625 0.017578125 0.015625
3 0.61669921875 0.56884765625 0.0224609375 0.0185546875
3 0.6337890625 0.61181640625 0.021484375 0.021484375
0 0.564453125 0.478515625 0.0224609375 0.013671875
0 0.373046875 0.34423828125 0.0283203125 0.0283203125
0 0.4482421875 0.32373046875 0.01953125 0.0146484375
0 0.1796875 0.29541015625 0.0302734375 0.0263671875
0 0.55322265625 0.58154296875 0.013671875 0.0166015625
1 0.61279296875 0.80517578125 0.2578125 0.3466796875
1 0.78955078125 0.72998046875 0.30078125 0.38671875
3 0.759765625 0.72314453125 0.0341796875 0.0361328125
3 0.615234375 0.88623046875 0.0380859375 0.03125
3 0.5439453125 0.8232421875 0.0625 0.087890625
1 0.57177734375 0.82177734375 0.0439453125 0.09375
1 0.5986328125 0.80908203125 0.0634765625 0.1044921875
3 0.5185546875 0.62353515625 0.0234375 0.015625
1 0.5400390625 0.65625 0.0341796875 0.037109375
0 0.54541015625 0.66552734375 0.0224609375 0.0185546875
3 0.7255859375 0.46044921875 0.044921875 0.076171875
3 0.76904296875 0.4423828125 0.0888671875 0.099609375
3 0.21630859375 0.25341796875 0.0439453125 0.033203125
3 0.33544921875 0.19580078125 0.0380859375 0.0390625
3 0.388671875 0.2490234375 0.0625 0.0830078125
3 0.15087890625 0.064453125 0.033203125 0.0341796875
3 0.921875 0.654296875 0.064453125 0.140625
0 0.26611328125 0.38134765625 0.0234375 0.0595703125
0 0.2939453125 0.3642578125 0.025390625 0.0322265625
0 0.4365234375 0.619140625 0.01953125 0.021484375
0 0.46533203125 0.6923828125 0.015625 0.0126953125
0 0.10791015625 0.26806640625 0.0322265625 0.025390625
0 0.130859375 0.32861328125 0.0234375 0.025390625
0 0.07470703125 0.26171875 0.029296875 0.021484375
0 0.64599609375 0.71923828125 0.025390625 0.033203125
0 0.69140625 0.69384765625 0.0419921875 0.0244140625
0 0.56298828125 0.93408203125 0.0244140625 0.0244140625
0 0.68994140625 0.87158203125 0.021484375 0.01953125