1 0.4560546875 0.3955078125 0.1630859375 0.30859375
1 0.57666015625 0.38525390625 0.1318359375 0.302734375
1 0.509765625 0.265625 0.1025390625 0.0634765625
1 0.533203125 0.5166015625 0.0986328125 0.0546875
1 0.60400390625 0.79443359375 0.1328125 0.3037109375
1 0.47998046875 0.80078125 0.169921875 0.302734375
1 0.53271484375 0.67236328125 0.099609375 0.0576171875
1 0.55517578125 0.92236328125 0.0966796875 0.056640625
1 0.88916015625 0.45751953125 0.16796875 0.3037109375
1 0.91552734375 0.85205078125 0.1650390625 0.23828125
1 0.97412109375 0.4501953125 0.0517578125 0.29296875
2 0.9296875 0.515625 0.046875 0.115234375
0 0.83154296875 0.36376953125 0.0234375 0.0185546875
3 0.599609375 0.4111328125 0.0244140625 0.0234375
3 0.6259765625 0.77490234375 0.025390625 0.0224609375
3 0.61279296875 0.6630859375 0.017578125 0.01171875
3 0.4033203125 0.298828125 0.0185546875 0.0205078125