1 0.5419921875 0.51171875 0.2431640625 0.3203125
1 0.39501953125 0.46337890625 0.2177734375 0.3154296875
1 0.8955078125 0.5986328125 0.2021484375 0.1298828125
1 0.90673828125 0.50634765625 0.1865234375 0.1396484375
1 0.8251953125 0.5322265625 0.046875 0.0966796875
1 0.96240234375 0.63525390625 0.0556640625 0.0693359375
1 0.98388671875 0.43701171875 0.0322265625 0.1923828125
1 0.78076171875 0.91650390625 0.1787109375 0.1669921875
1 0.8779296875 0.93798828125 0.142578125 0.1240234375
3 0.38818359375 0.45263671875 0.0302734375 0.0380859375
0 0.3720703125 0.41259765625 0.01953125 0.0185546875
1 0.5234375 0.33642578125 0.166015625 0.09765625