1 0.3955078125 0.49658203125 0.1982421875 0.3095703125
1 0.54736328125 0.5126953125 0.169921875 0.3095703125
1 0.27294921875 0.0322265625 0.1240234375 0.0517578125
2 0.40185546875 0.02587890625 0.1279296875 0.0517578125
1 0.4033203125 0.0341796875 0.15625 0.068359375
2 0.50732421875 0.54541015625 0.046875 0.1650390625
0 0.57177734375 0.5224609375 0.0634765625 0.1357421875
1 0.8896484375 0.1181640625 0.12890625 0.169921875
1 0.90380859375 0.13330078125 0.1533203125 0.1455078125
0 0.9306640625 0.06591796875 0.02734375 0.0263671875
1 0.90478515625 0.048828125 0.046875 0.0224609375
1 0.94287109375 0.1298828125 0.0361328125 0.04296875
0 0.43603515625 0.5693359375 0.0224609375 0.0224609375
3 0.3974609375 0.52294921875 0.0234375 0.0185546875