1 0.4404296875 0.474609375 0.677734375 0.6171875
1 0.51708984375 0.3818359375 0.6845703125 0.599609375
1 0.05078125 0.07080078125 0.1015625 0.1416015625
1 0.0107421875 0.1484375 0.021484375 0.044921875
3 0.1943359375 0.310546875 0.044921875 0.046875
3 0.26953125 0.380859375 0.03125 0.03125
3 0.3671875 0.462890625 0.029296875 0.033203125
3 0.39501953125 0.484375 0.0439453125 0.044921875
3 0.46630859375 0.54833984375 0.0341796875 0.0341796875
3 0.5693359375 0.63330078125 0.046875 0.0458984375
3 0.78173828125 0.5712890625 0.0322265625 0.029296875
3 0.68798828125 0.49560546875 0.0458984375 0.0439453125
3 0.5859375 0.4052734375 0.029296875 0.025390625
3 0.4873046875 0.3212890625 0.029296875 0.02734375
3 0.3896484375 0.23876953125 0.033203125 0.0302734375
3 0.2958984375 0.15869140625 0.046875 0.0439453125
0 0.42724609375 0.3388671875 0.0185546875 0.015625
0 0.22607421875 0.13818359375 0.0126953125 0.0087890625
0 0.4873046875 0.47021484375 0.0234375 0.0244140625
0 0.6220703125 0.50732421875 0.013671875 0.0146484375
0 0.79931640625 0.6396484375 0.0146484375 0.015625
3 0.0185546875 0.02685546875 0.037109375 0.0341796875