1 0.3857421875 0.41162109375 0.771484375 0.3115234375
2 0.11865234375 0.45263671875 0.0400390625 0.1865234375
2 0.19140625 0.44921875 0.044921875 0.1796875
2 0.2666015625 0.4462890625 0.04296875 0.18359375
2 0.34375 0.43896484375 0.044921875 0.1884765625
2 0.4130859375 0.4345703125 0.046875 0.18359375
3 0.4951171875 0.40185546875 0.04296875 0.0283203125
3 0.498046875 0.50244140625 0.0390625 0.0361328125
3 0.6591796875 0.4150390625 0.037109375 0.033203125
3 0.046875 0.5341796875 0.05078125 0.0390625
3 0.03466796875 0.43359375 0.0458984375 0.033203125
0 0.2255859375 0.35205078125 0.451171875 0.0771484375
0 0.626953125 0.3857421875 0.021484375 0.025390625
0 0.60595703125 0.43212890625 0.0205078125 0.0166015625
1 0.95654296875 0.4423828125 0.0869140625 0.30859375
1 0.845703125 0.0146484375 0.109375 0.029296875
1 0.927734375 0.01123046875 0.0625 0.0224609375
1 0.33154296875 0.93310546875 0.1123046875 0.1337890625
1 0.728515625 0.955078125 0.291015625 0.078125
1 0.9375 0.93701171875 0.125 0.0615234375