1 0.64599609375 0.5849609375 0.7080078125 0.787109375
1 0.68603515625 0.45458984375 0.6279296875 0.7158203125
1 0.5439453125 0.29833984375 0.15625 0.15234375
1 0.67333984375 0.39306640625 0.154296875 0.1513671875
1 0.8740234375 0.5419921875 0.15234375 0.1513671875
1 0.9599609375 0.6279296875 0.080078125 0.119140625
3 0.94677734375 0.77197265625 0.041015625 0.0390625
3 0.80712890625 0.669921875 0.0322265625 0.03125
3 0.56298828125 0.48779296875 0.0322265625 0.0341796875
3 0.42578125 0.384765625 0.0341796875 0.0322265625
0 0.91943359375 0.80712890625 0.0244140625 0.0244140625
0 0.73095703125 0.662109375 0.0146484375 0.013671875
0 0.57080078125 0.54541015625 0.0283203125 0.0205078125
0 0.3984375 0.41943359375 0.0263671875 0.0244140625
1 0.85595703125 0.16357421875 0.216796875 0.20703125
1 0.82568359375 0.0654296875 0.2333984375 0.130859375
3 0.77587890625 0.04345703125 0.0400390625 0.037109375
3 0.8349609375 0.18896484375 0.0390625 0.0380859375
1 0.90380859375 0.15966796875 0.1103515625 0.1123046875
3 0.85205078125 0.0234375 0.025390625 0.021484375
3 0.8857421875 0.01318359375 0.0234375 0.017578125