1 0.42822265625 0.5576171875 0.2509765625 0.4228515625
1 0.2998046875 0.57080078125 0.19921875 0.41796875
1 0.44921875 0.47998046875 0.0859375 0.1044921875
1 0.46435546875 0.6298828125 0.0869140625 0.1025390625
1 0.2783203125 0.62451171875 0.0712890625 0.095703125
1 0.2666015625 0.52392578125 0.0693359375 0.091796875
3 0.39892578125 0.48486328125 0.0341796875 0.037109375
3 0.41455078125 0.63427734375 0.0361328125 0.0380859375
3 0.33447265625 0.7001953125 0.0517578125 0.07421875
2 0.28955078125 0.453125 0.1259765625 0.17578125
0 0.44140625 0.5478515625 0.017578125 0.0185546875
0 0.44482421875 0.56689453125 0.015625 0.013671875
0 0.310546875 0.5498046875 0.021484375 0.025390625
0 0.3408203125 0.55224609375 0.01953125 0.03125
1 0.88330078125 0.4423828125 0.2333984375 0.423828125
1 0.912109375 0.36376953125 0.0849609375 0.103515625
1 0.92724609375 0.5166015625 0.083984375 0.103515625
3 0.87744140625 0.51904296875 0.03515625 0.0361328125
3 0.8603515625 0.36962890625 0.037109375 0.037109375
3 0.794921875 0.5849609375 0.048828125 0.07421875
3 0.77001953125 0.32373046875 0.0517578125 0.07421875
3 0.73046875 0.40869140625 0.0732421875 0.099609375
3 0.73974609375 0.51123046875 0.0703125 0.0986328125
0 0.9052734375 0.43310546875 0.0126953125 0.015625
0 0.90771484375 0.4501953125 0.0146484375 0.0146484375