1 0.4287109375 0.5615234375 0.271484375 0.2294921875
1 0.48779296875 0.59912109375 0.189453125 0.2841796875
1 0.52001953125 0.52294921875 0.3037109375 0.2763671875
1 0.60791015625 0.4228515625 0.283203125 0.271484375
0 0.56689453125 0.42529296875 0.0322265625 0.0302734375
3 0.408203125 0.5322265625 0.0400390625 0.0380859375
3 0.52099609375 0.63134765625 0.03515625 0.03125
1 0.30126953125 0.1923828125 0.06640625 0.07421875
1 0.34521484375 0.2431640625 0.0625 0.0791015625
1 0.35302734375 0.18994140625 0.0576171875 0.0556640625
1 0.29296875 0.2470703125 0.0576171875 0.0546875