1 0.58935546875 0.30224609375 0.2744140625 0.2685546875
1 0.4189453125 0.4365234375 0.2734375 0.267578125
2 0.44287109375 0.42529296875 0.0830078125 0.1748046875
2 0.4052734375 0.4404296875 0.08984375 0.171875
2 0.36767578125 0.45361328125 0.0908203125 0.1708984375
2 0.607421875 0.287109375 0.091796875 0.173828125
2 0.57080078125 0.30322265625 0.0908203125 0.1708984375
2 0.53173828125 0.31640625 0.0927734375 0.173828125
1 0.80126953125 0.89404296875 0.2470703125 0.1552734375
2 0.83837890625 0.900390625 0.0576171875 0.1015625
2 0.7998046875 0.91064453125 0.060546875 0.0947265625
2 0.76171875 0.921875 0.05859375 0.0859375