1 0.53369140625 0.54541015625 0.3408203125 0.3916015625
1 0.43701171875 0.45166015625 0.3623046875 0.390625
1 0.42578125 0.4248046875 0.189453125 0.1181640625
1 0.47216796875 0.37109375 0.1259765625 0.1865234375
3 0.54443359375 0.55029296875 0.0458984375 0.0546875
0 0.48583984375 0.5224609375 0.03125 0.03125
1 0.97607421875 0.17529296875 0.0478515625 0.1962890625
1 0.923828125 0.11865234375 0.15234375 0.1455078125
1 0.40771484375 0.50341796875 0.015625 0.0166015625
1 0.52392578125 0.47216796875 0.0146484375 0.0185546875
1 0.892578125 0.66455078125 0.2109375 0.2783203125
2 0.89990234375 0.681640625 0.17578125 0.1669921875
1 0.82861328125 0.771484375 0.306640625 0.2939453125
2 0.85546875 0.765625 0.2509765625 0.251953125
0 0.8603515625 0.6796875 0.0400390625 0.0419921875
1 0.4736328125 0.81884765625 0.0966796875 0.08984375
1 0.49853515625 0.79052734375 0.09375 0.0888671875
1 0.896484375 0.9072265625 0.060546875 0.1083984375
1 0.9287109375 0.92578125 0.0498046875 0.134765625
1 0.078125 0.80810546875 0.15625 0.2861328125
1 0.01953125 0.75439453125 0.0302734375 0.0283203125
1 0.02001953125 0.76806640625 0.0341796875 0.0234375
1 0.06103515625 0.8798828125 0.0302734375 0.029296875
1 0.06103515625 0.89404296875 0.0341796875 0.02734375
1 0.01611328125 0.85498046875 0.0322265625 0.1611328125
1 0.07421875 0.12890625 0.087890625 0.2578125