1 0.44873046875 0.52392578125 0.3427734375 0.3017578125
1 0.50927734375 0.4111328125 0.3232421875 0.2578125
1 0.45068359375 0.5185546875 0.1162109375 0.126953125
1 0.64404296875 0.3994140625 0.1103515625 0.177734375
1 0.68701171875 0.43017578125 0.1474609375 0.1630859375
1 0.7421875 0.48876953125 0.1484375 0.1552734375
1 0.77294921875 0.439453125 0.1689453125 0.109375
1 0.4990234375 0.3916015625 0.107421875 0.099609375
0 0.37353515625 0.37060546875 0.0283203125 0.0263671875
0 0.5615234375 0.43212890625 0.029296875 0.0283203125
0 0.78173828125 0.43212890625 0.0205078125 0.0205078125