1 0.92724609375 0.470703125 0.14453125 0.3271484375
1 0.82177734375 0.48486328125 0.1513671875 0.3154296875
1 0.81494140625 0.48388671875 0.0751953125 0.0947265625
3 0.9189453125 0.4765625 0.029296875 0.029296875
1 0.56103515625 0.48193359375 0.146484375 0.3251953125
1 0.453125 0.4951171875 0.1484375 0.318359375
1 0.435546875 0.4638671875 0.0517578125 0.1005859375
1 0.19580078125 0.45947265625 0.1494140625 0.3291015625
1 0.08251953125 0.470703125 0.150390625 0.314453125
1 0.08203125 0.47021484375 0.0751953125 0.0908203125
3 0.20751953125 0.3818359375 0.0244140625 0.015625
3 0.21728515625 0.4560546875 0.0283203125 0.0263671875
0 0.2314453125 0.55224609375 0.0234375 0.0244140625
3 0.58544921875 0.4501953125 0.0244140625 0.0205078125
0 0.59619140625 0.57373046875 0.021484375 0.0234375
0 0.96484375 0.5693359375 0.0185546875 0.0185546875