1 0.46044921875 0.54150390625 0.24609375 0.13671875
1 0.58544921875 0.46630859375 0.13671875 0.2998046875
1 0.447265625 0.46533203125 0.1748046875 0.1142578125
1 0.4873046875 0.462890625 0.1064453125 0.1259765625
1 0.4541015625 0.3662109375 0.134765625 0.14453125
1 0.53564453125 0.416015625 0.107421875 0.228515625
1 0.9521484375 0.79638671875 0.03125 0.076171875
1 0.94189453125 0.693359375 0.091796875 0.1611328125
1 0.7109375 0.8857421875 0.2158203125 0.208984375
2 0.74462890625 0.87841796875 0.1435546875 0.169921875
1 0.46142578125 0.86572265625 0.1337890625 0.2685546875
1 0.3310546875 0.93994140625 0.2314453125 0.109375
1 0.322265625 0.8798828125 0.1787109375 0.1162109375
1 0.36376953125 0.8779296875 0.1103515625 0.1259765625
1 0.408203125 0.8271484375 0.11328125 0.2275390625
0 0.4765625 0.8583984375 0.0263671875 0.0322265625
3 0.3701171875 0.953125 0.03125 0.0302734375
3 0.35693359375 0.85791015625 0.037109375 0.0380859375
0 0.537109375 0.580078125 0.0185546875 0.017578125
3 0.49853515625 0.54052734375 0.029296875 0.03125
3 0.48486328125 0.44677734375 0.0439453125 0.0478515625
0 0.60205078125 0.4443359375 0.033203125 0.041015625
1 0.36376953125 0.11474609375 0.24609375 0.134765625
1 0.3486328125 0.046875 0.17578125 0.09375
1 0.38916015625 0.04638671875 0.1005859375 0.0927734375
1 0.42236328125 0.048828125 0.0751953125 0.09765625
1 0.34228515625 0.0048828125 0.1044921875 0.009765625
3 0.38671875 0.0224609375 0.044921875 0.044921875
3 0.3984375 0.1171875 0.0283203125 0.03125
3 0.435546875 0.154296875 0.0146484375 0.015625
3 0.505859375 0.0078125 0.0166015625 0.015625
1 0.0380859375 0.77392578125 0.076171875 0.1005859375
1 0.08349609375 0.681640625 0.1376953125 0.29296875
1 0.04296875 0.63623046875 0.0859375 0.2255859375
1 0.01904296875 0.68115234375 0.0380859375 0.1201171875
1 0.0166015625 0.7119140625 0.033203125 0.05859375
3 0.0048828125 0.759765625 0.009765625 0.025390625
3 0.0966796875 0.66259765625 0.0283203125 0.0390625
0 0.03271484375 0.7958984375 0.017578125 0.017578125