1 0.73388671875 0.36572265625 0.3212890625 0.2373046875
1 0.68798828125 0.587890625 0.38671875 0.4609375
1 0.5927734375 0.8671875 0.25390625 0.265625
1 0.4169921875 0.84521484375 0.30859375 0.3095703125
1 0.39501953125 0.93603515625 0.2646484375 0.1279296875
1 0.51806640625 0.49365234375 0.3427734375 0.546875
0 0.640625 0.4560546875 0.025390625 0.0234375
0 0.56640625 0.5859375 0.03125 0.0283203125
0 0.49560546875 0.71728515625 0.03125 0.025390625
0 0.68212890625 0.5009765625 0.0302734375 0.025390625
0 0.61328125 0.6337890625 0.0361328125 0.0283203125
0 0.5029296875 0.90869140625 0.0283203125 0.0263671875
0 0.48046875 0.87841796875 0.0302734375 0.0263671875
3 0.5234375 0.796875 0.04296875 0.03515625
3 0.4140625 0.88671875 0.04296875 0.037109375
3 0.38427734375 0.97119140625 0.04296875 0.0390625
3 0.447265625 0.96630859375 0.037109375 0.0458984375
3 0.54248046875 0.94921875 0.0595703125 0.05859375
1 0.1298828125 0.21875 0.24609375 0.4375
1 0.1640625 0.01416015625 0.19921875 0.0283203125
3 0.138671875 0.02587890625 0.0546875 0.0517578125