1 0.1171875 0.33935546875 0.201171875 0.3330078125
1 0.21826171875 0.3720703125 0.2021484375 0.3203125
1 0.4970703125 0.3818359375 0.341796875 0.359375
1 0.3984375 0.62744140625 0.33203125 0.3076171875
1 0.6142578125 0.68408203125 0.267578125 0.2314453125
1 0.515625 0.7734375 0.083984375 0.06640625
1 0.77294921875 0.74658203125 0.2314453125 0.2294921875
1 0.8720703125 0.58642578125 0.255859375 0.2861328125
1 0.88916015625 0.84912109375 0.1728515625 0.3017578125
1 0.69482421875 0.49755859375 0.2607421875 0.2802734375
1 0.5009765625 0.41015625 0.15234375 0.15234375
1 0.7041015625 0.486328125 0.1484375 0.138671875
1 0.423828125 0.6123046875 0.14453125 0.1171875
1 0.61376953125 0.7001953125 0.1474609375 0.126953125
1 0.7724609375 0.78271484375 0.1171875 0.1083984375
0 0.2177734375 0.44775390625 0.0234375 0.0224609375
0 0.47412109375 0.45849609375 0.0361328125 0.0439453125
3 0.9072265625 0.8232421875 0.0234375 0.02734375
0 0.8359375 0.82080078125 0.025390625 0.0263671875
0 0.404296875 0.33203125 0.021484375 0.033203125
0 0.64794921875 0.4296875 0.0322265625 0.03125
3 0.875 0.66259765625 0.046875 0.0439453125
3 0.861328125 0.7275390625 0.03125 0.02734375
3 0.66845703125 0.75 0.0205078125 0.02734375
3 0.53564453125 0.69580078125 0.0244140625 0.0185546875
3 0.525390625 0.60986328125 0.029296875 0.0263671875
3 0.46484375 0.57666015625 0.021484375 0.0205078125
3 0.7255859375 0.53662109375 0.0234375 0.0205078125
0 0.70361328125 0.6826171875 0.0166015625 0.015625
0 0.67333984375 0.65673828125 0.0205078125 0.0185546875
0 0.31591796875 0.564453125 0.0224609375 0.02734375
0 0.20654296875 0.482421875 0.0185546875 0.01953125