1 0.654296875 0.39892578125 0.17578125 0.4072265625
1 0.701171875 0.40478515625 0.041015625 0.2080078125
1 0.525390625 0.39208984375 0.125 0.3974609375
2 0.51708984375 0.49951171875 0.1083984375 0.1767578125
2 0.53466796875 0.28369140625 0.1025390625 0.1767578125
1 0.4052734375 0.38623046875 0.14453125 0.1728515625
1 0.48974609375 0.39208984375 0.0361328125 0.1787109375
3 0.64697265625 0.32763671875 0.0361328125 0.0302734375
0 0.65234375 0.37109375 0.015625 0.009765625
0 0.64453125 0.427734375 0.01953125 0.015625
3 0.6376953125 0.47021484375 0.029296875 0.0341796875
1 0.52490234375 0.77001953125 0.2080078125 0.0439453125
1 0.50830078125 0.8359375 0.2294921875 0.126953125
1 0.49951171875 0.9404296875 0.2099609375 0.119140625
3 0.4736328125 0.82470703125 0.02734375 0.0283203125
3 0.4609375 0.9521484375 0.01953125 0.03125
0 0.515625 0.916015625 0.025390625 0.0234375
0 0.60107421875 0.81640625 0.0146484375 0.01171875