1 0.599609375 0.5146484375 0.3154296875 0.3623046875
1 0.46435546875 0.4609375 0.345703125 0.3564453125
1 0.421875 0.86767578125 0.375 0.2646484375
1 0.34765625 0.9228515625 0.349609375 0.154296875
1 0.33837890625 0.7685546875 0.2353515625 0.1904296875
1 0.74560546875 0.15283203125 0.3037109375 0.3056640625
1 0.62939453125 0.11328125 0.2724609375 0.2265625
1 0.75146484375 0.01025390625 0.1220703125 0.0205078125
0 0.4853515625 0.47412109375 0.0361328125 0.03515625
0 0.74267578125 0.1025390625 0.0400390625 0.0419921875
0 0.677734375 0.19970703125 0.017578125 0.021484375
0 0.37890625 0.9794921875 0.04296875 0.041015625
0 0.3984375 0.8349609375 0.037109375 0.041015625
3 0.625 0.03515625 0.0439453125 0.0439453125