1 0.75634765625 0.861328125 0.294921875 0.26953125
1 0.70458984375 0.90673828125 0.220703125 0.1806640625
1 0.8359375 0.77978515625 0.3017578125 0.2685546875
1 0.87939453125 0.681640625 0.2412109375 0.314453125
0 0.9560546875 0.8271484375 0.0302734375 0.0302734375
0 0.771484375 0.68115234375 0.02734375 0.0283203125
1 0.91845703125 0.56103515625 0.1630859375 0.2158203125
1 0.54248046875 0.66748046875 0.2177734375 0.2275390625
1 0.6845703125 0.478515625 0.298828125 0.3330078125
1 0.47509765625 0.56396484375 0.2353515625 0.2529296875
1 0.38330078125 0.49658203125 0.25390625 0.267578125
1 0.42236328125 0.60546875 0.0732421875 0.08203125
1 0.4541015625 0.6298828125 0.07421875 0.0849609375
0 0.47509765625 0.50537109375 0.029296875 0.03125
3 0.603515625 0.56494140625 0.02734375 0.0302734375
0 0.6328125 0.61474609375 0.0244140625 0.0263671875
0 0.6416015625 0.51123046875 0.033203125 0.03515625
1 0.61767578125 0.37109375 0.2197265625 0.255859375
1 0.6904296875 0.34716796875 0.0693359375 0.0673828125
1 0.68212890625 0.34326171875 0.0537109375 0.076171875
1 0.52880859375 0.3232421875 0.2802734375 0.26953125
1 0.56640625 0.20703125 0.09765625 0.08984375
1 0.5546875 0.1982421875 0.076171875 0.1044921875
1 0.34912109375 0.19091796875 0.3994140625 0.3818359375
1 0.4443359375 0.18115234375 0.1015625 0.154296875
1 0.45947265625 0.1953125 0.1259765625 0.1220703125
1 0.31884765625 0.1318359375 0.0595703125 0.09765625
1 0.3271484375 0.140625 0.0791015625 0.0791015625
1 0.1904296875 0.1025390625 0.2236328125 0.19140625
0 0.2294921875 0.1494140625 0.0439453125 0.05078125
1 0.205078125 0.36767578125 0.380859375 0.3662109375
0 0.224609375 0.2001953125 0.0244140625 0.03125
0 0.26611328125 0.22900390625 0.0234375 0.03125
0 0.30908203125 0.26171875 0.0283203125 0.033203125
0 0.37548828125 0.31396484375 0.0244140625 0.0263671875
0 0.3271484375 0.31494140625 0.0341796875 0.044921875
0 0.267578125 0.2705078125 0.029296875 0.0302734375
3 0.197265625 0.27783203125 0.0341796875 0.0341796875
3 0.2578125 0.32861328125 0.03515625 0.0361328125
3 0.3232421875 0.37548828125 0.03515625 0.0390625
1 0.07666015625 0.2451171875 0.1533203125 0.220703125
1 0.0390625 0.2841796875 0.078125 0.107421875
1 0.22900390625 0.0205078125 0.0517578125 0.0244140625
1 0.21044921875 0.02099609375 0.0244140625 0.0234375
1 0.0908203125 0.07568359375 0.181640625 0.1298828125
1 0.0419921875 0.1484375 0.083984375 0.185546875
1 0.08203125 0.02978515625 0.0361328125 0.0322265625
1 0.03662109375 0.056640625 0.025390625 0.02734375
1 0.14013671875 0.1455078125 0.015625 0.021484375
1 0.24365234375 0.0615234375 0.015625 0.0185546875
0 0.55810546875 0.31884765625 0.0185546875 0.021484375
0 0.6748046875 0.30908203125 0.015625 0.0166015625
0 0.45654296875 0.39794921875 0.0224609375 0.0322265625
1 0.24951171875 0.44873046875 0.09375 0.076171875
1 0.2626953125 0.4541015625 0.0654296875 0.0927734375
1 0.162109375 0.3798828125 0.08984375 0.0869140625
1 0.1748046875 0.3857421875 0.0703125 0.0986328125
1 0.1083984375 0.333984375 0.0888671875 0.0791015625
1 0.12353515625 0.34423828125 0.06640625 0.091796875
1 0.28271484375 0.81640625 0.3994140625 0.3671875
1 0.23193359375 0.83349609375 0.373046875 0.3046875
1 0.212890625 0.875 0.408203125 0.25
1 0.12109375 0.92919921875 0.216796875 0.1416015625
1 0.04931640625 0.6875 0.08984375 0.1240234375
1 0.03076171875 0.76953125 0.0400390625 0.0810546875
1 0.05126953125 0.62451171875 0.0986328125 0.107421875
0 0.07373046875 0.84130859375 0.02734375 0.0341796875
0 0.15673828125 0.8955078125 0.025390625 0.02734375
0 0.2412109375 0.9521484375 0.0302734375 0.033203125
0 0.1826171875 0.87255859375 0.0146484375 0.017578125
0 0.236328125 0.89794921875 0.0126953125 0.01953125
0 0.2119140625 0.84912109375 0.015625 0.0166015625
0 0.04296875 0.96240234375 0.0166015625 0.0244140625
1 0.95361328125 0.31591796875 0.0869140625 0.2080078125