1 0.94775390625 0.58837890625 0.1044921875 0.2373046875
1 0.88818359375 0.818359375 0.2060546875 0.30078125
1 0.7548828125 0.73291015625 0.2890625 0.2744140625
1 0.83154296875 0.533203125 0.259765625 0.2802734375
1 0.6748046875 0.47900390625 0.18359375 0.2490234375
1 0.6064453125 0.66064453125 0.205078125 0.2197265625
1 0.5556640625 0.43408203125 0.185546875 0.25390625
1 0.47998046875 0.6162109375 0.2236328125 0.2177734375
1 0.478515625 0.6513671875 0.091796875 0.0830078125
1 0.37646484375 0.53662109375 0.193359375 0.15234375
1 0.359375 0.53759765625 0.0625 0.0751953125
1 0.17626953125 0.50244140625 0.283203125 0.1376953125
1 0.18408203125 0.30712890625 0.2900390625 0.4384765625
1 0.1435546875 0.19677734375 0.263671875 0.1669921875
1 0.15576171875 0.080078125 0.2568359375 0.16015625
1 0.404296875 0.2880859375 0.2587890625 0.341796875
1 0.3896484375 0.416015625 0.228515625 0.15625
0 0.08154296875 0.48193359375 0.0244140625 0.0205078125
0 0.25341796875 0.40576171875 0.0244140625 0.0263671875
0 0.34130859375 0.43359375 0.0263671875 0.029296875
0 0.44287109375 0.3916015625 0.033203125 0.033203125
0 0.41259765625 0.3916015625 0.033203125 0.033203125
0 0.60400390625 0.552734375 0.0263671875 0.029296875
0 0.58203125 0.54443359375 0.025390625 0.0263671875
0 0.63671875 0.50048828125 0.029296875 0.0302734375
0 0.75048828125 0.509765625 0.02734375 0.029296875