1 0.560546875 0.54248046875 0.337890625 0.2177734375
1 0.52392578125 0.42431640625 0.341796875 0.208984375
1 0.4794921875 0.74169921875 0.095703125 0.150390625
1 0.53564453125 0.71533203125 0.087890625 0.1591796875
1 0.482421875 0.6591796875 0.1103515625 0.0458984375
1 0.24560546875 0.47265625 0.0830078125 0.056640625
1 0.2333984375 0.43798828125 0.0791015625 0.052734375
3 0.54052734375 0.564453125 0.03515625 0.03125
3 0.49853515625 0.42333984375 0.029296875 0.02734375
0 0.58447265625 0.37646484375 0.0224609375 0.01953125
0 0.53515625 0.74169921875 0.0166015625 0.017578125