1 0.8603515625 0.7060546875 0.234375 0.33984375
1 0.763671875 0.6611328125 0.236328125 0.3271484375
1 0.49072265625 0.6171875 0.365234375 0.3818359375
1 0.61669921875 0.38623046875 0.3515625 0.3310546875
1 0.4091796875 0.30419921875 0.283203125 0.248046875
1 0.517578125 0.22705078125 0.087890625 0.0732421875
1 0.259765625 0.220703125 0.248046875 0.244140625
1 0.14013671875 0.36669921875 0.2783203125 0.30859375
1 0.1552734375 0.1298828125 0.19921875 0.259765625
1 0.30615234375 0.4794921875 0.28125 0.296875
1 0.48876953125 0.58935546875 0.1630859375 0.1640625
1 0.2958984375 0.48779296875 0.158203125 0.1494140625
1 0.58984375 0.39794921875 0.1513671875 0.12890625
1 0.4111328125 0.28662109375 0.15625 0.1376953125
1 0.2646484375 0.18603515625 0.125 0.1171875
0 0.7734375 0.58642578125 0.0263671875 0.025390625
0 0.52099609375 0.54443359375 0.041015625 0.044921875
3 0.13525390625 0.1298828125 0.025390625 0.02734375
0 0.20556640625 0.14013671875 0.0263671875 0.0283203125
0 0.57470703125 0.6796875 0.0244140625 0.0341796875
0 0.34375 0.5517578125 0.0341796875 0.033203125
3 0.14697265625 0.29345703125 0.0498046875 0.046875
3 0.1689453125 0.23095703125 0.033203125 0.029296875
3 0.36279296875 0.2314453125 0.0224609375 0.0283203125
3 0.48876953125 0.30126953125 0.025390625 0.0205078125
3 0.48681640625 0.38818359375 0.03125 0.0283203125
3 0.544921875 0.4287109375 0.0234375 0.021484375
3 0.28125 0.435546875 0.0244140625 0.0224609375
0 0.32080078125 0.2939453125 0.0185546875 0.017578125
0 0.34716796875 0.32373046875 0.021484375 0.0205078125
0 0.68994140625 0.45849609375 0.0244140625 0.029296875
0 0.78955078125 0.5537109375 0.0205078125 0.021484375