1 0.5185546875 0.52880859375 0.20703125 0.3193359375
2 0.52294921875 0.52587890625 0.1650390625 0.3037109375
1 0.63330078125 0.50732421875 0.1318359375 0.3154296875
1 0.693359375 0.4951171875 0.09375 0.30859375
0 0.6923828125 0.54736328125 0.017578125 0.0205078125
1 0.640625 0.49267578125 0.037109375 0.0400390625
3 0.63525390625 0.45703125 0.0166015625 0.013671875
1 0.94482421875 0.34326171875 0.1103515625 0.3017578125
3 0.96435546875 0.3984375 0.0244140625 0.03515625
3 0.96728515625 0.31787109375 0.0361328125 0.0419921875
1 0.916015625 0.53125 0.095703125 0.072265625
1 0.78466796875 0.82470703125 0.1552734375 0.1083984375
1 0.76220703125 0.775390625 0.1591796875 0.111328125
1 0.90087890625 0.8330078125 0.0595703125 0.10546875
1 0.955078125 0.890625 0.0625 0.21875
1 0.39794921875 0.783203125 0.0888671875 0.09765625
1 0.15380859375 0.892578125 0.1943359375 0.16015625
1 0.1416015625 0.9609375 0.171875 0.05078125
1 0.2978515625 0.90283203125 0.1484375 0.1806640625