1 0.62939453125 0.50341796875 0.4912109375 0.5009765625
1 0.412109375 0.8115234375 0.490234375 0.376953125
3 0.5771484375 0.47021484375 0.0390625 0.0400390625
3 0.53271484375 0.43017578125 0.0263671875 0.0283203125
3 0.35498046875 0.8408203125 0.0419921875 0.04296875
3 0.314453125 0.80224609375 0.02734375 0.0263671875
0 0.28173828125 0.8427734375 0.0205078125 0.0234375
0 0.33740234375 0.94921875 0.0263671875 0.029296875
0 0.4609375 0.80029296875 0.0234375 0.0263671875
0 0.3505859375 0.763671875 0.0234375 0.021484375
0 0.5654296875 0.5732421875 0.025390625 0.02734375
0 0.50390625 0.47265625 0.025390625 0.02734375
0 0.56591796875 0.39013671875 0.0224609375 0.0263671875
0 0.67578125 0.42578125 0.021484375 0.025390625