1 0.58544921875 0.50732421875 0.154296875 0.3076171875
1 0.59716796875 0.5517578125 0.1064453125 0.0947265625
1 0.5859375 0.4580078125 0.111328125 0.1201171875
1 0.46923828125 0.51953125 0.1552734375 0.3095703125
1 0.18212890625 0.6552734375 0.318359375 0.1728515625
1 0.1630859375 0.5126953125 0.3251953125 0.1884765625
1 0.2041015625 0.50390625 0.1025390625 0.154296875
1 0.11572265625 0.51416015625 0.1103515625 0.1572265625
3 0.1962890625 0.66015625 0.0234375 0.029296875
0 0.21240234375 0.56884765625 0.0234375 0.0205078125
2 0.26220703125 0.53515625 0.068359375 0.0615234375
2 0.26318359375 0.46337890625 0.0947265625 0.083984375
2 0.0732421875 0.52294921875 0.146484375 0.1552734375
1 0.48388671875 0.919921875 0.4013671875 0.16015625
0 0.44775390625 0.501953125 0.0263671875 0.021484375
3 0.455078125 0.537109375 0.025390625 0.0283203125
0 0.4638671875 0.6474609375 0.015625 0.0166015625
0 0.49609375 0.564453125 0.0126953125 0.0087890625