1 0.5859375 0.62841796875 0.232421875 0.3447265625
1 0.44287109375 0.5927734375 0.2529296875 0.3251953125
3 0.45654296875 0.609375 0.0498046875 0.046875
3 0.42578125 0.4970703125 0.0439453125 0.0458984375
0 0.61572265625 0.6240234375 0.0244140625 0.025390625
0 0.38916015625 0.62841796875 0.0166015625 0.0185546875
0 0.40087890625 0.5205078125 0.0224609375 0.0224609375
0 0.52197265625 0.486328125 0.017578125 0.01953125
1 0.12060546875 0.47265625 0.2412109375 0.333984375
1 0.03662109375 0.4443359375 0.0732421875 0.28125
1 0.13232421875 0.4375 0.1572265625 0.1181640625
1 0.1298828125 0.412109375 0.150390625 0.0712890625
0 0.16748046875 0.49951171875 0.0263671875 0.0263671875