1 0.44970703125 0.4755859375 0.3828125 0.3857421875
1 0.5068359375 0.58642578125 0.345703125 0.3369140625
1 0.45068359375 0.48095703125 0.1416015625 0.1494140625
1 0.64990234375 0.60400390625 0.142578125 0.1884765625
1 0.68603515625 0.56689453125 0.1865234375 0.1865234375
1 0.74169921875 0.51123046875 0.173828125 0.19140625
1 0.775390625 0.55908203125 0.1787109375 0.14453125
1 0.49951171875 0.60791015625 0.125 0.12109375
0 0.37353515625 0.62890625 0.033203125 0.033203125
0 0.56103515625 0.56689453125 0.03515625 0.03515625
0 0.7822265625 0.56689453125 0.025390625 0.0244140625