1 0.544921875 0.4228515625 0.314453125 0.3984375
1 0.36865234375 0.47705078125 0.2705078125 0.4013671875
1 0.34423828125 0.43212890625 0.1962890625 0.1474609375
1 0.36669921875 0.5498046875 0.1572265625 0.19140625
2 0.35400390625 0.3427734375 0.0908203125 0.08203125
2 0.45654296875 0.5859375 0.0751953125 0.1015625
3 0.5888671875 0.47216796875 0.04296875 0.0419921875
3 0.5478515625 0.35791015625 0.0546875 0.0458984375
1 0.6943359375 0.84228515625 0.298828125 0.3154296875
3 0.71435546875 0.81787109375 0.0517578125 0.0517578125
3 0.748046875 0.93017578125 0.0546875 0.0458984375
0 0.59521484375 0.3916015625 0.0185546875 0.017578125
0 0.607421875 0.41552734375 0.017578125 0.0185546875
0 0.42236328125 0.45751953125 0.0341796875 0.0478515625
0 0.45166015625 0.51904296875 0.0244140625 0.0205078125
0 0.41064453125 0.3955078125 0.0263671875 0.021484375
1 0.51318359375 0.87060546875 0.2509765625 0.2587890625
1 0.5048828125 0.90283203125 0.193359375 0.1298828125
1 0.51806640625 0.95556640625 0.1689453125 0.0888671875
0 0.53515625 0.77099609375 0.021484375 0.0244140625