1 0.52392578125 0.41650390625 0.2412109375 0.212890625
1 0.55517578125 0.5380859375 0.2587890625 0.2275390625
1 0.69482421875 0.24609375 0.3427734375 0.3837890625
1 0.74267578125 0.49755859375 0.3896484375 0.3994140625
1 0.84130859375 0.638671875 0.2021484375 0.173828125
1 0.8486328125 0.7265625 0.2109375 0.1689453125
1 0.6796875 0.72265625 0.2138671875 0.154296875
1 0.6669921875 0.65625 0.19921875 0.1484375
3 0.6806640625 0.47314453125 0.06640625 0.052734375
0 0.71875 0.53173828125 0.0439453125 0.03515625
0 0.60400390625 0.37158203125 0.0390625 0.0400390625
3 0.53857421875 0.564453125 0.033203125 0.0380859375
3 0.4970703125 0.39208984375 0.033203125 0.0380859375