1 0.4951171875 0.46533203125 0.3798828125 0.232421875
1 0.6708984375 0.4951171875 0.1728515625 0.2529296875
1 0.5546875 0.625 0.373046875 0.2001953125
1 0.380859375 0.5830078125 0.173828125 0.244140625
1 0.54931640625 0.69921875 0.41796875 0.1982421875
1 0.38671875 0.67822265625 0.171875 0.1494140625
2 0.494140625 0.36669921875 0.39453125 0.224609375
1 0.4931640625 0.36865234375 0.3994140625 0.232421875
2 0.49755859375 0.43310546875 0.2451171875 0.1142578125
2 0.505859375 0.47412109375 0.1884765625 0.0908203125
2 0.51611328125 0.51416015625 0.1259765625 0.0703125
2 0.3623046875 0.5810546875 0.0859375 0.150390625
2 0.400390625 0.576171875 0.060546875 0.078125
0 0.52978515625 0.5419921875 0.017578125 0.0185546875