1 0.60009765625 0.48779296875 0.2353515625 0.265625
1 0.4853515625 0.4169921875 0.2529296875 0.265625
1 0.16650390625 0.29638671875 0.3056640625 0.2646484375
1 0.240234375 0.17626953125 0.2802734375 0.283203125
1 0.49365234375 0.62841796875 0.2041015625 0.2177734375
1 0.18212890625 0.87109375 0.3017578125 0.2578125
1 0.1220703125 0.958984375 0.134765625 0.08203125
1 0.94775390625 0.57177734375 0.1044921875 0.1123046875
1 0.8798828125 0.650390625 0.1650390625 0.1728515625
1 0.92236328125 0.708984375 0.1552734375 0.296875
2 0.9833984375 0.8349609375 0.033203125 0.09765625
1 0.9814453125 0.83447265625 0.037109375 0.1123046875
1 0.93603515625 0.89892578125 0.1279296875 0.1064453125
2 0.9443359375 0.90625 0.111328125 0.0859375
2 0.9404296875 0.7421875 0.119140625 0.19921875
0 0.89111328125 0.78076171875 0.0107421875 0.0146484375
0 0.9052734375 0.78662109375 0.017578125 0.0185546875
0 0.5439453125 0.53466796875 0.017578125 0.0166015625
0 0.6044921875 0.38525390625 0.0224609375 0.0234375
0 0.21044921875 0.998046875 0.0126953125 0.00390625
0 0.080078125 0.91796875 0.015625 0.015625
3 0.24072265625 0.98974609375 0.0341796875 0.0205078125
3 0.1982421875 0.970703125 0.033203125 0.0341796875
3 0.11328125 0.9140625 0.037109375 0.0380859375
3 0.06982421875 0.88818359375 0.0341796875 0.0400390625