1 0.4541015625 0.40966796875 0.271484375 0.302734375
1 0.5546875 0.517578125 0.361328125 0.416015625
3 0.46923828125 0.51708984375 0.048828125 0.052734375
0 0.5380859375 0.4755859375 0.033203125 0.03515625
1 0.80517578125 0.1259765625 0.220703125 0.1953125
1 0.86376953125 0.208984375 0.2724609375 0.34375
2 0.9111328125 0.1416015625 0.1650390625 0.18359375
0 0.93701171875 0.228515625 0.05859375 0.0556640625
0 0.603515625 0.41796875 0.0185546875 0.0185546875
1 0.18359375 0.82470703125 0.30859375 0.298828125
1 0.125 0.77978515625 0.25 0.3564453125
1 0.2978515625 0.94140625 0.08984375 0.076171875
1 0.3427734375 0.9609375 0.07421875 0.0498046875