1 0.486328125 0.40966796875 0.1767578125 0.3193359375
1 0.5869140625 0.42919921875 0.21875 0.267578125
1 0.3291015625 0.443359375 0.3271484375 0.2890625
1 0.31640625 0.57568359375 0.3681640625 0.2158203125
1 0.41357421875 0.67626953125 0.2099609375 0.2421875
1 0.5126953125 0.68212890625 0.1611328125 0.24609375
1 0.662109375 0.6630859375 0.3291015625 0.2548828125
1 0.67333984375 0.52880859375 0.3740234375 0.2568359375
3 0.275390625 0.404296875 0.033203125 0.04296875
3 0.3662109375 0.4228515625 0.083984375 0.064453125
3 0.66796875 0.48681640625 0.083984375 0.064453125
3 0.755859375 0.5107421875 0.041015625 0.0498046875
3 0.45751953125 0.35546875 0.0263671875 0.029296875
0 0.5244140625 0.4287109375 0.041015625 0.041015625
0 0.501953125 0.49951171875 0.025390625 0.0205078125
0 0.5224609375 0.505859375 0.0224609375 0.0234375
0 0.57568359375 0.505859375 0.0302734375 0.0224609375
2 0.6708984375 0.62841796875 0.265625 0.1416015625
3 0.7412109375 0.5869140625 0.025390625 0.033203125
3 0.65185546875 0.56298828125 0.0390625 0.0419921875
3 0.5703125 0.55615234375 0.03125 0.0341796875
3 0.431640625 0.52587890625 0.025390625 0.0302734375
3 0.43994140625 0.47802734375 0.02734375 0.033203125
2 0.310546875 0.55126953125 0.263671875 0.1396484375
3 0.3525390625 0.5009765625 0.046875 0.04296875
1 0.236328125 0.595703125 0.0654296875 0.0712890625
1 0.32666015625 0.61474609375 0.064453125 0.0703125
0 0.47265625 0.611328125 0.0341796875 0.0380859375
0 0.498046875 0.62353515625 0.0283203125 0.03125
1 0.61767578125 0.68115234375 0.06640625 0.07421875
1 0.7109375 0.70166015625 0.06640625 0.07421875