1 0.412109375 0.64111328125 0.177734375 0.1787109375
1 0.72607421875 0.52490234375 0.4462890625 0.2197265625
1 0.466796875 0.64697265625 0.162109375 0.1845703125
1 0.60693359375 0.63720703125 0.2021484375 0.1650390625
3 0.712890625 0.572265625 0.033203125 0.025390625
3 0.650390625 0.5888671875 0.015625 0.015625
3 0.8955078125 0.5234375 0.017578125 0.017578125
1 0.73388671875 0.31640625 0.3037109375 0.24609375
1 0.51708984375 0.41064453125 0.2001953125 0.1767578125
1 0.5546875 0.4248046875 0.037109375 0.087890625
1 0.58154296875 0.41845703125 0.0498046875 0.0908203125
1 0.53955078125 0.4990234375 0.1845703125 0.10546875
1 0.498046875 0.44189453125 0.03515625 0.0869140625
1 0.46728515625 0.45068359375 0.0439453125 0.0869140625
1 0.36279296875 0.4541015625 0.1572265625 0.15625
1 0.39208984375 0.47314453125 0.0693359375 0.0927734375
1 0.76513671875 0.42822265625 0.2861328125 0.1416015625
1 0.38818359375 0.55224609375 0.1650390625 0.0908203125
3 0.591796875 0.4755859375 0.017578125 0.0234375
3 0.50634765625 0.49951171875 0.0146484375 0.0224609375
1 0.21923828125 0.25341796875 0.2861328125 0.2431640625
0 0.68408203125 0.54052734375 0.0244140625 0.0185546875
0 0.63427734375 0.3466796875 0.0146484375 0.013671875
0 0.75927734375 0.36376953125 0.0126953125 0.0185546875
3 0.24755859375 0.24462890625 0.0302734375 0.0361328125