1 0.373046875 0.453125 0.3583984375 0.75390625
1 0.37451171875 0.45458984375 0.3251953125 0.712890625
0 0.41552734375 0.78076171875 0.0126953125 0.0107421875
0 0.4169921875 0.66796875 0.0146484375 0.015625
0 0.36669921875 0.65869140625 0.0302734375 0.0283203125
0 0.369140625 0.54638671875 0.033203125 0.0322265625
0 0.36962890625 0.4326171875 0.0302734375 0.033203125
0 0.36962890625 0.3212890625 0.0322265625 0.0361328125
0 0.373046875 0.20751953125 0.033203125 0.0322265625
0 0.32470703125 0.23193359375 0.01171875 0.01171875
0 0.3271484375 0.3427734375 0.017578125 0.01953125
0 0.32470703125 0.458984375 0.0205078125 0.021484375
0 0.3203125 0.57177734375 0.0126953125 0.013671875
0 0.322265625 0.6826171875 0.0205078125 0.0146484375
0 0.42138671875 0.443359375 0.01171875 0.01953125
0 0.42236328125 0.33056640625 0.013671875 0.0146484375
0 0.41845703125 0.21728515625 0.017578125 0.015625