1 0.357421875 0.51904296875 0.2744140625 0.2255859375
1 0.43212890625 0.3603515625 0.2685546875 0.201171875
1 0.31005859375 0.41357421875 0.166015625 0.3251953125
1 0.4775390625 0.4794921875 0.169921875 0.32421875
1 0.17431640625 0.43896484375 0.140625 0.212890625
1 0.181640625 0.50732421875 0.15625 0.1328125
1 0.2177734375 0.40087890625 0.1396484375 0.12890625
1 0.37353515625 0.65771484375 0.162109375 0.1171875
1 0.34375 0.6357421875 0.0908203125 0.0947265625
1 0.41943359375 0.6650390625 0.0888671875 0.1083984375
2 0.416015625 0.3681640625 0.111328125 0.076171875
3 0.47021484375 0.462890625 0.03515625 0.0341796875
3 0.31884765625 0.412109375 0.0322265625 0.03125