1 0.5068359375 0.634765625 0.3408203125 0.25390625
1 0.46728515625 0.4794921875 0.349609375 0.2294921875
1 0.07666015625 0.61669921875 0.1533203125 0.1923828125
1 0.09423828125 0.66748046875 0.1552734375 0.107421875
1 0.0302734375 0.77099609375 0.060546875 0.1416015625
0 0.02783203125 0.72119140625 0.0263671875 0.02734375
0 0.412109375 0.47216796875 0.03125 0.0322265625
1 0.92578125 0.5126953125 0.1484375 0.16015625
1 0.90771484375 0.37841796875 0.1845703125 0.1943359375
3 0.88720703125 0.384765625 0.0869140625 0.087890625
3 0.8857421875 0.43994140625 0.0224609375 0.0322265625
1 0.90234375 0.255859375 0.1826171875 0.1416015625
0 0.45556640625 0.60205078125 0.0185546875 0.0166015625
0 0.47900390625 0.54052734375 0.017578125 0.015625