1 0.45703125 0.494140625 0.208984375 0.296875
1 0.6083984375 0.52294921875 0.18359375 0.2939453125
1 0.095703125 0.44970703125 0.19140625 0.1064453125
1 0.09033203125 0.54345703125 0.1806640625 0.1181640625
1 0.17333984375 0.50732421875 0.0341796875 0.0927734375
1 0.02490234375 0.42138671875 0.0478515625 0.0634765625
1 0.01513671875 0.62353515625 0.0302734375 0.1884765625
1 0.1669921875 0.09716796875 0.154296875 0.1943359375
1 0.06591796875 0.0830078125 0.1201171875 0.166015625
3 0.6162109375 0.533203125 0.025390625 0.03515625
0 0.63671875 0.57080078125 0.017578125 0.0166015625
1 0.49658203125 0.66552734375 0.1572265625 0.0791015625
0 0.0341796875 0.00390625 0.017578125 0.0078125