1 0.25 0.52734375 0.435546875 0.26171875
1 0.2216796875 0.419921875 0.427734375 0.255859375
0 0.189453125 0.48828125 0.033203125 0.0283203125
1 0.91064453125 0.255859375 0.1787109375 0.162109375
1 0.9287109375 0.3388671875 0.142578125 0.17578125
3 0.91259765625 0.2666015625 0.0361328125 0.0361328125
3 0.9931640625 0.2265625 0.013671875 0.03125
0 0.955078125 0.23388671875 0.0244140625 0.02734375
1 0.96826171875 0.10595703125 0.0634765625 0.1376953125
1 0.5263671875 0.8779296875 0.34765625 0.2158203125
2 0.50634765625 0.79541015625 0.3173828125 0.1865234375
1 0.5068359375 0.79638671875 0.3447265625 0.201171875