1 0.36279296875 0.43896484375 0.302734375 0.3330078125
1 0.49755859375 0.3837890625 0.24609375 0.3330078125
1 0.55517578125 0.2861328125 0.1328125 0.1650390625
1 0.75537109375 0.2412109375 0.2158203125 0.3056640625
1 0.82861328125 0.20751953125 0.19921875 0.3076171875
1 0.8876953125 0.1728515625 0.1884765625 0.30078125
1 0.91845703125 0.12646484375 0.1142578125 0.2529296875
3 0.7861328125 0.330078125 0.0390625 0.0390625
3 0.73974609375 0.2392578125 0.041015625 0.0400390625
0 0.77880859375 0.36572265625 0.021484375 0.0185546875
0 0.7509765625 0.2919921875 0.0185546875 0.017578125
0 0.509765625 0.3505859375 0.0234375 0.021484375
0 0.57470703125 0.4755859375 0.0146484375 0.013671875
0 0.37451171875 0.48828125 0.013671875 0.0126953125