1 0.47119140625 0.55419921875 0.3193359375 0.2646484375
1 0.61572265625 0.40185546875 0.3134765625 0.2470703125
1 0.67041015625 0.57666015625 0.1064453125 0.1162109375
1 0.42529296875 0.38427734375 0.1064453125 0.1162109375
3 0.6669921875 0.4521484375 0.044921875 0.041015625
3 0.53857421875 0.357421875 0.0458984375 0.0390625
3 0.6025390625 0.404296875 0.046875 0.0390625
3 0.41357421875 0.52490234375 0.0458984375 0.0478515625
3 0.48779296875 0.5595703125 0.0283203125 0.033203125
3 0.5478515625 0.44189453125 0.02734375 0.0263671875
0 0.54150390625 0.41943359375 0.0283203125 0.0224609375