1 0.4169921875 0.478515625 0.146484375 0.2900390625
1 0.40966796875 0.431640625 0.0986328125 0.0947265625
1 0.40869140625 0.52197265625 0.111328125 0.11328125
1 0.5341796875 0.48583984375 0.146484375 0.310546875
1 0.83935546875 0.40234375 0.3193359375 0.1689453125
1 0.83642578125 0.5419921875 0.322265625 0.1826171875
1 0.79150390625 0.54833984375 0.1015625 0.1396484375
1 0.875 0.55224609375 0.0966796875 0.1572265625
3 0.8271484375 0.39453125 0.0234375 0.0302734375
0 0.794921875 0.482421875 0.0234375 0.01953125
2 0.74072265625 0.5068359375 0.068359375 0.0615234375
2 0.7265625 0.57666015625 0.0947265625 0.080078125
2 0.927734375 0.55029296875 0.1279296875 0.154296875
1 0.5908203125 0.07861328125 0.37890625 0.1572265625
0 0.55126953125 0.5068359375 0.0263671875 0.0205078125
3 0.55029296875 0.47119140625 0.0234375 0.02734375
0 0.56005859375 0.361328125 0.015625 0.0166015625
0 0.51513671875 0.4375 0.0126953125 0.0087890625