1 0.505859375 0.4248046875 0.296875 0.201171875
1 0.49755859375 0.58203125 0.298828125 0.201171875
2 0.49267578125 0.57958984375 0.2548828125 0.1806640625
3 0.49658203125 0.41259765625 0.044921875 0.0322265625
0 0.42822265625 0.40283203125 0.0205078125 0.0146484375
0 0.60595703125 0.4501953125 0.0244140625 0.017578125
1 0.70166015625 0.48046875 0.1318359375 0.0927734375
1 0.0732421875 0.1923828125 0.111328125 0.345703125
1 0.02783203125 0.197265625 0.0556640625 0.34765625
0 0.025390625 0.234375 0.029296875 0.0302734375
0 0.01806640625 0.2568359375 0.009765625 0.0078125
1 0.01953125 0.13525390625 0.025390625 0.083984375
1 0.48828125 0.10498046875 0.3291015625 0.109375
3 0.591796875 0.11376953125 0.0693359375 0.05078125
3 0.525390625 0.11083984375 0.072265625 0.0517578125
3 0.45947265625 0.10546875 0.078125 0.0537109375
1 0.5078125 0.05126953125 0.296875 0.1025390625
2 0.509765625 0.05029296875 0.2890625 0.1005859375
1 0.3486328125 0.0390625 0.0361328125 0.0654296875
1 0.46484375 0.9052734375 0.404296875 0.189453125
1 0.38232421875 0.97265625 0.2412109375 0.0546875
0 0.48046875 0.90380859375 0.021484375 0.0166015625