1 0.603515625 0.84228515625 0.291015625 0.2373046875
1 0.5634765625 0.6630859375 0.296875 0.232421875
1 0.521484375 0.48974609375 0.294921875 0.2353515625
1 0.47802734375 0.3154296875 0.2978515625 0.2421875
2 0.52294921875 0.8642578125 0.0986328125 0.146484375
2 0.64892578125 0.830078125 0.1845703125 0.16796875
2 0.5615234375 0.6689453125 0.271484375 0.189453125
0 0.5 0.6044921875 0.017578125 0.01953125
0 0.4580078125 0.42919921875 0.017578125 0.0166015625
0 0.41357421875 0.259765625 0.0185546875 0.021484375
1 0.08544921875 0.2490234375 0.1708984375 0.29296875
0 0.10986328125 0.18798828125 0.0166015625 0.0126953125