1 0.55615234375 0.4716796875 0.228515625 0.369140625
1 0.45166015625 0.501953125 0.2470703125 0.369140625
2 0.44775390625 0.50537109375 0.2119140625 0.3447265625
0 0.53662109375 0.47705078125 0.025390625 0.029296875
0 0.57568359375 0.41845703125 0.013671875 0.017578125
0 0.53662109375 0.5302734375 0.0205078125 0.0234375
1 0.1650390625 0.857421875 0.1015625 0.12890625
1 0.228515625 0.84228515625 0.0849609375 0.1279296875
1 0.236328125 0.92919921875 0.125 0.0791015625
1 0.13671875 0.93212890625 0.09765625 0.0390625
0 0.21240234375 0.8125 0.01953125 0.0205078125
1 0.6474609375 0.07568359375 0.1103515625 0.1162109375
1 0.5859375 0.0869140625 0.080078125 0.1123046875
1 0.49365234375 0.04150390625 0.1552734375 0.0830078125
1 0.6142578125 0.0244140625 0.1123046875 0.04296875
0 0.662109375 0.09375 0.017578125 0.021484375