1 0.56298828125 0.64013671875 0.2568359375 0.3232421875
1 0.56640625 0.66748046875 0.10546875 0.1220703125
1 0.58154296875 0.63427734375 0.1357421875 0.0693359375
1 0.453125 0.57177734375 0.25390625 0.2978515625
1 0.45068359375 0.54443359375 0.1025390625 0.1083984375
1 0.435546875 0.576171875 0.134765625 0.083984375
3 0.6142578125 0.5888671875 0.04296875 0.037109375
3 0.52294921875 0.53125 0.0361328125 0.029296875
3 0.478515625 0.49853515625 0.04296875 0.0419921875
0 0.48583984375 0.5283203125 0.0107421875 0.009765625
3 0.40283203125 0.62890625 0.0380859375 0.033203125
3 0.44970703125 0.65185546875 0.0341796875 0.0283203125
0 0.392578125 0.57177734375 0.017578125 0.0205078125
2 0.49560546875 0.69775390625 0.0810546875 0.1044921875
1 0.40478515625 0.41357421875 0.1669921875 0.1513671875
1 0.36181640625 0.47998046875 0.1376953125 0.1103515625
3 0.38427734375 0.4091796875 0.0341796875 0.033203125
3 0.34619140625 0.46728515625 0.0322265625 0.0400390625
0 0.4921875 0.60009765625 0.01953125 0.0244140625
3 0.54296875 0.71435546875 0.03515625 0.0380859375