1 0.3916015625 0.49951171875 0.4970703125 0.6591796875
1 0.677734375 0.5234375 0.4033203125 0.423828125
1 0.572265625 0.27099609375 0.2841796875 0.3203125
0 0.39892578125 0.615234375 0.0361328125 0.0390625
0 0.337890625 0.49072265625 0.033203125 0.0322265625
0 0.44384765625 0.2578125 0.0234375 0.02734375
3 0.3251953125 0.74267578125 0.0322265625 0.0302734375
3 0.3134765625 0.70703125 0.03125 0.0283203125
3 0.30126953125 0.67041015625 0.033203125 0.033203125
0 0.40771484375 0.47021484375 0.02734375 0.0234375
0 0.345703125 0.2666015625 0.0166015625 0.015625
0 0.6943359375 0.47265625 0.0166015625 0.017578125