1 0.83642578125 0.88818359375 0.22265625 0.1982421875
1 0.357421875 0.5517578125 0.3310546875 0.5107421875
1 0.48583984375 0.59521484375 0.365234375 0.4990234375
1 0.5419921875 0.5546875 0.125 0.11328125
1 0.5556640625 0.52490234375 0.158203125 0.0751953125
2 0.55078125 0.43359375 0.0673828125 0.0712890625
0 0.5107421875 0.47509765625 0.0498046875 0.0361328125
0 0.46630859375 0.53564453125 0.0458984375 0.0458984375
0 0.51171875 0.55712890625 0.0166015625 0.0166015625
0 0.39453125 0.5107421875 0.0322265625 0.0400390625
0 0.36962890625 0.4609375 0.033203125 0.046875
1 0.8984375 0.7236328125 0.203125 0.30859375
1 0.794921875 0.94384765625 0.0908203125 0.068359375
1 0.873046875 0.77392578125 0.0859375 0.07421875