1 0.5146484375 0.45947265625 0.35546875 0.2236328125
1 0.3251953125 0.46533203125 0.162109375 0.2353515625
1 0.42236328125 0.6220703125 0.3505859375 0.193359375
1 0.611328125 0.60498046875 0.166015625 0.2255859375
1 0.4208984375 0.689453125 0.396484375 0.203125
1 0.5859375 0.69775390625 0.169921875 0.1376953125
2 0.5244140625 0.3701171875 0.373046875 0.228515625
1 0.52490234375 0.37255859375 0.3779296875 0.2353515625
2 0.5126953125 0.4345703125 0.234375 0.1171875
2 0.49755859375 0.47314453125 0.1806640625 0.0927734375
2 0.482421875 0.5107421875 0.12109375 0.0703125
2 0.62255859375 0.6015625 0.0869140625 0.14453125
2 0.5869140625 0.59033203125 0.060546875 0.0751953125
0 0.46337890625 0.537109375 0.0166015625 0.017578125