1 0.2001953125 0.5693359375 0.345703125 0.2978515625
1 0.25244140625 0.68212890625 0.345703125 0.296875
1 0.51171875 0.56689453125 0.3212890625 0.275390625
1 0.4619140625 0.453125 0.3212890625 0.2783203125
1 0.41748046875 0.45361328125 0.1162109375 0.1005859375
1 0.2158203125 0.546875 0.1123046875 0.09375
1 0.27783203125 0.6875 0.0888671875 0.0771484375
1 0.48486328125 0.5966796875 0.0849609375 0.0771484375
3 0.419921875 0.6337890625 0.046875 0.0458984375
3 0.35107421875 0.47998046875 0.04296875 0.04296875
3 0.283203125 0.50830078125 0.0380859375 0.0400390625
3 0.3486328125 0.66552734375 0.046875 0.0419921875
0 0.1044921875 0.677734375 0.015625 0.015625
0 0.58740234375 0.45166015625 0.01171875 0.0166015625
0 0.59765625 0.466796875 0.013671875 0.0146484375
1 0.64892578125 0.34326171875 0.068359375 0.0615234375
1 0.63720703125 0.310546875 0.06640625 0.0625