1 0.681640625 0.6279296875 0.2861328125 0.2265625
1 0.6259765625 0.76318359375 0.3271484375 0.236328125
1 0.65087890625 0.7890625 0.08984375 0.1005859375
1 0.67919921875 0.7978515625 0.0419921875 0.103515625
0 0.6923828125 0.69384765625 0.0166015625 0.0166015625
0 0.787109375 0.60498046875 0.013671875 0.015625
1 0.49365234375 0.50634765625 0.4501953125 0.37109375
1 0.669921875 0.4853515625 0.0712890625 0.064453125
1 0.458984375 0.4775390625 0.1123046875 0.080078125
1 0.4990234375 0.46923828125 0.0712890625 0.103515625
1 0.38037109375 0.64208984375 0.1162109375 0.1142578125
1 0.52587890625 0.65185546875 0.119140625 0.1357421875
1 0.13134765625 0.81884765625 0.2626953125 0.2783203125
1 0.06494140625 0.81640625 0.1298828125 0.23828125
0 0.0771484375 0.87841796875 0.0185546875 0.021484375
0 0.3818359375 0.52978515625 0.0263671875 0.0302734375