1 0.12255859375 0.6416015625 0.1396484375 0.1796875
1 0.20166015625 0.66845703125 0.1357421875 0.1845703125
1 0.259765625 0.52099609375 0.1328125 0.1806640625
1 0.14501953125 0.4775390625 0.2158203125 0.19921875
0 0.173828125 0.51953125 0.01953125 0.017578125
1 0.361328125 0.56103515625 0.158203125 0.1572265625
1 0.4208984375 0.37548828125 0.203125 0.2783203125
1 0.6220703125 0.40185546875 0.357421875 0.3291015625
1 0.52197265625 0.3486328125 0.1162109375 0.173828125
1 0.607421875 0.5634765625 0.2734375 0.40234375
1 0.53173828125 0.45068359375 0.1767578125 0.2294921875
1 0.5361328125 0.498046875 0.125 0.08203125
0 0.49267578125 0.43896484375 0.0205078125 0.0185546875
3 0.73486328125 0.3505859375 0.0185546875 0.021484375
3 0.625 0.40771484375 0.0234375 0.0224609375
3 0.611328125 0.44384765625 0.025390625 0.0244140625
1 0.779296875 0.48046875 0.166015625 0.14453125
3 0.7236328125 0.42236328125 0.02734375 0.0244140625
1 0.7451171875 0.60400390625 0.19140625 0.1865234375
1 0.79296875 0.5263671875 0.09765625 0.099609375
1 0.802734375 0.49462890625 0.115234375 0.0576171875
1 0.8408203125 0.3974609375 0.1796875 0.185546875
1 0.7548828125 0.6103515625 0.08984375 0.08203125
1 0.76416015625 0.58251953125 0.1025390625 0.0498046875
1 0.65380859375 0.77490234375 0.2939453125 0.3173828125
1 0.6689453125 0.86328125 0.078125 0.08203125
1 0.63720703125 0.7978515625 0.1396484375 0.052734375
1 0.60791015625 0.84033203125 0.0849609375 0.1279296875
1 0.54345703125 0.91455078125 0.1806640625 0.1708984375
1 0.5380859375 0.93017578125 0.123046875 0.1162109375
1 0.47705078125 0.95458984375 0.1787109375 0.0908203125
1 0.45751953125 0.97412109375 0.1005859375 0.0517578125
1 0.298828125 0.92626953125 0.310546875 0.1474609375
3 0.38671875 0.94189453125 0.044921875 0.0439453125
3 0.3486328125 0.9892578125 0.04296875 0.021484375
3 0.263671875 0.9599609375 0.052734375 0.044921875
3 0.2421875 0.986328125 0.052734375 0.02734375
0 0.3203125 0.9375 0.03515625 0.03515625
1 0.384765625 0.81591796875 0.234375 0.1826171875
3 0.45068359375 0.86767578125 0.0263671875 0.0263671875
1 0.4765625 0.775390625 0.16015625 0.1171875
3 0.50830078125 0.80908203125 0.0302734375 0.0244140625
0 0.5283203125 0.61328125 0.01953125 0.013671875
0 0.55712890625 0.58935546875 0.0224609375 0.0205078125
0 0.2060546875 0.45263671875 0.013671875 0.0107421875
1 0.083984375 0.29296875 0.11328125 0.119140625
1 0.61181640625 0.09326171875 0.3056640625 0.1865234375
1 0.81787109375 0.1337890625 0.2705078125 0.267578125
3 0.7294921875 0.013671875 0.037109375 0.02734375
1 0.83935546875 0.119140625 0.0869140625 0.07421875
3 0.80126953125 0.19775390625 0.0458984375 0.0361328125
0 0.775390625 0.05224609375 0.021484375 0.0244140625
1 0.61767578125 0.033203125 0.0830078125 0.06640625
3 0.54296875 0.12109375 0.037109375 0.029296875
1 0.2568359375 0.04296875 0.19921875 0.0859375
0 0.76806640625 0.32470703125 0.0185546875 0.0185546875
1 0.45263671875 0.69091796875 0.0654296875 0.0673828125
1 0.47412109375 0.75634765625 0.1552734375 0.0751953125
1 0.51904296875 0.6943359375 0.0634765625 0.138671875
0 0.6572265625 0.5498046875 0.015625 0.013671875
0 0.6865234375 0.3681640625 0.013671875 0.01171875
1 0.03125 0.84130859375 0.0625 0.0673828125
1 0.02197265625 0.88037109375 0.0439453125 0.0634765625