1 0.50341796875 0.4365234375 0.326171875 0.2314453125
1 0.45703125 0.5400390625 0.333984375 0.291015625
1 0.28125 0.4072265625 0.2373046875 0.2578125
0 0.50244140625 0.49462890625 0.0419921875 0.041015625
1 0.26611328125 0.966796875 0.1806640625 0.06640625
1 0.17529296875 0.93994140625 0.0966796875 0.1201171875
1 0.1181640625 0.92919921875 0.080078125 0.1416015625
0 0.46240234375 0.39599609375 0.0146484375 0.0166015625
0 0.93505859375 0.830078125 0.0146484375 0.013671875
1 0.71923828125 0.88134765625 0.1015625 0.0869140625
1 0.7001953125 0.92236328125 0.095703125 0.08203125