1 0.34716796875 0.462890625 0.2802734375 0.5068359375
1 0.47705078125 0.5068359375 0.2822265625 0.50390625
3 0.380859375 0.3203125 0.0400390625 0.041015625
3 0.32763671875 0.47900390625 0.041015625 0.041015625
3 0.27978515625 0.61669921875 0.04296875 0.04296875
3 0.4853515625 0.5302734375 0.0390625 0.0400390625
0 0.4482421875 0.58447265625 0.0126953125 0.01171875
0 0.49462890625 0.4453125 0.0166015625 0.015625
0 0.50048828125 0.42626953125 0.013671875 0.01171875
1 0.89794921875 0.57861328125 0.2041015625 0.5009765625
1 0.95263671875 0.734375 0.0693359375 0.2119140625
3 0.97119140625 0.4189453125 0.0390625 0.041015625
3 0.912109375 0.59521484375 0.03515625 0.0380859375
3 0.86669921875 0.73486328125 0.0400390625 0.04296875
1 0.75048828125 0.10400390625 0.18359375 0.1728515625
1 0.6162109375 0.07373046875 0.16796875 0.142578125
3 0.60400390625 0.056640625 0.044921875 0.044921875