1 0.46630859375 0.44921875 0.2197265625 0.267578125
2 0.44775390625 0.44677734375 0.1650390625 0.2490234375
1 0.57568359375 0.5205078125 0.2177734375 0.2578125
2 0.59521484375 0.52001953125 0.1591796875 0.2314453125
3 0.53125 0.4296875 0.04296875 0.04296875
0 0.50830078125 0.46875 0.0244140625 0.0234375
3 0.5322265625 0.53369140625 0.0390625 0.0380859375
1 0.16357421875 0.85009765625 0.1943359375 0.2021484375
1 0.13623046875 0.91943359375 0.2509765625 0.1611328125
1 0.32373046875 0.93115234375 0.1884765625 0.1376953125
1 0.2861328125 0.8935546875 0.0546875 0.1171875
1 0.22021484375 0.974609375 0.0810546875 0.05078125
0 0.2412109375 0.927734375 0.02734375 0.025390625
1 0.97021484375 0.66259765625 0.0595703125 0.1455078125
1 0.23046875 0.2626953125 0.134765625 0.189453125
1 0.28955078125 0.26513671875 0.1630859375 0.2275390625
1 0.19091796875 0.23876953125 0.1357421875 0.1884765625
1 0.0751953125 0.1513671875 0.150390625 0.19921875
1 0.04345703125 0.3037109375 0.0869140625 0.201171875