1 0.5546875 0.537109375 0.322265625 0.390625
1 0.4365234375 0.4599609375 0.3349609375 0.361328125
3 0.55078125 0.583984375 0.0419921875 0.0478515625
3 0.3642578125 0.49755859375 0.044921875 0.0478515625
3 0.4091796875 0.4375 0.033203125 0.0341796875
3 0.55615234375 0.5 0.03125 0.037109375
0 0.43115234375 0.61279296875 0.017578125 0.013671875
0 0.4599609375 0.505859375 0.017578125 0.0205078125
1 0.767578125 0.951171875 0.126953125 0.09765625
1 0.78076171875 0.787109375 0.2734375 0.333984375
1 0.92626953125 0.72412109375 0.1044921875 0.095703125
1 0.87744140625 0.86474609375 0.1845703125 0.2705078125
3 0.91552734375 0.8955078125 0.0341796875 0.044921875
3 0.775390625 0.77099609375 0.044921875 0.05078125
3 0.7373046875 0.83056640625 0.0380859375 0.0439453125
0 0.896484375 0.8212890625 0.0263671875 0.02734375
0 0.85693359375 0.90966796875 0.0185546875 0.0185546875
0 0.8193359375 0.7509765625 0.0146484375 0.015625
1 0.96826171875 0.39990234375 0.0634765625 0.2666015625
1 0.8916015625 0.126953125 0.216796875 0.177734375
1 0.75439453125 0.07080078125 0.1884765625 0.103515625
2 0.7763671875 0.0576171875 0.0703125 0.0556640625
2 0.92822265625 0.1005859375 0.0146484375 0.017578125
2 0.853515625 0.98583984375 0.01171875 0.009765625
1 0.193359375 0.88720703125 0.1259765625 0.10546875
1 0.107421875 0.859375 0.1796875 0.1982421875
1 0.1884765625 0.8203125 0.0830078125 0.060546875
1 0.19482421875 0.931640625 0.107421875 0.07421875
0 0.15234375 0.93701171875 0.0234375 0.025390625