1 0.35595703125 0.4169921875 0.1845703125 0.18359375
1 0.48291015625 0.7265625 0.2353515625 0.4541015625
1 0.35205078125 0.47216796875 0.1904296875 0.16796875
1 0.36669921875 0.61181640625 0.171875 0.2080078125
3 0.43505859375 0.71533203125 0.0263671875 0.0341796875
3 0.41650390625 0.6533203125 0.0166015625 0.0166015625
3 0.490234375 0.89599609375 0.0185546875 0.0185546875
1 0.69140625 0.7275390625 0.2568359375 0.3125
1 0.58984375 0.51416015625 0.18359375 0.2060546875
1 0.5771484375 0.55224609375 0.0888671875 0.0400390625
1 0.58447265625 0.57861328125 0.0927734375 0.052734375
1 0.50244140625 0.53955078125 0.1123046875 0.1884765625
1 0.55810546875 0.49609375 0.087890625 0.0380859375
1 0.54833984375 0.4658203125 0.0888671875 0.046875
1 0.541015625 0.361328125 0.162109375 0.162109375
1 0.52294921875 0.39111328125 0.0947265625 0.072265625
1 0.5810546875 0.7626953125 0.1513671875 0.291015625
1 0.44384765625 0.39013671875 0.0966796875 0.16796875
3 0.52783203125 0.5908203125 0.0244140625 0.0185546875
3 0.50048828125 0.50634765625 0.0234375 0.015625
1 0.73681640625 0.2109375 0.2529296875 0.294921875
0 0.4658203125 0.685546875 0.01953125 0.025390625
0 0.65771484375 0.62890625 0.0146484375 0.0146484375
0 0.64501953125 0.75439453125 0.0185546875 0.013671875
3 0.74658203125 0.23876953125 0.037109375 0.03125