1 0.8125 0.2724609375 0.375 0.341796875
1 0.7578125 0.2041015625 0.4296875 0.287109375
1 0.27978515625 0.63818359375 0.5595703125 0.4970703125
1 0.3125 0.70849609375 0.625 0.4384765625
3 0.01806640625 0.7607421875 0.0361328125 0.04296875
3 0.1240234375 0.6796875 0.02734375 0.029296875
3 0.20068359375 0.6279296875 0.0419921875 0.0390625
3 0.22705078125 0.60400390625 0.0263671875 0.0302734375
3 0.12109375 0.9052734375 0.0390625 0.03515625
3 0.23095703125 0.83154296875 0.0244140625 0.0263671875
3 0.3369140625 0.7548828125 0.025390625 0.02734375
3 0.44091796875 0.6796875 0.0244140625 0.029296875
3 0.54052734375 0.60791015625 0.0439453125 0.0458984375
3 0.73291015625 0.3720703125 0.0458984375 0.041015625
3 0.84375 0.29638671875 0.044921875 0.0419921875
3 0.94921875 0.21728515625 0.033203125 0.0400390625
3 0.904296875 0.1142578125 0.033203125 0.03515625
3 0.830078125 0.07958984375 0.03125 0.0283203125
3 0.71875 0.15673828125 0.044921875 0.0458984375
3 0.62841796875 0.2236328125 0.0439453125 0.04296875
0 0.5888671875 0.251953125 0.02734375 0.03125
0 0.78857421875 0.16162109375 0.0361328125 0.0283203125
0 0.8583984375 0.220703125 0.0234375 0.021484375
0 0.3359375 0.69287109375 0.01953125 0.0185546875
0 0.12158203125 0.84228515625 0.0126953125 0.0146484375
3 0.33203125 0.52978515625 0.025390625 0.0283203125
3 0.41943359375 0.47509765625 0.0458984375 0.0458984375
0 0.19189453125 0.71728515625 0.0400390625 0.0400390625