1 0.5224609375 0.4169921875 0.150390625 0.296875
1 0.662109375 0.416015625 0.146484375 0.302734375
3 0.5283203125 0.41064453125 0.03515625 0.0263671875
2 0.521484375 0.341796875 0.044921875 0.0625
1 0.4130859375 0.4755859375 0.080078125 0.154296875
1 0.80517578125 0.86279296875 0.1337890625 0.2744140625
1 0.92333984375 0.8623046875 0.1318359375 0.275390625
0 0.8583984375 0.88427734375 0.021484375 0.0224609375
0 0.87939453125 0.9765625 0.0205078125 0.0234375
0 0.79541015625 0.8984375 0.0185546875 0.021484375
0 0.796875 0.83447265625 0.01171875 0.0126953125
1 0.537109375 0.0419921875 0.236328125 0.08203125