1 0.451171875 0.36962890625 0.29296875 0.1982421875
1 0.5048828125 0.525390625 0.328125 0.314453125
0 0.3720703125 0.53857421875 0.03515625 0.0341796875
3 0.5146484375 0.4853515625 0.029296875 0.037109375
1 0.06005859375 0.7197265625 0.1201171875 0.1875
1 0.0380859375 0.59521484375 0.076171875 0.1142578125
1 0.8603515625 0.82763671875 0.279296875 0.2529296875
1 0.90283203125 0.91064453125 0.1943359375 0.1767578125
3 0.86669921875 0.95068359375 0.0283203125 0.0322265625
0 0.98388671875 0.751953125 0.0166015625 0.015625
0 0.9091796875 0.91796875 0.013671875 0.009765625
0 0.99072265625 0.85986328125 0.0107421875 0.0146484375