1 0.1728515625 0.92919921875 0.1640625 0.080078125
1 0.365234375 0.921875 0.24609375 0.15625
1 0.61767578125 0.837890625 0.27734375 0.296875
1 0.5751953125 0.95361328125 0.240234375 0.0927734375
1 0.4404296875 0.77587890625 0.251953125 0.2822265625
1 0.71533203125 0.66552734375 0.3408203125 0.3720703125
1 0.5185546875 0.568359375 0.2421875 0.26953125
1 0.57275390625 0.3466796875 0.2578125 0.2822265625
1 0.775390625 0.408203125 0.3193359375 0.3056640625
1 0.681640625 0.14599609375 0.3251953125 0.2861328125
1 0.87060546875 0.20361328125 0.2587890625 0.3095703125
1 0.884765625 0.0791015625 0.1748046875 0.08203125
1 0.66259765625 0.078125 0.072265625 0.0400390625
1 0.6669921875 0.0615234375 0.064453125 0.0400390625
1 0.62548828125 0.16650390625 0.0703125 0.0361328125
1 0.63232421875 0.150390625 0.0595703125 0.0400390625
1 0.69287109375 0.17919921875 0.025390625 0.0302734375
1 0.72412109375 0.09033203125 0.029296875 0.033203125
0 0.8681640625 0.08251953125 0.04296875 0.025390625
3 0.93701171875 0.22216796875 0.0537109375 0.1044921875
0 0.78076171875 0.27294921875 0.064453125 0.0458984375
0 0.95703125 0.2919921875 0.078125 0.125
0 0.77783203125 0.43017578125 0.025390625 0.01953125
0 0.6416015625 0.45654296875 0.02734375 0.0234375
0 0.69775390625 0.5791015625 0.0322265625 0.029296875
0 0.70263671875 0.5498046875 0.0478515625 0.0341796875
0 0.67236328125 0.64208984375 0.046875 0.0341796875
0 0.6572265625 0.68603515625 0.0458984375 0.033203125
1 0.54443359375 0.50439453125 0.08203125 0.0517578125
1 0.52197265625 0.5673828125 0.0810546875 0.05078125
1 0.50048828125 0.6298828125 0.0830078125 0.0546875
1 0.71923828125 0.755859375 0.11328125 0.0712890625
1 0.748046875 0.66796875 0.115234375 0.0732421875
1 0.78564453125 0.58642578125 0.0732421875 0.0458984375
1 0.7890625 0.5654296875 0.0703125 0.0361328125
1 0.57958984375 0.83740234375 0.0869140625 0.091796875
1 0.42041015625 0.75048828125 0.0791015625 0.0478515625
1 0.42333984375 0.72705078125 0.072265625 0.0458984375
1 0.3896484375 0.83056640625 0.0751953125 0.046875
1 0.396484375 0.80712890625 0.06640625 0.0439453125
1 0.53662109375 0.9169921875 0.041015625 0.02734375
1 0.48974609375 0.74267578125 0.01953125 0.0205078125
0 0.56494140625 0.72900390625 0.0322265625 0.03125
0 0.5400390625 0.71435546875 0.0205078125 0.0224609375
0 0.47900390625 0.83154296875 0.0146484375 0.01171875
1 0.89453125 0.89111328125 0.1240234375 0.1298828125