1 0.56689453125 0.5068359375 0.1494140625 0.2890625
1 0.42333984375 0.50830078125 0.1884765625 0.2890625
1 0.576171875 0.88134765625 0.1455078125 0.2373046875
1 0.4296875 0.88427734375 0.181640625 0.2314453125
3 0.60107421875 0.40283203125 0.015625 0.0166015625
3 0.5771484375 0.51708984375 0.029296875 0.0390625
3 0.583984375 0.8994140625 0.0263671875 0.0439453125
3 0.41064453125 0.86669921875 0.0244140625 0.0224609375
3 0.41162109375 0.90576171875 0.0263671875 0.0224609375
3 0.5205078125 0.54052734375 0.0166015625 0.015625
0 0.57568359375 0.80322265625 0.0126953125 0.0146484375