1 0.720703125 0.1630859375 0.326171875 0.326171875
1 0.587890625 0.13623046875 0.306640625 0.2724609375
1 0.6259765625 0.40380859375 0.16015625 0.1337890625
1 0.5078125 0.59765625 0.349609375 0.439453125
1 0.5908203125 0.626953125 0.2646484375 0.3828125
1 0.47265625 0.82177734375 0.15625 0.13671875
1 0.38916015625 0.80078125 0.08984375 0.1015625
1 0.3427734375 0.7822265625 0.0908203125 0.1015625
1 0.408203125 0.56201171875 0.2890625 0.4013671875
1 0.224609375 0.2412109375 0.0703125 0.0625
1 0.21337890625 0.26806640625 0.0693359375 0.0556640625
1 0.11572265625 0.19775390625 0.0859375 0.103515625
1 0.068359375 0.18115234375 0.1103515625 0.1220703125
0 0.765625 0.115234375 0.033203125 0.0361328125
2 0.46337890625 0.72607421875 0.1826171875 0.171875
2 0.35986328125 0.703125 0.1025390625 0.107421875
0 0.49267578125 0.58447265625 0.017578125 0.0126953125
3 0.52587890625 0.63427734375 0.041015625 0.0341796875
3 0.42236328125 0.5302734375 0.044921875 0.046875
3 0.39892578125 0.59521484375 0.0439453125 0.0439453125
0 0.3671875 0.640625 0.0302734375 0.03125
0 0.42822265625 0.47900390625 0.033203125 0.0361328125
0 0.53759765625 0.5947265625 0.01953125 0.0224609375
0 0.720703125 0.1728515625 0.0126953125 0.013671875
0 0.4873046875 0.607421875 0.013671875 0.015625