1 0.81396484375 0.2890625 0.3720703125 0.361328125
1 0.77294921875 0.2177734375 0.4443359375 0.3095703125
1 0.28271484375 0.6259765625 0.5654296875 0.525390625
1 0.3125 0.6982421875 0.625 0.470703125
3 0.01171875 0.7353515625 0.0234375 0.044921875
3 0.115234375 0.65966796875 0.029296875 0.0302734375
3 0.1943359375 0.6123046875 0.0439453125 0.041015625
3 0.22216796875 0.58935546875 0.0283203125 0.03125
3 0.1005859375 0.884765625 0.041015625 0.037109375
3 0.2138671875 0.81689453125 0.025390625 0.02734375
3 0.32373046875 0.74609375 0.0263671875 0.0283203125
3 0.431640625 0.67626953125 0.0263671875 0.0302734375
3 0.53466796875 0.60986328125 0.0458984375 0.0478515625
3 0.7392578125 0.38427734375 0.0478515625 0.04296875
3 0.85400390625 0.314453125 0.046875 0.0439453125
3 0.96337890625 0.2412109375 0.03515625 0.0419921875
3 0.923828125 0.1357421875 0.03515625 0.037109375
3 0.8515625 0.09765625 0.0322265625 0.0302734375
3 0.736328125 0.16845703125 0.046875 0.0478515625
3 0.642578125 0.23095703125 0.0458984375 0.044921875
0 0.6015625 0.2568359375 0.029296875 0.0322265625
0 0.8056640625 0.17724609375 0.037109375 0.0302734375
0 0.87255859375 0.23974609375 0.0244140625 0.0224609375
0 0.326171875 0.68408203125 0.0205078125 0.01953125
0 0.10400390625 0.82177734375 0.013671875 0.015625
3 0.33056640625 0.52099609375 0.0263671875 0.029296875
3 0.4208984375 0.470703125 0.0478515625 0.0478515625
0 0.18115234375 0.70068359375 0.0419921875 0.0419921875