1 0.63720703125 0.3369140625 0.2626953125 0.26171875
1 0.740234375 0.408203125 0.251953125 0.275390625
1 0.7470703125 0.4287109375 0.087890625 0.0546875
1 0.73779296875 0.4453125 0.0634765625 0.078125
3 0.7919921875 0.42626953125 0.03125 0.0283203125
1 0.2333984375 0.60595703125 0.1875 0.2861328125
1 0.173828125 0.4658203125 0.27734375 0.365234375
1 0.4423828125 0.44970703125 0.296875 0.3466796875
1 0.40771484375 0.5908203125 0.1689453125 0.255859375
0 0.40771484375 0.6015625 0.0458984375 0.044921875
0 0.2236328125 0.5888671875 0.02734375 0.0234375
0 0.193359375 0.6171875 0.037109375 0.029296875
3 0.208984375 0.435546875 0.037109375 0.033203125