1 0.28173828125 0.37158203125 0.5634765625 0.5732421875
3 0.25537109375 0.40771484375 0.0556640625 0.0556640625
1 0.65234375 0.59130859375 0.6640625 0.611328125
2 0.50537109375 0.4638671875 0.1796875 0.23828125
2 0.58740234375 0.53125 0.177734375 0.240234375
2 0.68798828125 0.61865234375 0.1748046875 0.236328125
2 0.74658203125 0.6669921875 0.185546875 0.2431640625
2 0.8115234375 0.7236328125 0.1806640625 0.23828125
0 0.58251953125 0.681640625 0.404296875 0.3115234375
3 0.64013671875 0.5673828125 0.0546875 0.052734375
3 0.5302734375 0.4697265625 0.0205078125 0.0234375
3 0.6142578125 0.59130859375 0.0205078125 0.0205078125
3 0.767578125 0.56298828125 0.0234375 0.0244140625
3 0.47900390625 0.68310546875 0.0234375 0.03125
3 0.6845703125 0.56982421875 0.05078125 0.0458984375
0 0.13525390625 0.2587890625 0.0234375 0.0234375
0 0.16357421875 0.3154296875 0.0166015625 0.01953125
0 0.259765625 0.3564453125 0.017578125 0.0166015625
0 0.3798828125 0.4619140625 0.01953125 0.0205078125