1 0.4345703125 0.4814453125 0.25390625 0.248046875
1 0.35791015625 0.5654296875 0.2431640625 0.234375
1 0.84765625 0.86279296875 0.263671875 0.2548828125
1 0.767578125 0.9140625 0.2421875 0.171875
1 0.87939453125 0.138671875 0.2412109375 0.212890625
1 0.84130859375 0.06689453125 0.2568359375 0.1337890625
1 0.09423828125 0.1337890625 0.1884765625 0.24609375
1 0.05078125 0.25244140625 0.1015625 0.1689453125
0 0.333984375 0.5927734375 0.037109375 0.03515625
0 0.4326171875 0.57861328125 0.02734375 0.0341796875
0 0.7548828125 0.95751953125 0.033203125 0.0322265625
0 0.82861328125 0.0224609375 0.0322265625 0.029296875
0 0.01904296875 0.1171875 0.0380859375 0.072265625