1 0.36328125 0.39404296875 0.26953125 0.1806640625
1 0.3642578125 0.56298828125 0.267578125 0.1748046875
1 0.60693359375 0.5947265625 0.2392578125 0.17578125
1 0.60205078125 0.4287109375 0.2314453125 0.177734375
0 0.44287109375 0.45849609375 0.0244140625 0.0166015625
3 0.51220703125 0.42626953125 0.0166015625 0.0322265625
3 0.58251953125 0.4052734375 0.0146484375 0.03125
0 0.5107421875 0.50341796875 0.02734375 0.0185546875
3 0.55078125 0.45849609375 0.029296875 0.0263671875
3 0.5419921875 0.61767578125 0.02734375 0.0302734375
3 0.4609375 0.5771484375 0.021484375 0.033203125
3 0.40966796875 0.3720703125 0.0244140625 0.03515625
3 0.4296875 0.4384765625 0.013671875 0.02734375
0 0.51220703125 0.59228515625 0.0166015625 0.0166015625