1 0.84912109375 0.92822265625 0.2939453125 0.1435546875
1 0.6767578125 0.9130859375 0.25 0.173828125
1 0.41748046875 0.849609375 0.2646484375 0.296875
1 0.47216796875 0.95361328125 0.2373046875 0.0927734375
1 0.58349609375 0.7685546875 0.2568359375 0.27734375
1 0.30078125 0.6845703125 0.310546875 0.375
1 0.48779296875 0.5693359375 0.2470703125 0.263671875
1 0.41357421875 0.3525390625 0.2646484375 0.27734375
1 0.21923828125 0.4306640625 0.3173828125 0.302734375
1 0.2861328125 0.15185546875 0.330078125 0.3037109375
1 0.11669921875 0.2451171875 0.2333984375 0.3125
1 0.2177734375 0.0361328125 0.197265625 0.072265625
1 0.0791015625 0.080078125 0.15625 0.158203125
0 0.05078125 0.0322265625 0.033203125 0.03515625
0 0.08740234375 0.04638671875 0.0224609375 0.0283203125
0 0.1064453125 0.03369140625 0.017578125 0.0244140625
1 0.3017578125 0.091796875 0.068359375 0.0390625
1 0.296875 0.078125 0.0546875 0.044921875
1 0.34716796875 0.177734375 0.0673828125 0.03515625
1 0.33935546875 0.1630859375 0.0517578125 0.04296875
1 0.28125 0.1962890625 0.021484375 0.02734375
1 0.24169921875 0.11083984375 0.0263671875 0.0302734375
0 0.09716796875 0.115234375 0.0400390625 0.025390625
3 0.04052734375 0.2607421875 0.0595703125 0.095703125
0 0.19970703125 0.29736328125 0.0615234375 0.0478515625
0 0.033203125 0.33544921875 0.06640625 0.1201171875
0 0.216796875 0.4541015625 0.025390625 0.01953125
0 0.35400390625 0.46826171875 0.0263671875 0.0224609375
0 0.3095703125 0.595703125 0.03125 0.029296875
0 0.302734375 0.56689453125 0.046875 0.0361328125
0 0.33984375 0.6572265625 0.044921875 0.03515625
0 0.35986328125 0.69873046875 0.0458984375 0.0341796875
1 0.45654296875 0.50830078125 0.0791015625 0.0537109375
1 0.484375 0.5693359375 0.078125 0.0546875
1 0.51171875 0.6279296875 0.080078125 0.056640625
1 0.3037109375 0.77294921875 0.107421875 0.0771484375
1 0.267578125 0.689453125 0.109375 0.078125
1 0.2197265625 0.611328125 0.064453125 0.05078125
1 0.216796875 0.59375 0.068359375 0.033203125
1 0.44970703125 0.84375 0.0869140625 0.091796875
1 0.6025390625 0.73779296875 0.076171875 0.0419921875
1 0.60009765625 0.7197265625 0.0634765625 0.05078125
1 0.63916015625 0.81689453125 0.0732421875 0.0419921875
1 0.6328125 0.79638671875 0.05859375 0.0478515625
1 0.5 0.9189453125 0.0390625 0.029296875
1 0.5322265625 0.7412109375 0.01953125 0.021484375
0 0.455078125 0.73291015625 0.03125 0.0302734375
0 0.47900390625 0.716796875 0.0205078125 0.0234375
0 0.5498046875 0.82861328125 0.015625 0.0107421875
1 0.10693359375 0.92919921875 0.1904296875 0.1416015625