1 0.44482421875 0.38037109375 0.4296875 0.44921875
1 0.37939453125 0.46337890625 0.4130859375 0.427734375
0 0.43505859375 0.5009765625 0.013671875 0.0146484375
1 0.11767578125 0.25732421875 0.2353515625 0.3291015625
1 0.15478515625 0.2001953125 0.3095703125 0.27734375
0 0.08447265625 0.25146484375 0.0126953125 0.013671875
0 0.32470703125 0.4072265625 0.0166015625 0.017578125
0 0.34326171875 0.45166015625 0.0166015625 0.0166015625
0 0.24365234375 0.29931640625 0.03125 0.0322265625
1 0.8935546875 0.775390625 0.212890625 0.271484375
1 0.8291015625 0.84765625 0.2626953125 0.197265625
1 0.85302734375 0.890625 0.11328125 0.0810546875
1 0.72607421875 0.56103515625 0.1328125 0.1328125
1 0.77783203125 0.6025390625 0.12890625 0.126953125