1 0.38134765625 0.64111328125 0.2353515625 0.427734375
1 0.33544921875 0.6484375 0.0751953125 0.2138671875
1 0.50244140625 0.61328125 0.197265625 0.423828125
2 0.4765625 0.505859375 0.12890625 0.197265625
2 0.53173828125 0.716796875 0.134765625 0.1943359375
1 0.62451171875 0.57666015625 0.17578125 0.1923828125
1 0.5419921875 0.60107421875 0.0673828125 0.1826171875
3 0.40869140625 0.7080078125 0.04296875 0.0380859375
0 0.39208984375 0.6669921875 0.0166015625 0.01171875
0 0.3828125 0.609375 0.0205078125 0.017578125
3 0.3759765625 0.56689453125 0.0361328125 0.037109375
1 0.3974609375 0.25146484375 0.2080078125 0.0703125
1 0.39404296875 0.181640625 0.228515625 0.1552734375
1 0.36767578125 0.0771484375 0.2470703125 0.154296875
3 0.43115234375 0.18115234375 0.02734375 0.0283203125
3 0.40478515625 0.05810546875 0.0283203125 0.033203125
0 0.36279296875 0.10546875 0.0244140625 0.02734375
0 0.310546875 0.22705078125 0.015625 0.0146484375