1 0.7578125 0.6337890625 0.33984375 0.28125
1 0.708984375 0.5498046875 0.30859375 0.248046875
1 0.75439453125 0.4453125 0.1240234375 0.15234375
1 0.60009765625 0.5703125 0.1865234375 0.08984375
1 0.609375 0.49072265625 0.154296875 0.0888671875
1 0.69580078125 0.45166015625 0.1181640625 0.1318359375
1 0.5126953125 0.43603515625 0.255859375 0.2861328125
1 0.681640625 0.3232421875 0.294921875 0.24609375
1 0.6591796875 0.140625 0.173828125 0.177734375
1 0.5771484375 0.1923828125 0.142578125 0.169921875
1 0.55810546875 0.08935546875 0.1455078125 0.1220703125
0 0.60693359375 0.07421875 0.0224609375 0.025390625
0 0.544921875 0.11669921875 0.02734375 0.0263671875
0 0.6484375 0.07177734375 0.0234375 0.0224609375
1 0.71533203125 0.35205078125 0.0771484375 0.0654296875
1 0.46875 0.421875 0.10546875 0.1015625
1 0.521484375 0.50439453125 0.09765625 0.0927734375
0 0.62353515625 0.43017578125 0.0224609375 0.0205078125
0 0.65771484375 0.455078125 0.0263671875 0.025390625
0 0.708984375 0.318359375 0.0234375 0.0234375
0 0.73876953125 0.31689453125 0.0146484375 0.0126953125
0 0.6953125 0.35791015625 0.013671875 0.0126953125
0 0.80810546875 0.5966796875 0.0166015625 0.013671875
0 0.75927734375 0.62841796875 0.0166015625 0.0146484375
0 0.7021484375 0.66650390625 0.015625 0.0166015625
1 0.8564453125 0.85009765625 0.287109375 0.2998046875
1 0.7216796875 0.9814453125 0.111328125 0.037109375
1 0.8857421875 0.80078125 0.0859375 0.07421875
1 0.84130859375 0.87939453125 0.0869140625 0.0732421875
0 0.9462890625 0.89697265625 0.04296875 0.0576171875
0 0.7841796875 0.96044921875 0.025390625 0.0302734375
0 0.888671875 0.90283203125 0.013671875 0.0126953125
1 0.9638671875 0.95556640625 0.072265625 0.0888671875
1 0.06005859375 0.09130859375 0.1201171875 0.1806640625
1 0.0712890625 0.31201171875 0.142578125 0.2822265625
1 0.06982421875 0.5966796875 0.1396484375 0.291015625
1 0.07958984375 0.85498046875 0.1591796875 0.2255859375
1 0.08544921875 0.97802734375 0.1708984375 0.0439453125
0 0.056640625 0.96435546875 0.01953125 0.0166015625
0 0.6943359375 0.30029296875 0.013671875 0.0126953125