1 0.54931640625 0.66259765625 0.1865234375 0.22265625
1 0.36572265625 0.6826171875 0.20703125 0.1923828125
1 0.4111328125 0.42578125 0.318359375 0.3818359375
1 0.623046875 0.3203125 0.1806640625 0.1669921875
1 0.5849609375 0.4619140625 0.26171875 0.1796875
1 0.5498046875 0.55224609375 0.1826171875 0.056640625
1 0.44580078125 0.23876953125 0.2509765625 0.2783203125
1 0.7216796875 0.53466796875 0.1845703125 0.203125
3 0.5712890625 0.4541015625 0.0234375 0.0244140625
3 0.41943359375 0.6279296875 0.0283203125 0.0302734375
0 0.55908203125 0.5205078125 0.015625 0.01953125
0 0.494140625 0.49951171875 0.0234375 0.0224609375
0 0.4267578125 0.41015625 0.0224609375 0.0205078125