1 0.46142578125 0.40283203125 0.5244140625 0.7041015625
1 0.576171875 0.4716796875 0.544921875 0.681640625
1 0.5068359375 0.84814453125 0.330078125 0.3037109375
1 0.55810546875 0.78759765625 0.3779296875 0.2294921875
0 0.41357421875 0.671875 0.0244140625 0.025390625
3 0.52587890625 0.4970703125 0.0322265625 0.03125
3 0.33251953125 0.63232421875 0.0380859375 0.0341796875
3 0.68017578125 0.28369140625 0.0302734375 0.0283203125
3 0.5791015625 0.23291015625 0.03515625 0.0302734375
3 0.46435546875 0.62109375 0.0166015625 0.01171875
3 0.53125 0.541015625 0.0234375 0.013671875
3 0.58056640625 0.36083984375 0.0185546875 0.0126953125
1 0.966796875 0.52978515625 0.06640625 0.1201171875
1 0.9501953125 0.64453125 0.099609375 0.162109375
3 0.97265625 0.6142578125 0.0546875 0.06640625
3 0.46337890625 0.451171875 0.0380859375 0.03515625