1 0.3291015625 0.08251953125 0.216796875 0.1650390625
1 0.16650390625 0.1767578125 0.3154296875 0.3173828125
1 0.32568359375 0.3095703125 0.3251953125 0.3251953125
1 0.4833984375 0.16845703125 0.21875 0.2177734375
1 0.68798828125 0.443359375 0.2158203125 0.2255859375
1 0.51416015625 0.5654296875 0.337890625 0.3173828125
1 0.6806640625 0.69677734375 0.33203125 0.3330078125
1 0.8388671875 0.5546875 0.216796875 0.2177734375
1 0.8994140625 0.8583984375 0.17578125 0.2099609375
1 0.8125 0.9384765625 0.23828125 0.123046875
0 0.65673828125 0.708984375 0.0712890625 0.0400390625
0 0.68212890625 0.67431640625 0.0400390625 0.0400390625
0 0.5380859375 0.5751953125 0.0546875 0.0458984375
0 0.48095703125 0.58203125 0.078125 0.05078125
0 0.29150390625 0.32177734375 0.0654296875 0.0263671875
0 0.328125 0.29150390625 0.04296875 0.041015625
0 0.1162109375 0.19580078125 0.0712890625 0.0283203125
0 0.181640625 0.17919921875 0.0478515625 0.041015625
1 0.19970703125 0.9287109375 0.236328125 0.1240234375
1 0.09912109375 0.7412109375 0.1982421875 0.3203125
2 0.0888671875 0.73974609375 0.177734375 0.2822265625