1 0.4560546875 0.1494140625 0.189453125 0.298828125
1 0.380859375 0.17333984375 0.181640625 0.3271484375
1 0.27880859375 0.125 0.1455078125 0.1748046875
1 0.12841796875 0.18310546875 0.2568359375 0.2177734375
3 0.0859375 0.1484375 0.0322265625 0.044921875
3 0.2294921875 0.0927734375 0.0322265625 0.044921875
1 0.5947265625 0.51904296875 0.2421875 0.345703125
1 0.44873046875 0.57568359375 0.2802734375 0.3818359375
1 0.64697265625 0.89990234375 0.1396484375 0.1748046875
1 0.73046875 0.87109375 0.138671875 0.1708984375
1 0.47607421875 0.93994140625 0.3369140625 0.1201171875
3 0.4423828125 0.49169921875 0.0390625 0.033203125
3 0.49658203125 0.6357421875 0.0439453125 0.0390625
3 0.55859375 0.4443359375 0.03125 0.021484375
3 0.6142578125 0.59765625 0.0302734375 0.02734375
0 0.5185546875 0.53857421875 0.03125 0.0478515625
0 0.59619140625 0.51708984375 0.03125 0.0361328125
0 0.66015625 0.5712890625 0.0185546875 0.0166015625
0 0.6123046875 0.4453125 0.0146484375 0.0166015625
3 0.5625 0.9765625 0.0283203125 0.0361328125
0 0.484375 0.98876953125 0.041015625 0.0224609375
0 0.408203125 0.98388671875 0.01171875 0.015625
0 0.53564453125 0.93994140625 0.0166015625 0.0166015625