1 0.64208984375 0.45361328125 0.3203125 0.400390625
1 0.53564453125 0.380859375 0.33203125 0.4091796875
1 0.904296875 0.11181640625 0.1513671875 0.1005859375
1 0.81689453125 0.06787109375 0.072265625 0.0380859375
1 0.513671875 0.9599609375 0.166015625 0.080078125
1 0.419921875 0.93994140625 0.1201171875 0.1201171875
1 0.333984375 0.9013671875 0.1875 0.1728515625
1 0.05322265625 0.79931640625 0.1064453125 0.2021484375
1 0.05078125 0.875 0.1015625 0.095703125
1 0.060546875 0.240234375 0.0537109375 0.1083984375
1 0.10400390625 0.130859375 0.099609375 0.15625
0 0.6328125 0.33447265625 0.0322265625 0.029296875
0 0.521484375 0.4853515625 0.0361328125 0.03515625