1 0.8232421875 0.4990234375 0.193359375 0.2265625
1 0.68701171875 0.51025390625 0.1728515625 0.2509765625
1 0.50537109375 0.66845703125 0.2314453125 0.3056640625
1 0.4873046875 0.47119140625 0.1953125 0.1552734375
1 0.59228515625 0.50927734375 0.0966796875 0.2392578125
1 0.75634765625 0.6943359375 0.3271484375 0.251953125
1 0.7255859375 0.72900390625 0.083984375 0.0419921875
1 0.7314453125 0.76708984375 0.078125 0.0595703125
1 0.6875 0.75537109375 0.03125 0.0908203125
1 0.95556640625 0.22705078125 0.0654296875 0.0830078125
1 0.94482421875 0.14013671875 0.1103515625 0.1181640625
3 0.970703125 0.13037109375 0.03515625 0.0361328125
0 0.68115234375 0.5673828125 0.0126953125 0.01171875
3 0.658203125 0.56103515625 0.03125 0.0341796875
0 0.533203125 0.6376953125 0.013671875 0.013671875
0 0.70263671875 0.68994140625 0.0126953125 0.0166015625
0 0.76708984375 0.67919921875 0.0205078125 0.0205078125
0 0.8095703125 0.62939453125 0.017578125 0.0185546875
0 0.59814453125 0.666015625 0.0146484375 0.015625
0 0.5771484375 0.634765625 0.017578125 0.015625
0 0.626953125 0.60302734375 0.015625 0.0185546875
0 0.59033203125 0.57421875 0.0146484375 0.013671875
0 0.55712890625 0.60400390625 0.0146484375 0.0146484375
0 0.53515625 0.56982421875 0.01171875 0.0107421875
0 0.53662109375 0.5302734375 0.0166015625 0.015625
0 0.7060546875 0.54833984375 0.01953125 0.0185546875
1 0.103515625 0.791015625 0.20703125 0.251953125
1 0.16357421875 0.88623046875 0.2626953125 0.1435546875
2 0.1005859375 0.8154296875 0.201171875 0.201171875
2 0.14404296875 0.8779296875 0.1923828125 0.1171875
3 0.212890625 0.9443359375 0.0390625 0.021484375