1 0.57861328125 0.54296875 0.8427734375 0.876953125
3 0.802734375 0.47021484375 0.076171875 0.072265625
3 0.74951171875 0.505859375 0.0556640625 0.052734375
3 0.6806640625 0.591796875 0.072265625 0.0732421875
3 0.63916015625 0.63525390625 0.072265625 0.076171875
3 0.55322265625 0.70166015625 0.056640625 0.0537109375
3 0.513671875 0.75732421875 0.07421875 0.076171875
3 0.35107421875 0.68359375 0.03125 0.033203125
0 0.39306640625 0.67236328125 0.0361328125 0.0361328125
3 0.4072265625 0.62890625 0.0576171875 0.0576171875
3 0.4365234375 0.59814453125 0.0576171875 0.0595703125
3 0.47314453125 0.63427734375 0.0400390625 0.04296875
3 0.48046875 0.55078125 0.029296875 0.0283203125
0 0.51611328125 0.54931640625 0.03515625 0.0361328125
3 0.529296875 0.5048828125 0.056640625 0.05859375
3 0.5595703125 0.4775390625 0.0576171875 0.0595703125
0 0.599609375 0.46533203125 0.0361328125 0.037109375
3 0.603515625 0.42919921875 0.0283203125 0.0302734375
3 0.6513671875 0.38427734375 0.0556640625 0.0615234375
3 0.6826171875 0.35400390625 0.05859375 0.060546875
0 0.724609375 0.3408203125 0.037109375 0.037109375
3 0.73779296875 0.29638671875 0.0283203125 0.029296875
3 0.685546875 0.423828125 0.04296875 0.04296875
2 0.638671875 0.26171875 0.1162109375 0.037109375
2 0.513671875 0.38623046875 0.119140625 0.0419921875
2 0.396484375 0.5068359375 0.1171875 0.0498046875
2 0.2744140625 0.62841796875 0.1220703125 0.04296875