1 0.478515625 0.1669921875 0.6318359375 0.2890625
1 0.48291015625 0.41015625 0.642578125 0.455078125
1 0.578125 0.15625 0.08203125 0.109375
1 0.37890625 0.1689453125 0.08203125 0.111328125
1 0.41845703125 0.31640625 0.1044921875 0.064453125
1 0.55419921875 0.3076171875 0.1044921875 0.060546875
3 0.68017578125 0.1259765625 0.0244140625 0.02734375
3 0.4775390625 0.15283203125 0.0380859375 0.0341796875
3 0.27392578125 0.15283203125 0.0283203125 0.0263671875
3 0.27978515625 0.349609375 0.04296875 0.0224609375
0 0.48583984375 0.26611328125 0.0322265625 0.01953125
3 0.70068359375 0.3251953125 0.046875 0.0244140625
3 0.55859375 0.3427734375 0.0810546875 0.033203125
3 0.42529296875 0.353515625 0.08203125 0.0400390625