1 0.50244140625 0.4140625 0.09765625 0.09765625
1 0.564453125 0.4052734375 0.099609375 0.1064453125
1 0.54345703125 0.607421875 0.263671875 0.3564453125
1 0.6669921875 0.5859375 0.267578125 0.38671875
1 0.53564453125 0.62646484375 0.07421875 0.060546875
1 0.53369140625 0.60498046875 0.0751953125 0.0458984375
1 0.52490234375 0.56982421875 0.0634765625 0.05078125
1 0.5244140625 0.548828125 0.076171875 0.046875
2 0.583984375 0.60595703125 0.1591796875 0.302734375
1 0.54150390625 0.67724609375 0.0703125 0.0478515625
1 0.5419921875 0.66162109375 0.076171875 0.044921875
1 0.67822265625 0.59521484375 0.078125 0.046875
2 0.62646484375 0.599609375 0.1689453125 0.3212890625
1 0.67626953125 0.5771484375 0.0703125 0.05859375
1 0.6708984375 0.53857421875 0.078125 0.05078125
1 0.6689453125 0.5205078125 0.0703125 0.0537109375
1 0.68603515625 0.65185546875 0.072265625 0.044921875
1 0.685546875 0.6328125 0.068359375 0.052734375