1 0.5712890625 0.5263671875 0.4736328125 0.4560546875
1 0.412109375 0.43212890625 0.248046875 0.1513671875
1 0.46435546875 0.375 0.15234375 0.2421875
1 0.59619140625 0.35205078125 0.2294921875 0.2685546875
1 0.72900390625 0.41259765625 0.1259765625 0.1318359375
1 0.59130859375 0.62109375 0.146484375 0.23046875
1 0.6298828125 0.57080078125 0.2265625 0.1455078125
1 0.41845703125 0.5791015625 0.271484375 0.2431640625
3 0.4033203125 0.51171875 0.0537109375 0.0517578125
3 0.50634765625 0.42529296875 0.0341796875 0.03515625
3 0.541015625 0.38330078125 0.037109375 0.0390625
3 0.5595703125 0.42041015625 0.0361328125 0.0341796875
3 0.693359375 0.3671875 0.0546875 0.0546875
3 0.515625 0.69091796875 0.041015625 0.0439453125
0 0.56298828125 0.49267578125 0.01953125 0.01953125
3 0.43017578125 0.56201171875 0.0361328125 0.0380859375