1 0.54150390625 0.4404296875 0.2939453125 0.13671875
1 0.529296875 0.564453125 0.310546875 0.13671875
3 0.58447265625 0.43896484375 0.0390625 0.0322265625
3 0.513671875 0.55029296875 0.0263671875 0.033203125
0 0.4365234375 0.3876953125 0.017578125 0.015625
0 0.41650390625 0.580078125 0.01171875 0.0126953125
0 0.654296875 0.39990234375 0.015625 0.017578125
1 0.4658203125 0.1552734375 0.1630859375 0.279296875
1 0.59619140625 0.16162109375 0.130859375 0.28125
0 0.4326171875 0.251953125 0.0087890625 0.01953125
0 0.63232421875 0.03955078125 0.015625 0.025390625