1 0.5830078125 0.46142578125 0.369140625 0.3974609375
1 0.46826171875 0.533203125 0.388671875 0.3994140625
1 0.17822265625 0.43798828125 0.185546875 0.17578125
1 0.142578125 0.38671875 0.193359375 0.1787109375
1 0.16650390625 0.10546875 0.2529296875 0.2109375
1 0.25439453125 0.07080078125 0.2509765625 0.1416015625
1 0.32568359375 0.55712890625 0.1083984375 0.1005859375
1 0.27587890625 0.52880859375 0.1044921875 0.107421875
1 0.3232421875 0.5 0.1025390625 0.103515625
1 0.2734375 0.47265625 0.10546875 0.095703125
1 0.81494140625 0.89697265625 0.2392578125 0.2060546875
1 0.681640625 0.9091796875 0.205078125 0.181640625
0 0.5390625 0.43603515625 0.0244140625 0.029296875
0 0.43603515625 0.5 0.037109375 0.03515625
0 0.4130859375 0.5068359375 0.0283203125 0.0234375
1 0.24853515625 0.7548828125 0.1015625 0.0947265625
1 0.27099609375 0.794921875 0.1005859375 0.0966796875
1 0.3369140625 0.8837890625 0.1435546875 0.1103515625
1 0.35302734375 0.931640625 0.1376953125 0.107421875
1 0.06201171875 0.8837890625 0.1240234375 0.1328125
0 0.15673828125 0.044921875 0.02734375 0.029296875
0 0.0830078125 0.03173828125 0.0205078125 0.0205078125
0 0.5078125 0.56494140625 0.0087890625 0.0107421875
0 0.70166015625 0.95654296875 0.0234375 0.0244140625