1 0.5849609375 0.5029296875 0.2568359375 0.376953125
1 0.4560546875 0.47998046875 0.2880859375 0.3828125
1 0.447265625 0.45263671875 0.1279296875 0.1103515625
1 0.435546875 0.49658203125 0.1513671875 0.0810546875
2 0.43359375 0.59423828125 0.1748046875 0.1494140625
2 0.47607421875 0.38330078125 0.1591796875 0.1650390625
0 0.59716796875 0.6572265625 0.017578125 0.0146484375
3 0.5732421875 0.580078125 0.0439453125 0.044921875
3 0.61279296875 0.48876953125 0.04296875 0.046875
3 0.626953125 0.4130859375 0.0439453125 0.0458984375
0 0.64404296875 0.44677734375 0.0205078125 0.0205078125
3 0.427734375 0.3818359375 0.0498046875 0.048828125
3 0.39697265625 0.57177734375 0.05078125 0.044921875
1 0.67724609375 0.9443359375 0.2568359375 0.1044921875
1 0.55712890625 0.9609375 0.0751953125 0.078125