1 0.478515625 0.53759765625 0.4970703125 0.4384765625
1 0.56494140625 0.4365234375 0.4970703125 0.4365234375
1 0.42138671875 0.60302734375 0.431640625 0.3662109375
1 0.6220703125 0.375 0.4423828125 0.3623046875
3 0.6162109375 0.37841796875 0.05859375 0.04296875
3 0.685546875 0.4384765625 0.05859375 0.056640625
3 0.61328125 0.53125 0.041015625 0.0400390625
3 0.48779296875 0.49658203125 0.05078125 0.0517578125
3 0.4970703125 0.419921875 0.0341796875 0.03515625
3 0.30078125 0.4912109375 0.1416015625 0.1220703125
3 0.52685546875 0.69677734375 0.1669921875 0.14453125
3 0.4404296875 0.61572265625 0.0517578125 0.0478515625
3 0.37451171875 0.55517578125 0.0546875 0.0478515625
0 0.544921875 0.5224609375 0.0205078125 0.017578125
0 0.431640625 0.38671875 0.021484375 0.0244140625
1 0.076171875 0.22705078125 0.126953125 0.22265625