1 0.51611328125 0.40869140625 0.3544921875 0.4443359375
1 0.6220703125 0.4794921875 0.34375 0.443359375
1 0.80517578125 0.20263671875 0.2041015625 0.2431640625
1 0.724609375 0.1455078125 0.205078125 0.23828125
0 0.8173828125 0.23583984375 0.017578125 0.0185546875
1 0.2216796875 0.18017578125 0.287109375 0.2939453125
1 0.10400390625 0.11669921875 0.2080078125 0.1689453125
1 0.0576171875 0.111328125 0.08984375 0.08203125
1 0.12255859375 0.05810546875 0.0673828125 0.0400390625
0 0.291015625 0.20703125 0.021484375 0.01953125
0 0.10498046875 0.189453125 0.0244140625 0.02734375
1 0.34423828125 0.07421875 0.2646484375 0.1484375