1 0.53759765625 0.48779296875 0.259765625 0.2978515625
1 0.447265625 0.552734375 0.2353515625 0.2861328125
1 0.1640625 0.77001953125 0.251953125 0.298828125
1 0.11181640625 0.8291015625 0.1640625 0.275390625
1 0.15673828125 0.2880859375 0.3115234375 0.2705078125
1 0.20458984375 0.1484375 0.1689453125 0.2255859375
1 0.07958984375 0.166015625 0.1591796875 0.216796875
1 0.01953125 0.34912109375 0.0390625 0.1455078125
1 0.87646484375 0.21435546875 0.2060546875 0.30859375
1 0.814453125 0.27978515625 0.2666015625 0.3154296875
2 0.884765625 0.20458984375 0.1767578125 0.244140625
2 0.81103515625 0.27880859375 0.21484375 0.267578125
0 0.794921875 0.2900390625 0.025390625 0.025390625
0 0.42822265625 0.5703125 0.033203125 0.0322265625
0 0.48046875 0.65185546875 0.0283203125 0.037109375
0 0.06103515625 0.849609375 0.017578125 0.0263671875
0 0.1064453125 0.9296875 0.021484375 0.0234375
0 0.06201171875 0.2626953125 0.02734375 0.03125
0 0.08837890625 0.23779296875 0.02734375 0.0322265625
0 0.11962890625 0.22314453125 0.033203125 0.0341796875