1 0.47265625 0.18212890625 0.166015625 0.2236328125
1 0.3232421875 0.193359375 0.16015625 0.216796875
1 0.5 0.52685546875 0.169921875 0.2275390625
1 0.34716796875 0.53662109375 0.1669921875 0.2158203125
1 0.376953125 0.8828125 0.16796875 0.21484375
1 0.5302734375 0.87060546875 0.16796875 0.2236328125
2 0.40966796875 0.8818359375 0.0517578125 0.109375
2 0.5517578125 0.8515625 0.03515625 0.029296875
2 0.525390625 0.501953125 0.033203125 0.02734375
0 0.53662109375 0.43310546875 0.0146484375 0.0146484375
0 0.564453125 0.77880859375 0.015625 0.0126953125