1 0.3173828125 0.361328125 0.54296875 0.298828125
1 0.20947265625 0.4638671875 0.380859375 0.2138671875
1 0.43798828125 0.54541015625 0.2060546875 0.173828125
1 0.6455078125 0.46044921875 0.21875 0.1923828125
1 0.60595703125 0.58935546875 0.2001953125 0.1748046875
0 0.634765625 0.51171875 0.0283203125 0.0302734375
3 0.4833984375 0.533203125 0.033203125 0.0390625
3 0.3974609375 0.5068359375 0.0244140625 0.03515625
3 0.43603515625 0.43701171875 0.025390625 0.0361328125
3 0.30908203125 0.40673828125 0.03125 0.03125
0 0.1357421875 0.35986328125 0.033203125 0.033203125
0 0.23828125 0.333984375 0.02734375 0.0234375
0 0.345703125 0.4091796875 0.0283203125 0.03125
0 0.4521484375 0.46337890625 0.029296875 0.0322265625
0 0.44287109375 0.6005859375 0.0224609375 0.0244140625
1 0.41162109375 0.92626953125 0.2744140625 0.1474609375
1 0.3056640625 0.98193359375 0.0673828125 0.021484375
1 0.6845703125 0.93212890625 0.189453125 0.1357421875
1 0.76953125 0.041015625 0.1884765625 0.064453125
1 0.6357421875 0.01708984375 0.0966796875 0.0263671875
1 0.06494140625 0.8359375 0.1298828125 0.2890625
0 0.0419921875 0.8681640625 0.01953125 0.0185546875