1 0.46337890625 0.4365234375 0.2998046875 0.138671875
1 0.46533203125 0.55908203125 0.2998046875 0.1396484375
3 0.42138671875 0.43212890625 0.0400390625 0.0341796875
3 0.482421875 0.54931640625 0.025390625 0.0322265625
0 0.57373046875 0.3935546875 0.0185546875 0.015625
0 0.576171875 0.5869140625 0.01171875 0.013671875
0 0.35498046875 0.3876953125 0.0166015625 0.017578125
1 0.5634765625 0.15869140625 0.154296875 0.2763671875
1 0.4326171875 0.15185546875 0.125 0.2802734375
0 0.58984375 0.2587890625 0.009765625 0.01953125
0 0.408203125 0.02978515625 0.017578125 0.0263671875