1 0.49609375 0.4140625 0.30859375 0.166015625
1 0.4521484375 0.4013671875 0.1015625 0.109375
1 0.54345703125 0.416015625 0.125 0.1181640625
1 0.4794921875 0.53076171875 0.314453125 0.166015625
1 0.33349609375 0.81201171875 0.1884765625 0.3251953125
1 0.47216796875 0.8359375 0.2041015625 0.328125
1 0.48583984375 0.79443359375 0.1552734375 0.1103515625
1 0.47216796875 0.88232421875 0.162109375 0.1171875
3 0.3291015625 0.79833984375 0.03125 0.025390625
0 0.421875 0.78466796875 0.021484375 0.0244140625
2 0.45654296875 0.73681640625 0.0654296875 0.072265625
2 0.52783203125 0.7373046875 0.0869140625 0.0986328125
2 0.4609375 0.92529296875 0.1611328125 0.1494140625
1 0.0849609375 0.5009765625 0.169921875 0.404296875
0 0.49560546875 0.5517578125 0.021484375 0.0263671875
3 0.46142578125 0.54443359375 0.029296875 0.0263671875
0 0.3515625 0.5302734375 0.0166015625 0.015625
0 0.43505859375 0.50146484375 0.009765625 0.0126953125