1 0.58544921875 0.5576171875 0.3525390625 0.337890625
1 0.48828125 0.44189453125 0.3466796875 0.3359375
0 0.43310546875 0.4599609375 0.013671875 0.015625
0 0.4111328125 0.44921875 0.021484375 0.021484375
1 0.875 0.17333984375 0.25 0.2939453125
1 0.7734375 0.11181640625 0.2802734375 0.197265625
0 0.9228515625 0.1396484375 0.041015625 0.041015625
1 0.30517578125 0.111328125 0.2705078125 0.22265625
1 0.234375 0.1064453125 0.23046875 0.212890625
1 0.1123046875 0.09814453125 0.158203125 0.1962890625
1 0.10400390625 0.14990234375 0.150390625 0.126953125
1 0.09130859375 0.33056640625 0.1806640625 0.3037109375
1 0.08984375 0.27685546875 0.1552734375 0.1923828125
1 0.23388671875 0.3076171875 0.1650390625 0.2236328125
1 0.26904296875 0.24853515625 0.2138671875 0.1484375
3 0.197265625 0.03662109375 0.05078125 0.046875
3 0.37451171875 0.1123046875 0.0400390625 0.0419921875
3 0.341796875 0.14501953125 0.04296875 0.0478515625
3 0.32275390625 0.2177734375 0.041015625 0.0361328125
3 0.0927734375 0.4013671875 0.04296875 0.048828125
1 0.025390625 0.85400390625 0.05078125 0.1630859375
1 0.0625 0.9052734375 0.125 0.11328125
1 0.91650390625 0.9248046875 0.0966796875 0.150390625
0 0.775390625 0.09912109375 0.017578125 0.0126953125
0 0.29931640625 0.15283203125 0.0224609375 0.017578125
0 0.2001953125 0.0859375 0.0166015625 0.01953125
0 0.04345703125 0.21533203125 0.0185546875 0.017578125