1 0.2626953125 0.89111328125 0.306640625 0.2177734375
1 0.1865234375 0.95556640625 0.22265625 0.0888671875
1 0.486328125 0.50634765625 0.43359375 0.3701171875
1 0.77880859375 0.59423828125 0.4033203125 0.4384765625
1 0.70458984375 0.35498046875 0.3251953125 0.3330078125
1 0.8916015625 0.05419921875 0.109375 0.1083984375
1 0.7685546875 0.12353515625 0.15234375 0.2470703125
1 0.8544921875 0.173828125 0.17578125 0.23046875
1 0.9365234375 0.1826171875 0.126953125 0.2265625
0 0.73046875 0.5458984375 0.025390625 0.021484375
0 0.70654296875 0.57373046875 0.0244140625 0.0224609375
3 0.60546875 0.5263671875 0.033203125 0.03125
3 0.56005859375 0.59326171875 0.0322265625 0.0322265625
3 0.47119140625 0.53662109375 0.0302734375 0.0322265625
3 0.5146484375 0.47216796875 0.029296875 0.0302734375
3 0.4306640625 0.43017578125 0.037109375 0.0302734375
3 0.44921875 0.40478515625 0.033203125 0.0341796875
0 0.53662109375 0.435546875 0.0205078125 0.021484375
3 0.65869140625 0.322265625 0.0263671875 0.0234375
3 0.603515625 0.40380859375 0.029296875 0.0263671875
3 0.6181640625 0.38525390625 0.02734375 0.0263671875
3 0.66650390625 0.45263671875 0.0263671875 0.0263671875
3 0.6826171875 0.43408203125 0.025390625 0.0244140625
3 0.697265625 0.27099609375 0.025390625 0.0244140625
0 0.810546875 0.10107421875 0.021484375 0.0205078125