1 0.548828125 0.49072265625 0.23828125 0.328125
1 0.4091796875 0.54736328125 0.359375 0.3779296875
1 0.22265625 0.11474609375 0.306640625 0.2294921875
1 0.171875 0.04052734375 0.173828125 0.0810546875
1 0.892578125 0.3134765625 0.21484375 0.396484375
1 0.966796875 0.18359375 0.06640625 0.173828125
0 0.96337890625 0.294921875 0.0302734375 0.025390625
2 0.4228515625 0.4677734375 0.0751953125 0.0810546875
0 0.47998046875 0.5703125 0.0546875 0.0478515625
0 0.60205078125 0.54296875 0.0146484375 0.0166015625
0 0.22607421875 0.1064453125 0.03125 0.0341796875
0 0.19384765625 0.12890625 0.025390625 0.0322265625
1 0.3681640625 0.01025390625 0.060546875 0.0205078125
0 0.328125 0.0556640625 0.0244140625 0.0234375