1 0.61181640625 0.60888671875 0.1865234375 0.33203125
1 0.458984375 0.591796875 0.2880859375 0.3671875
1 0.61572265625 0.62548828125 0.0830078125 0.078125
1 0.45849609375 0.60205078125 0.11328125 0.0673828125
1 0.435546875 0.6669921875 0.1044921875 0.07421875
0 0.4462890625 0.5625 0.0380859375 0.0302734375
1 0.43701171875 0.873046875 0.1845703125 0.25390625
1 0.501953125 0.76171875 0.0771484375 0.0908203125
1 0.29931640625 0.84814453125 0.244140625 0.2890625
1 0.44189453125 0.888671875 0.08984375 0.078125
1 0.4609375 0.82177734375 0.087890625 0.080078125
1 0.2666015625 0.91650390625 0.091796875 0.0654296875
1 0.29248046875 0.84033203125 0.095703125 0.0732421875
0 0.2880859375 0.7763671875 0.0478515625 0.0322265625
1 0.19970703125 0.9638671875 0.1865234375 0.072265625
1 0.1083984375 0.541015625 0.216796875 0.203125
1 0.1083984375 0.39794921875 0.216796875 0.2177734375
1 0.046875 0.54443359375 0.0869140625 0.0986328125
1 0.09716796875 0.39599609375 0.0576171875 0.095703125
1 0.03173828125 0.37744140625 0.060546875 0.0927734375
1 0.49609375 0.16845703125 0.326171875 0.2158203125
1 0.49169921875 0.1748046875 0.0908203125 0.103515625
1 0.53857421875 0.06982421875 0.2509765625 0.1396484375
1 0.54248046875 0.03515625 0.0595703125 0.0703125
1 0.47412109375 0.0263671875 0.0615234375 0.052734375
1 0.4228515625 0.17431640625 0.0380859375 0.0322265625
1 0.58203125 0.02294921875 0.0146484375 0.0234375
1 0.26806640625 0.09130859375 0.2978515625 0.15234375
1 0.28759765625 0.0673828125 0.1064453125 0.0908203125
1 0.205078125 0.05859375 0.0732421875 0.0537109375
1 0.240234375 0.0615234375 0.0322265625 0.03125