1 0.54736328125 0.44384765625 0.234375 0.34765625
1 0.4267578125 0.46923828125 0.2265625 0.3515625
1 0.73876953125 0.54150390625 0.154296875 0.1025390625
1 0.71728515625 0.4833984375 0.1640625 0.095703125
1 0.65673828125 0.53173828125 0.0517578125 0.1123046875
1 0.45068359375 0.7509765625 0.0615234375 0.0859375
1 0.41455078125 0.76025390625 0.056640625 0.08203125
3 0.5673828125 0.46484375 0.0322265625 0.0361328125
3 0.42333984375 0.49462890625 0.0283203125 0.03125
0 0.38427734375 0.4052734375 0.021484375 0.0234375
0 0.74365234375 0.486328125 0.0185546875 0.017578125