1 0.64404296875 0.49267578125 0.3525390625 0.6337890625
0 0.51904296875 0.2646484375 0.0107421875 0.01171875
0 0.62939453125 0.3251953125 0.0087890625 0.009765625
0 0.57568359375 0.39111328125 0.0126953125 0.0146484375
0 0.60595703125 0.44091796875 0.0126953125 0.0126953125
0 0.69873046875 0.45849609375 0.0126953125 0.0166015625
0 0.64697265625 0.626953125 0.0107421875 0.009765625
0 0.5625 0.58203125 0.01171875 0.01171875
0 0.59423828125 0.72998046875 0.0126953125 0.0146484375
1 0.02978515625 0.123046875 0.0595703125 0.24609375
3 0.0048828125 0.00439453125 0.009765625 0.0087890625
3 0.00634765625 0.0703125 0.0126953125 0.013671875
3 0.00927734375 0.18505859375 0.0185546875 0.0166015625