1 0.66455078125 0.14501953125 0.3291015625 0.2783203125
1 0.72509765625 0.076171875 0.3212890625 0.15234375
3 0.71240234375 0.0439453125 0.0322265625 0.03515625
0 0.65625 0.10791015625 0.01953125 0.0185546875
0 0.7568359375 0.13134765625 0.0234375 0.0244140625
1 0.52490234375 0.560546875 0.2158203125 0.27734375
1 0.38916015625 0.4736328125 0.2529296875 0.259765625
3 0.525390625 0.59423828125 0.0390625 0.0458984375
3 0.41943359375 0.41796875 0.0380859375 0.037109375
0 0.404296875 0.47265625 0.0234375 0.021484375
1 0.1845703125 0.93701171875 0.3125 0.1259765625
1 0.21435546875 0.962890625 0.1396484375 0.07421875