1 0.81787109375 0.22998046875 0.3642578125 0.4169921875
1 0.69384765625 0.3583984375 0.376953125 0.259765625
1 0.529296875 0.40478515625 0.4091796875 0.2939453125
1 0.87841796875 0.77197265625 0.2275390625 0.4130859375
1 0.79443359375 0.89501953125 0.3271484375 0.2099609375
1 0.5849609375 0.92626953125 0.240234375 0.1474609375
3 0.583984375 0.90869140625 0.0361328125 0.0341796875
3 0.7626953125 0.84814453125 0.0361328125 0.0400390625
3 0.89599609375 0.7978515625 0.03515625 0.0341796875
3 0.8955078125 0.2646484375 0.0380859375 0.0380859375
3 0.92919921875 0.20654296875 0.041015625 0.0400390625
3 0.9130859375 0.13671875 0.0400390625 0.0419921875
3 0.76611328125 0.23779296875 0.0341796875 0.033203125
0 0.923828125 0.2861328125 0.0283203125 0.0224609375
0 0.95947265625 0.3349609375 0.0244140625 0.0185546875
0 0.98193359375 0.17626953125 0.0234375 0.0244140625
0 0.98583984375 0.20751953125 0.0146484375 0.01171875
3 0.63232421875 0.28564453125 0.0361328125 0.033203125
3 0.45654296875 0.34716796875 0.033203125 0.03125