1 0.533203125 0.5830078125 0.271484375 0.6376953125
1 0.5791015625 0.828125 0.1083984375 0.080078125
1 0.57275390625 0.767578125 0.119140625 0.076171875
1 0.56884765625 0.6845703125 0.1103515625 0.078125
1 0.55859375 0.62744140625 0.1162109375 0.078125
1 0.55224609375 0.544921875 0.1083984375 0.080078125
1 0.5439453125 0.4853515625 0.1240234375 0.0791015625
1 0.5400390625 0.400390625 0.1103515625 0.0810546875
1 0.53369140625 0.3427734375 0.1162109375 0.078125
1 0.38720703125 0.5966796875 0.248046875 0.6337890625
1 0.33837890625 0.35595703125 0.099609375 0.083984375
1 0.34375 0.41845703125 0.095703125 0.07421875
1 0.35009765625 0.49951171875 0.111328125 0.078125
1 0.357421875 0.56103515625 0.1044921875 0.07421875
1 0.3642578125 0.6396484375 0.107421875 0.08203125
1 0.37451171875 0.703125 0.107421875 0.080078125
1 0.37744140625 0.7841796875 0.1064453125 0.08203125
1 0.38720703125 0.845703125 0.1064453125 0.076171875
3 0.49267578125 0.74658203125 0.0361328125 0.0205078125
0 0.51171875 0.86767578125 0.0126953125 0.015625
3 0.49169921875 0.7158203125 0.0322265625 0.0244140625
3 0.47607421875 0.6240234375 0.0380859375 0.02734375
3 0.470703125 0.55712890625 0.03515625 0.0322265625
3 0.46826171875 0.462890625 0.03125 0.021484375
3 0.4638671875 0.4326171875 0.0361328125 0.0302734375
1 0.53271484375 0.05712890625 0.1728515625 0.1142578125
3 0.4921875 0.07958984375 0.01953125 0.0205078125
1 0.55908203125 0.03955078125 0.1083984375 0.0791015625
1 0.5517578125 0.009765625 0.1015625 0.01953125
1 0.38818359375 0.0634765625 0.15234375 0.123046875
1 0.3623046875 0.05419921875 0.1015625 0.072265625
1 0.3583984375 0.0224609375 0.095703125 0.02734375
3 0.435546875 0.60986328125 0.0263671875 0.0224609375
0 0.421875 0.43603515625 0.0244140625 0.0263671875
0 0.4541015625 0.7431640625 0.017578125 0.017578125