1 0.560546875 0.43115234375 0.369140625 0.3359375
1 0.4833984375 0.54296875 0.388671875 0.3427734375
1 0.1796875 0.5693359375 0.158203125 0.1787109375
1 0.12744140625 0.53466796875 0.1650390625 0.1787109375
1 0.07421875 0.24658203125 0.1484375 0.2255859375
1 0.10595703125 0.17041015625 0.2119140625 0.1728515625
1 0.36181640625 0.62109375 0.0869140625 0.1044921875
1 0.30517578125 0.61376953125 0.099609375 0.0966796875
1 0.33642578125 0.5693359375 0.0986328125 0.0927734375
1 0.28076171875 0.56396484375 0.0859375 0.1005859375
1 0.916015625 0.77685546875 0.16796875 0.2412109375
1 0.8515625 0.82861328125 0.1943359375 0.2265625
0 0.51123046875 0.42578125 0.01953125 0.02734375
0 0.44091796875 0.525390625 0.033203125 0.033203125
0 0.42236328125 0.54248046875 0.029296875 0.021484375
1 0.3681640625 0.833984375 0.091796875 0.09375
1 0.4052734375 0.86083984375 0.0908203125 0.09375
1 0.50048828125 0.9169921875 0.134765625 0.115234375
1 0.53271484375 0.94921875 0.1279296875 0.1015625
0 0.0087890625 0.2138671875 0.017578125 0.02734375
0 0.5322265625 0.556640625 0.0107421875 0.01171875
0 0.86474609375 0.84130859375 0.021484375 0.0234375