1 0.521484375 0.4365234375 0.298828125 0.1796875
1 0.4912109375 0.5771484375 0.302734375 0.21875
1 0.88232421875 0.51318359375 0.2353515625 0.1728515625
1 0.8671875 0.658203125 0.263671875 0.21484375
3 0.42626953125 0.380859375 0.0146484375 0.013671875
3 0.53564453125 0.4287109375 0.0400390625 0.033203125
3 0.908203125 0.50927734375 0.044921875 0.0302734375
3 0.837890625 0.66943359375 0.0234375 0.0263671875
3 0.875 0.67822265625 0.025390625 0.0263671875
3 0.54248046875 0.490234375 0.0126953125 0.015625
0 0.8125 0.49365234375 0.015625 0.0107421875