1 0.63134765625 0.73828125 0.3095703125 0.29296875
1 0.56005859375 0.712890625 0.1181640625 0.08203125
1 0.58984375 0.6845703125 0.078125 0.12890625
1 0.71630859375 0.83154296875 0.2822265625 0.2841796875
1 0.7177734375 0.857421875 0.0859375 0.119140625
1 0.74462890625 0.83349609375 0.1103515625 0.0732421875
0 0.658203125 0.74658203125 0.01953125 0.0205078125
0 0.7685546875 0.68603515625 0.017578125 0.0185546875
0 0.77587890625 0.7265625 0.0166015625 0.021484375
1 0.89697265625 0.46240234375 0.2060546875 0.2568359375
1 0.90234375 0.39697265625 0.07421875 0.1279296875
1 0.87060546875 0.423828125 0.1298828125 0.08203125
1 0.947265625 0.5869140625 0.10546875 0.1953125
3 0.8642578125 0.48095703125 0.029296875 0.0263671875
1 0.80859375 0.1025390625 0.216796875 0.205078125
1 0.32958984375 0.1005859375 0.1982421875 0.158203125
1 0.2314453125 0.1552734375 0.248046875 0.20703125
0 0.314453125 0.0654296875 0.02734375 0.029296875
1 0.36328125 0.0771484375 0.052734375 0.0546875
1 0.23876953125 0.87548828125 0.2822265625 0.2490234375
1 0.2998046875 0.81787109375 0.07421875 0.0810546875
1 0.16357421875 0.9140625 0.1806640625 0.171875
1 0.23583984375 0.83544921875 0.0615234375 0.1181640625
1 0.27734375 0.87744140625 0.1171875 0.0498046875
1 0.2734375 0.92578125 0.06640625 0.068359375
1 0.2578125 0.95068359375 0.03125 0.0302734375
1 0.123046875 0.98974609375 0.037109375 0.0205078125
1 0.1572265625 0.97900390625 0.029296875 0.0419921875
1 0.13232421875 0.9677734375 0.0712890625 0.037109375