1 0.50732421875 0.55078125 0.2607421875 0.201171875
1 0.515625 0.40673828125 0.25390625 0.1396484375
1 0.46044921875 0.55908203125 0.0224609375 0.0419921875
1 0.48388671875 0.5615234375 0.0224609375 0.046875
1 0.53271484375 0.56640625 0.0244140625 0.04296875
1 0.55615234375 0.5693359375 0.0224609375 0.048828125
1 0.52880859375 0.38818359375 0.0224609375 0.0458984375
1 0.50244140625 0.3876953125 0.0302734375 0.044921875
0 0.6162109375 0.4052734375 0.0234375 0.017578125
0 0.53271484375 0.43017578125 0.0185546875 0.0185546875
3 0.51123046875 0.51025390625 0.0263671875 0.0244140625