1 0.494140625 0.40869140625 0.150390625 0.3076171875
1 0.5927734375 0.43701171875 0.197265625 0.2509765625
1 0.33447265625 0.4287109375 0.3056640625 0.263671875
1 0.310546875 0.5595703125 0.353515625 0.185546875
1 0.3984375 0.66796875 0.19140625 0.2265625
1 0.49658203125 0.6826171875 0.1416015625 0.234375
1 0.6474609375 0.6767578125 0.310546875 0.228515625
1 0.669921875 0.5439453125 0.35546875 0.2265625
3 0.28466796875 0.38525390625 0.0302734375 0.0400390625
3 0.37353515625 0.41162109375 0.0791015625 0.0576171875
3 0.66845703125 0.50146484375 0.0791015625 0.0576171875
3 0.75390625 0.533203125 0.037109375 0.046875
3 0.47021484375 0.3525390625 0.0244140625 0.02734375
0 0.53076171875 0.43115234375 0.0380859375 0.0380859375
0 0.501953125 0.49951171875 0.0234375 0.0185546875
0 0.52197265625 0.5078125 0.0205078125 0.021484375
0 0.57470703125 0.51220703125 0.0283203125 0.0205078125
2 0.6591796875 0.64306640625 0.255859375 0.1201171875
3 0.73291015625 0.607421875 0.0224609375 0.03125
3 0.64599609375 0.576171875 0.0361328125 0.0390625
3 0.56494140625 0.56201171875 0.0283203125 0.0322265625
3 0.4296875 0.52001953125 0.0234375 0.0283203125
3 0.44189453125 0.47265625 0.0244140625 0.03125
2 0.306640625 0.53466796875 0.25390625 0.1181640625
3 0.35302734375 0.48828125 0.0439453125 0.0390625
1 0.22900390625 0.572265625 0.0595703125 0.06640625
1 0.3173828125 0.59912109375 0.05859375 0.0654296875
0 0.462890625 0.6083984375 0.03125 0.03515625
0 0.4873046875 0.623046875 0.025390625 0.029296875
1 0.6015625 0.69091796875 0.060546875 0.0693359375
1 0.6923828125 0.71923828125 0.060546875 0.0693359375