1 0.56298828125 0.4912109375 0.25 0.302734375
1 0.40087890625 0.48828125 0.1796875 0.283203125
1 0.56103515625 0.5341796875 0.0478515625 0.03125
1 0.5625 0.513671875 0.0458984375 0.03515625
1 0.564453125 0.4619140625 0.0498046875 0.033203125
1 0.56640625 0.44189453125 0.0478515625 0.0322265625
1 0.3896484375 0.47900390625 0.0478515625 0.0322265625
1 0.384765625 0.50244140625 0.048828125 0.04296875
0 0.400390625 0.3876953125 0.025390625 0.029296875
0 0.42822265625 0.47021484375 0.0244140625 0.0244140625
3 0.5107421875 0.48876953125 0.0302734375 0.0322265625