1 0.54052734375 0.48291015625 0.1806640625 0.3046875
1 0.51123046875 0.58544921875 0.14453125 0.17578125
1 0.4306640625 0.44580078125 0.1689453125 0.154296875
1 0.45068359375 0.5068359375 0.1328125 0.0966796875
1 0.47216796875 0.5498046875 0.1044921875 0.091796875
1 0.59619140625 0.4541015625 0.1904296875 0.3017578125
1 0.39990234375 0.12060546875 0.4580078125 0.2412109375
1 0.46484375 0.2197265625 0.46875 0.3330078125
1 0.4248046875 0.22802734375 0.1435546875 0.1484375
1 0.58544921875 0.15185546875 0.125 0.140625
1 0.359375 0.091796875 0.1357421875 0.1484375
3 0.4443359375 0.064453125 0.0498046875 0.0478515625
3 0.49609375 0.20361328125 0.0322265625 0.033203125
0 0.4775390625 0.02734375 0.0126953125 0.013671875