1 0.4560546875 0.802734375 0.2841796875 0.390625
1 0.3037109375 0.7470703125 0.2705078125 0.3896484375
2 0.33935546875 0.7578125 0.1357421875 0.2646484375
3 0.26318359375 0.83203125 0.0341796875 0.033203125
3 0.29296875 0.74560546875 0.0283203125 0.0224609375
3 0.33251953125 0.6455078125 0.0263671875 0.0244140625
1 0.39404296875 0.49658203125 0.216796875 0.2587890625
1 0.38427734375 0.55859375 0.080078125 0.0595703125
1 0.5361328125 0.54296875 0.220703125 0.24609375
0 0.4033203125 0.39501953125 0.0302734375 0.0322265625
0 0.53662109375 0.54541015625 0.0302734375 0.033203125
0 0.52587890625 0.58251953125 0.0234375 0.033203125