1 0.6376953125 0.24462890625 0.27734375 0.3408203125
1 0.552734375 0.2919921875 0.244140625 0.310546875
1 0.4482421875 0.24609375 0.150390625 0.125
1 0.572265625 0.40087890625 0.087890625 0.1865234375
1 0.4921875 0.3916015625 0.087890625 0.154296875
1 0.455078125 0.3037109375 0.130859375 0.119140625
1 0.43603515625 0.486328125 0.2861328125 0.255859375
1 0.32666015625 0.31591796875 0.2451171875 0.2939453125
1 0.1435546875 0.3349609375 0.177734375 0.171875
1 0.193359375 0.41650390625 0.169921875 0.1416015625
1 0.09033203125 0.4345703125 0.1201171875 0.146484375
0 0.076171875 0.38525390625 0.025390625 0.0224609375
0 0.11767578125 0.44921875 0.0263671875 0.02734375
0 0.07470703125 0.3427734375 0.0224609375 0.0234375
1 0.35595703125 0.28271484375 0.0654296875 0.0771484375
1 0.42138671875 0.529296875 0.1005859375 0.10546875
1 0.5048828125 0.4775390625 0.091796875 0.09765625
0 0.43310546875 0.37548828125 0.0205078125 0.0224609375
0 0.4580078125 0.34130859375 0.025390625 0.0263671875
0 0.322265625 0.2880859375 0.0234375 0.0234375
0 0.32080078125 0.25830078125 0.0126953125 0.0146484375
0 0.36181640625 0.3017578125 0.0126953125 0.013671875
0 0.6015625 0.19287109375 0.013671875 0.0166015625
0 0.6328125 0.24267578125 0.015625 0.0166015625
0 0.669921875 0.2998046875 0.017578125 0.015625
1 0.853515625 0.150390625 0.29296875 0.291015625
1 0.98291015625 0.29150390625 0.0341796875 0.0986328125
1 0.806640625 0.119140625 0.07421875 0.0859375
1 0.884765625 0.1650390625 0.07421875 0.087890625
0 0.904296875 0.06103515625 0.056640625 0.0439453125
0 0.96533203125 0.22412109375 0.0302734375 0.0263671875
0 0.90869140625 0.119140625 0.0126953125 0.013671875
1 0.95947265625 0.04443359375 0.0810546875 0.0732421875
1 0.08740234375 0.93359375 0.1748046875 0.119140625
1 0.3046875 0.92724609375 0.28515625 0.1416015625
1 0.5888671875 0.93212890625 0.29296875 0.1357421875
1 0.84619140625 0.92431640625 0.2255859375 0.1513671875
1 0.97119140625 0.9189453125 0.0458984375 0.162109375
0 0.95703125 0.95166015625 0.017578125 0.0205078125
0 0.30419921875 0.302734375 0.0126953125 0.013671875