1 0.58251953125 0.69384765625 0.3720703125 0.2529296875
1 0.63427734375 0.54638671875 0.3779296875 0.2685546875
1 0.5478515625 0.78564453125 0.267578125 0.1337890625
1 0.8359375 0.25048828125 0.30859375 0.2197265625
1 0.8603515625 0.09814453125 0.279296875 0.1923828125
1 0.88671875 0.06689453125 0.142578125 0.1337890625
1 0.83447265625 0.26806640625 0.1376953125 0.1376953125
0 0.8857421875 0.23681640625 0.017578125 0.0205078125
0 0.70947265625 0.78125 0.0205078125 0.015625
0 0.42822265625 0.6826171875 0.0224609375 0.01953125
0 0.50537109375 0.45458984375 0.0205078125 0.0166015625
0 0.6171875 0.59228515625 0.017578125 0.0146484375
0 0.60888671875 0.640625 0.0107421875 0.009765625