1 0.63623046875 0.787109375 0.0791015625 0.0634765625
1 0.4794921875 0.64892578125 0.341796875 0.419921875
1 0.60888671875 0.57763671875 0.3662109375 0.3955078125
1 0.4970703125 0.68896484375 0.1181640625 0.11328125
1 0.64404296875 0.61328125 0.1044921875 0.1123046875
3 0.6259765625 0.5546875 0.0322265625 0.0283203125
3 0.41259765625 0.56884765625 0.0302734375 0.0322265625
3 0.45849609375 0.708984375 0.029296875 0.03515625
3 0.5224609375 0.77880859375 0.0390625 0.0439453125
0 0.58154296875 0.66259765625 0.0283203125 0.0283203125
1 0.63916015625 0.3837890625 0.3134765625 0.296875
1 0.41552734375 0.1591796875 0.4619140625 0.318359375
0 0.43603515625 0.0849609375 0.0185546875 0.025390625
2 0.45361328125 0.02001953125 0.0869140625 0.0400390625
1 0.81982421875 0.927734375 0.2412109375 0.14453125
1 0.8896484375 0.8994140625 0.1328125 0.201171875
0 0.81591796875 0.96826171875 0.0166015625 0.0185546875
1 0.091796875 0.5068359375 0.18359375 0.330078125
1 0.02392578125 0.62841796875 0.0478515625 0.1416015625
0 0.06591796875 0.52392578125 0.01171875 0.013671875
1 0.1953125 0.873046875 0.380859375 0.22265625
3 0.16845703125 0.85546875 0.0546875 0.0498046875