1 0.63330078125 0.39990234375 0.2646484375 0.205078125
3 0.669921875 0.35595703125 0.046875 0.0478515625
1 0.5048828125 0.5986328125 0.373046875 0.4462890625
3 0.52587890625 0.4453125 0.04296875 0.0419921875
3 0.60302734375 0.50244140625 0.041015625 0.0380859375
0 0.609375 0.455078125 0.04296875 0.0380859375
0 0.64892578125 0.48291015625 0.0322265625 0.0322265625
1 0.37353515625 0.45068359375 0.2216796875 0.2392578125
3 0.4599609375 0.50634765625 0.048828125 0.046875
3 0.4580078125 0.61328125 0.0263671875 0.017578125
3 0.49462890625 0.64111328125 0.0234375 0.0166015625
3 0.42578125 0.62890625 0.0146484375 0.013671875