1 0.5439453125 0.55908203125 0.2841796875 0.328125
1 0.4296875 0.4912109375 0.29296875 0.3671875
1 0.7939453125 0.24853515625 0.2978515625 0.37109375
1 0.66552734375 0.18701171875 0.3544921875 0.3740234375
2 0.6083984375 0.22265625 0.078125 0.0859375
0 0.6064453125 0.3173828125 0.0693359375 0.06640625
3 0.52685546875 0.638671875 0.0400390625 0.0380859375
3 0.572265625 0.55908203125 0.04296875 0.04296875
1 0.423828125 0.48583984375 0.154296875 0.166015625
0 0.560546875 0.6005859375 0.0126953125 0.0126953125
0 0.51806640625 0.49951171875 0.0166015625 0.0185546875