1 0.7451171875 0.57666015625 0.509765625 0.5029296875
3 0.75830078125 0.53955078125 0.0498046875 0.0498046875
1 0.33154296875 0.4423828125 0.595703125 0.52734375
2 0.50244140625 0.5361328125 0.14453125 0.22265625
2 0.408203125 0.4873046875 0.142578125 0.2255859375
2 0.29150390625 0.4228515625 0.138671875 0.2216796875
2 0.224609375 0.3876953125 0.1484375 0.2275390625
2 0.14892578125 0.345703125 0.1455078125 0.22265625
0 0.380859375 0.3427734375 0.37890625 0.2568359375
3 0.34912109375 0.46240234375 0.0478515625 0.0458984375
3 0.47607421875 0.53564453125 0.017578125 0.01953125
3 0.3701171875 0.4345703125 0.017578125 0.0166015625
3 0.2255859375 0.49365234375 0.01953125 0.0205078125
3 0.482421875 0.31689453125 0.0185546875 0.02734375
3 0.3046875 0.47021484375 0.044921875 0.0400390625
0 0.9072265625 0.66064453125 0.01953125 0.01953125
0 0.86669921875 0.6103515625 0.0126953125 0.0166015625
0 0.7646484375 0.59033203125 0.0146484375 0.013671875
0 0.62548828125 0.51220703125 0.0166015625 0.0185546875