1 0.35546875 0.53466796875 0.326171875 0.3212890625
1 0.56640625 0.6865234375 0.318359375 0.298828125
1 0.5654296875 0.44873046875 0.5390625 0.4521484375
2 0.654296875 0.5673828125 0.228515625 0.19140625
3 0.63916015625 0.46875 0.0341796875 0.0390625
3 0.71826171875 0.52001953125 0.0341796875 0.0400390625
3 0.7509765625 0.54296875 0.0390625 0.041015625
3 0.50146484375 0.6708984375 0.0361328125 0.037109375
3 0.58203125 0.72705078125 0.037109375 0.0419921875
3 0.61328125 0.7490234375 0.0390625 0.04296875
1 0.6884765625 0.111328125 0.115234375 0.09375
1 0.712890625 0.0732421875 0.115234375 0.09375