1 0.36083984375 0.560546875 0.2080078125 0.263671875
1 0.65283203125 0.4697265625 0.1884765625 0.26171875
3 0.61279296875 0.46484375 0.0478515625 0.048828125
1 0.7998046875 0.42138671875 0.19140625 0.2587890625
3 0.7607421875 0.39892578125 0.017578125 0.0244140625
0 0.3818359375 0.552734375 0.02734375 0.05078125
0 0.40283203125 0.59912109375 0.0244140625 0.0283203125
3 0.318359375 0.52294921875 0.013671875 0.0185546875
1 0.50927734375 0.51708984375 0.1806640625 0.2607421875
0 0.52490234375 0.50732421875 0.0224609375 0.0439453125
0 0.5458984375 0.5537109375 0.017578125 0.0234375
0 0.4853515625 0.4130859375 0.025390625 0.025390625
0 0.669921875 0.4580078125 0.0234375 0.048828125
0 0.68994140625 0.50390625 0.0224609375 0.02734375
0 0.7138671875 0.42578125 0.025390625 0.02734375
0 0.81298828125 0.40966796875 0.0263671875 0.0498046875
0 0.8359375 0.45458984375 0.021484375 0.0244140625
3 0.78125 0.33349609375 0.01953125 0.0263671875