1 0.4345703125 0.236328125 0.330078125 0.26171875
1 0.501953125 0.27587890625 0.109375 0.0927734375
1 0.455078125 0.29296875 0.0830078125 0.1318359375
1 0.37646484375 0.12353515625 0.302734375 0.2451171875
1 0.38623046875 0.103515625 0.0888671875 0.12109375
1 0.3447265625 0.119140625 0.1015625 0.08984375
0 0.41162109375 0.22021484375 0.0185546875 0.01953125
0 0.28955078125 0.2509765625 0.017578125 0.017578125
0 0.2919921875 0.2099609375 0.015625 0.01953125
1 0.109375 0.423828125 0.21875 0.234375
1 0.0791015625 0.49072265625 0.078125 0.1298828125
1 0.12890625 0.4716796875 0.1220703125 0.0947265625
1 0.0732421875 0.29541015625 0.142578125 0.189453125
1 0.025390625 0.3056640625 0.0458984375 0.119140625
3 0.142578125 0.423828125 0.0283203125 0.02734375
1 0.10595703125 0.85009765625 0.2119140625 0.2900390625
0 0.013671875 0.966796875 0.02734375 0.044921875
1 0.5546875 0.9228515625 0.18359375 0.154296875
1 0.66748046875 0.896484375 0.2275390625 0.20703125
0 0.56689453125 0.96728515625 0.0263671875 0.029296875
1 0.52294921875 0.94287109375 0.052734375 0.0537109375
1 0.8544921875 0.1826171875 0.2470703125 0.3193359375
1 0.78466796875 0.24462890625 0.072265625 0.09765625
1 0.9169921875 0.14697265625 0.166015625 0.2822265625
1 0.83837890625 0.2431640625 0.072265625 0.1044921875
1 0.8134765625 0.193359375 0.123046875 0.0556640625
1 0.828125 0.14892578125 0.0625 0.068359375
1 0.85009765625 0.12744140625 0.0322265625 0.029296875
1 0.9853515625 0.099609375 0.029296875 0.080078125
1 0.96435546875 0.1025390625 0.0546875 0.0830078125
1 0.96923828125 0.1474609375 0.0615234375 0.046875