1 0.1962890625 0.54150390625 0.2431640625 0.1328125
1 0.201171875 0.60498046875 0.2216796875 0.15625
1 0.33984375 0.607421875 0.2158203125 0.3310546875
1 0.45703125 0.4921875 0.2158203125 0.197265625
1 0.50048828125 0.63427734375 0.2353515625 0.2060546875
0 0.47119140625 0.4296875 0.025390625 0.03125
0 0.41259765625 0.6337890625 0.017578125 0.033203125
1 0.28466796875 0.82666015625 0.2158203125 0.134765625
1 0.30078125 0.89404296875 0.2216796875 0.134765625
1 0.140625 0.193359375 0.26953125 0.38671875
3 0.0380859375 0.27783203125 0.03125 0.0302734375
3 0.1279296875 0.25537109375 0.0322265625 0.03125
3 0.1005859375 0.15966796875 0.0341796875 0.0322265625
3 0.11669921875 0.05322265625 0.037109375 0.0341796875
3 0.03515625 0.07177734375 0.0283203125 0.0302734375