1 0.37109375 0.53857421875 0.3115234375 0.36328125
1 0.50537109375 0.46142578125 0.2763671875 0.380859375
1 0.27685546875 0.10888671875 0.2314453125 0.193359375
1 0.240234375 0.14697265625 0.1337890625 0.1689453125
1 0.11279296875 0.0947265625 0.1689453125 0.1201171875
0 0.171875 0.095703125 0.0322265625 0.0302734375
0 0.5048828125 0.4072265625 0.0361328125 0.0361328125
1 0.59326171875 0.9150390625 0.1904296875 0.169921875
1 0.72509765625 0.87255859375 0.2392578125 0.2294921875
3 0.705078125 0.84765625 0.1025390625 0.1005859375
3 0.65087890625 0.8603515625 0.03515625 0.02734375
1 0.833984375 0.83203125 0.173828125 0.203125
0 0.39013671875 0.4814453125 0.0166015625 0.0185546875
0 0.455078125 0.4892578125 0.0166015625 0.0185546875