1 0.41943359375 0.53662109375 0.3232421875 0.3525390625
1 0.3798828125 0.5458984375 0.12890625 0.068359375
1 0.40234375 0.5732421875 0.083984375 0.1171875
0 0.50732421875 0.6513671875 0.0205078125 0.021484375
0 0.37841796875 0.39892578125 0.0185546875 0.0166015625
3 0.55517578125 0.41552734375 0.0380859375 0.0419921875
0 0.53466796875 0.5009765625 0.0146484375 0.015625
1 0.5400390625 0.4482421875 0.3203125 0.375
1 0.2109375 0.32666015625 0.197265625 0.2255859375
1 0.130859375 0.384765625 0.197265625 0.216796875
1 0.74462890625 0.8916015625 0.3291015625 0.21484375
1 0.88525390625 0.95458984375 0.1923828125 0.0888671875
0 0.77392578125 0.95703125 0.0439453125 0.04296875
0 0.7373046875 0.888671875 0.02734375 0.025390625