1 0.54931640625 0.5048828125 0.21484375 0.2734375
1 0.40673828125 0.5185546875 0.1572265625 0.26171875
1 0.55712890625 0.458984375 0.041015625 0.0263671875
1 0.560546875 0.4814453125 0.0478515625 0.0244140625
1 0.5673828125 0.5302734375 0.0419921875 0.0283203125
1 0.57080078125 0.55322265625 0.0498046875 0.0244140625
1 0.3896484375 0.533203125 0.0458984375 0.0244140625
1 0.388671875 0.50732421875 0.0458984375 0.03125
0 0.41015625 0.6201171875 0.017578125 0.0224609375
0 0.4306640625 0.53515625 0.0185546875 0.01953125
3 0.5107421875 0.50927734375 0.025390625 0.0263671875