1 0.57470703125 0.671875 0.1767578125 0.49609375
1 0.58837890625 0.5146484375 0.0986328125 0.107421875
1 0.5947265625 0.60302734375 0.109375 0.0947265625
1 0.61572265625 0.76171875 0.1025390625 0.107421875
1 0.62109375 0.84814453125 0.11328125 0.0927734375
1 0.45166015625 0.68310546875 0.1865234375 0.4912109375
1 0.4482421875 0.78369140625 0.115234375 0.0927734375
1 0.4541015625 0.876953125 0.10546875 0.111328125
1 0.4248046875 0.6259765625 0.10546875 0.10546875
1 0.419921875 0.53662109375 0.115234375 0.0927734375
0 0.62158203125 0.625 0.0166015625 0.021484375
3 0.53369140625 0.61279296875 0.0224609375 0.0224609375
3 0.5390625 0.64404296875 0.021484375 0.0224609375
3 0.52392578125 0.5224609375 0.0283203125 0.0234375
3 0.5224609375 0.4892578125 0.025390625 0.029296875
3 0.42724609375 0.46923828125 0.0224609375 0.0166015625
3 0.46875 0.51953125 0.01953125 0.033203125
3 0.48193359375 0.6279296875 0.0205078125 0.03125
3 0.498046875 0.76513671875 0.021484375 0.0224609375
3 0.5107421875 0.87451171875 0.01953125 0.0283203125
3 0.5615234375 0.8603515625 0.0234375 0.0234375
3 0.56591796875 0.89208984375 0.0224609375 0.0244140625
3 0.55224609375 0.7705078125 0.0224609375 0.0234375
3 0.5498046875 0.73779296875 0.025390625 0.0283203125
0 0.63330078125 0.7431640625 0.0185546875 0.013671875
0 0.65234375 0.87060546875 0.021484375 0.0205078125
0 0.45263671875 0.6865234375 0.0185546875 0.017578125
0 0.455078125 0.71435546875 0.015625 0.0146484375
0 0.6064453125 0.4912109375 0.015625 0.017578125
1 0.61962890625 0.958984375 0.1455078125 0.08203125
1 0.4833984375 0.96630859375 0.138671875 0.0673828125
1 0.07861328125 0.97216796875 0.1572265625 0.0556640625
3 0.57666015625 0.984375 0.0205078125 0.01953125
0 0.662109375 0.9912109375 0.01171875 0.0078125
0 0.48681640625 0.9599609375 0.0146484375 0.009765625
1 0.705078125 0.7080078125 0.09375 0.078125