1 0.84814453125 0.388671875 0.2275390625 0.115234375
1 0.857421875 0.44482421875 0.2158203125 0.15625
1 0.68896484375 0.11376953125 0.2373046875 0.224609375
1 0.48681640625 0.14697265625 0.3095703125 0.2939453125
3 0.65380859375 0.03466796875 0.0341796875 0.0302734375
3 0.68359375 0.130859375 0.033203125 0.0302734375
1 0.8291015625 0.091796875 0.146484375 0.1748046875
3 0.7734375 0.10693359375 0.0283203125 0.0283203125
3 0.7431640625 0.01513671875 0.0302734375 0.0224609375
3 0.53173828125 0.05517578125 0.03125 0.0322265625
3 0.45458984375 0.0810546875 0.0341796875 0.0341796875
3 0.48583984375 0.19140625 0.0361328125 0.033203125
3 0.47314453125 0.0078125 0.0283203125 0.015625
3 0.40283203125 0.02294921875 0.0283203125 0.0302734375
1 0.921875 0.67626953125 0.15234375 0.1103515625