1 0.419921875 0.46044921875 0.4189453125 0.341796875
1 0.486328125 0.6328125 0.4189453125 0.2978515625
1 0.443359375 0.66015625 0.1611328125 0.2060546875
1 0.55908203125 0.62939453125 0.2021484375 0.169921875
2 0.353515625 0.65673828125 0.087890625 0.0966796875
2 0.5888671875 0.53759765625 0.1064453125 0.08203125
3 0.4658203125 0.4130859375 0.044921875 0.0458984375
3 0.35498046875 0.46240234375 0.0498046875 0.0576171875
1 0.828125 0.2822265625 0.3359375 0.3203125
3 0.80224609375 0.26416015625 0.0556640625 0.0556640625
3 0.91162109375 0.22265625 0.0498046875 0.0576171875
0 0.38525390625 0.41259765625 0.0185546875 0.01953125
0 0.408203125 0.39892578125 0.01953125 0.0185546875
0 0.462890625 0.58056640625 0.0498046875 0.037109375
0 0.5224609375 0.546875 0.0224609375 0.025390625
0 0.40185546875 0.59619140625 0.0234375 0.02734375
1 0.865234375 0.46044921875 0.26953125 0.2685546875
1 0.9013671875 0.466796875 0.142578125 0.2021484375
1 0.951171875 0.44970703125 0.09765625 0.1748046875
0 0.76806640625 0.44580078125 0.025390625 0.0234375