1 0.44580078125 0.40380859375 0.2705078125 0.1767578125
1 0.57666015625 0.37255859375 0.072265625 0.1142578125
1 0.373046875 0.48681640625 0.119140625 0.0849609375
1 0.60400390625 0.49658203125 0.216796875 0.2529296875
1 0.46240234375 0.57373046875 0.2568359375 0.248046875
1 0.60693359375 0.4482421875 0.0634765625 0.0556640625
1 0.61083984375 0.46484375 0.064453125 0.0341796875
1 0.64208984375 0.5126953125 0.064453125 0.056640625
1 0.64501953125 0.53173828125 0.0595703125 0.0361328125
1 0.705078125 0.68408203125 0.2451171875 0.30078125
1 0.69482421875 0.61865234375 0.0654296875 0.0634765625
1 0.701171875 0.6357421875 0.0693359375 0.0361328125
1 0.4287109375 0.54736328125 0.0771484375 0.0419921875
1 0.43408203125 0.57421875 0.0654296875 0.072265625
1 0.4599609375 0.61181640625 0.07421875 0.041015625
1 0.46826171875 0.6357421875 0.0634765625 0.0732421875
1 0.54833984375 0.767578125 0.3095703125 0.3037109375
1 0.5107421875 0.71630859375 0.0830078125 0.044921875
1 0.5224609375 0.74072265625 0.0703125 0.072265625
1 0.5576171875 0.79931640625 0.08203125 0.041015625
1 0.56884765625 0.82373046875 0.072265625 0.0751953125
0 0.5205078125 0.78125 0.0283203125 0.025390625
0 0.60107421875 0.61865234375 0.0185546875 0.0205078125
0 0.53271484375 0.47705078125 0.0322265625 0.0380859375
3 0.76318359375 0.72705078125 0.0458984375 0.0498046875
3 0.72802734375 0.6103515625 0.0283203125 0.0361328125
3 0.39111328125 0.568359375 0.02734375 0.0341796875
3 0.42578125 0.6298828125 0.025390625 0.0322265625
3 0.47216796875 0.74169921875 0.0400390625 0.0439453125
3 0.51806640625 0.8232421875 0.04296875 0.0419921875