1 0.57666015625 0.64794921875 0.23828125 0.287109375
3 0.61279296875 0.6923828125 0.0517578125 0.0517578125
1 0.40185546875 0.486328125 0.4892578125 0.4248046875
3 0.5498046875 0.53515625 0.046875 0.0478515625
3 0.47998046875 0.60107421875 0.0439453125 0.0458984375
0 0.525390625 0.61572265625 0.0439453125 0.046875
0 0.49072265625 0.64990234375 0.03515625 0.0361328125
1 0.5703125 0.384765625 0.2666015625 0.2490234375
3 0.5009765625 0.45947265625 0.052734375 0.0537109375
3 0.39599609375 0.4384765625 0.01953125 0.0263671875
3 0.36279296875 0.47119140625 0.0185546875 0.0244140625
3 0.38525390625 0.404296875 0.0146484375 0.015625