1 0.20703125 0.4130859375 0.3896484375 0.279296875
1 0.18994140625 0.5771484375 0.3798828125 0.255859375
2 0.19580078125 0.54150390625 0.259765625 0.134765625
3 0.10009765625 0.58056640625 0.0283203125 0.0341796875
3 0.19091796875 0.58935546875 0.0234375 0.025390625
3 0.296875 0.59326171875 0.0205078125 0.0263671875
1 0.46044921875 0.59619140625 0.2451171875 0.2060546875
1 0.3974609375 0.57958984375 0.0546875 0.0751953125
1 0.46923828125 0.45556640625 0.2490234375 0.2138671875
0 0.5576171875 0.62939453125 0.025390625 0.03125
0 0.47607421875 0.44873046875 0.0302734375 0.0283203125
0 0.4365234375 0.44091796875 0.0283203125 0.0263671875