1 0.35693359375 0.55078125 0.2255859375 0.27734375
1 0.65478515625 0.48046875 0.2060546875 0.2744140625
3 0.61474609375 0.47265625 0.05078125 0.0517578125
1 0.8046875 0.4423828125 0.208984375 0.271484375
3 0.76708984375 0.41748046875 0.01953125 0.025390625
0 0.37841796875 0.54443359375 0.03125 0.052734375
0 0.39599609375 0.59228515625 0.0263671875 0.0302734375
3 0.3173828125 0.51025390625 0.0146484375 0.01953125
1 0.50830078125 0.517578125 0.1982421875 0.2724609375
0 0.5244140625 0.50927734375 0.025390625 0.044921875
0 0.5419921875 0.556640625 0.01953125 0.0244140625
0 0.4912109375 0.412109375 0.02734375 0.02734375
0 0.67236328125 0.4697265625 0.0263671875 0.05078125
0 0.68896484375 0.51708984375 0.0244140625 0.029296875
0 0.71875 0.44091796875 0.02734375 0.029296875
0 0.818359375 0.431640625 0.029296875 0.0517578125
0 0.83837890625 0.47802734375 0.0234375 0.025390625
3 0.7919921875 0.353515625 0.021484375 0.02734375