1 0.431640625 0.44482421875 0.86328125 0.8896484375
1 0.6083984375 0.58935546875 0.134765625 0.1201171875
1 0.2685546875 0.29248046875 0.1484375 0.140625
0 0.69287109375 0.76123046875 0.0234375 0.03125
0 0.60205078125 0.56982421875 0.01953125 0.0244140625
0 0.50830078125 0.42041015625 0.0244140625 0.0263671875
0 0.44970703125 0.46435546875 0.01953125 0.0244140625
0 0.41943359375 0.43212890625 0.0244140625 0.0234375
0 0.37255859375 0.3759765625 0.025390625 0.0234375
0 0.34619140625 0.46337890625 0.025390625 0.025390625
0 0.3193359375 0.4228515625 0.021484375 0.0234375
0 0.07470703125 0.13623046875 0.0234375 0.0244140625