1 0.35400390625 0.54296875 0.19140625 0.2802734375
1 0.466796875 0.51171875 0.2373046875 0.20703125
1 0.28466796875 0.48974609375 0.142578125 0.1806640625
1 0.4501953125 0.40869140625 0.193359375 0.1201171875
1 0.32861328125 0.33837890625 0.3193359375 0.271484375
0 0.4345703125 0.2958984375 0.025390625 0.0322265625
0 0.23193359375 0.37744140625 0.0263671875 0.0302734375
0 0.46923828125 0.41748046875 0.0185546875 0.0234375
1 0.044921875 0.68115234375 0.08984375 0.1767578125
1 0.07470703125 0.75732421875 0.1494140625 0.2412109375
1 0.015625 0.724609375 0.03125 0.0859375
1 0.11572265625 0.8837890625 0.2314453125 0.205078125
3 0.06396484375 0.9560546875 0.0537109375 0.044921875
0 0.04150390625 0.8173828125 0.0390625 0.033203125