1 0.462890625 0.4814453125 0.3427734375 0.5263671875
1 0.388671875 0.48193359375 0.2998046875 0.197265625
1 0.38525390625 0.3583984375 0.2802734375 0.2138671875
1 0.68798828125 0.4736328125 0.3251953125 0.47265625
1 0.5771484375 0.86474609375 0.193359375 0.2705078125
3 0.5517578125 0.916015625 0.03515625 0.03515625
3 0.54736328125 0.990234375 0.029296875 0.01953125
1 0.27685546875 0.90283203125 0.326171875 0.16796875
3 0.2783203125 0.86083984375 0.0380859375 0.0400390625
1 0.70263671875 0.84521484375 0.1982421875 0.2685546875
1 0.69482421875 0.94775390625 0.1181640625 0.064453125
3 0.72021484375 0.91259765625 0.0380859375 0.0380859375
1 0.099609375 0.90283203125 0.0576171875 0.1298828125