1 0.56201171875 0.49853515625 0.1865234375 0.3125
1 0.40869140625 0.4951171875 0.173828125 0.2734375
3 0.52783203125 0.41943359375 0.02734375 0.0234375
3 0.53369140625 0.515625 0.02734375 0.0244140625
3 0.53759765625 0.59619140625 0.029296875 0.0244140625
0 0.49267578125 0.455078125 0.0166015625 0.021484375
0 0.61572265625 0.55908203125 0.0107421875 0.0166015625
3 0.3837890625 0.46044921875 0.0244140625 0.0185546875
3 0.38623046875 0.58984375 0.021484375 0.01953125
1 0.8759765625 0.13232421875 0.166015625 0.1884765625
1 0.88330078125 0.0400390625 0.0869140625 0.068359375
0 0.36083984375 0.52099609375 0.021484375 0.0234375