1 0.50830078125 0.4482421875 0.2890625 0.3037109375
1 0.390625 0.53857421875 0.3251953125 0.3310546875
1 0.40966796875 0.5888671875 0.125 0.0703125
1 0.43017578125 0.60400390625 0.0927734375 0.1015625
1 0.3671875 0.9580078125 0.208984375 0.083984375
1 0.24267578125 0.98291015625 0.0654296875 0.0341796875
1 0.26123046875 0.98193359375 0.0830078125 0.0361328125
1 0.4716796875 0.93994140625 0.087890625 0.0556640625
1 0.46826171875 0.91162109375 0.0869140625 0.0498046875
1 0.29296875 0.85009765625 0.4169921875 0.220703125
1 0.32373046875 0.85107421875 0.08203125 0.0634765625
1 0.2763671875 0.85546875 0.064453125 0.068359375
1 0.11962890625 0.93603515625 0.0791015625 0.072265625
0 0.185546875 0.83642578125 0.0185546875 0.0185546875
0 0.486328125 0.4892578125 0.0166015625 0.0205078125
1 0.3984375 0.24462890625 0.431640625 0.240234375
0 0.28125 0.21875 0.0185546875 0.021484375
1 0.57421875 0.3271484375 0.0791015625 0.05078125
1 0.22021484375 0.326171875 0.0849609375 0.07421875
1 0.4248046875 0.23828125 0.078125 0.0625
1 0.37890625 0.24169921875 0.0634765625 0.06640625