1 0.5771484375 0.30517578125 0.4609375 0.6025390625
3 0.64599609375 0.07421875 0.0341796875 0.029296875
3 0.62109375 0.13037109375 0.029296875 0.0322265625
3 0.59814453125 0.224609375 0.0322265625 0.029296875
3 0.56201171875 0.2861328125 0.0283203125 0.03125
3 0.56494140625 0.38818359375 0.0341796875 0.0302734375
3 0.47998046875 0.4404296875 0.0341796875 0.03125
3 0.42626953125 0.416015625 0.0244140625 0.025390625
0 0.59375 0.1025390625 0.015625 0.01953125
0 0.61083984375 0.08837890625 0.0185546875 0.0166015625
0 0.54638671875 0.25830078125 0.0087890625 0.0107421875
0 0.591796875 0.27099609375 0.03125 0.0263671875
0 0.6484375 0.115234375 0.02734375 0.025390625
0 0.66943359375 0.09716796875 0.0283203125 0.0185546875
0 0.5263671875 0.37158203125 0.013671875 0.0146484375
0 0.51513671875 0.423828125 0.0322265625 0.02734375
0 0.4609375 0.408203125 0.015625 0.013671875
0 0.40576171875 0.40771484375 0.0087890625 0.0068359375