1 0.6474609375 0.6064453125 0.1982421875 0.228515625
1 0.60791015625 0.40673828125 0.326171875 0.27734375
1 0.400390625 0.376953125 0.2255859375 0.259765625
1 0.33203125 0.5185546875 0.126953125 0.109375
1 0.39306640625 0.5146484375 0.0478515625 0.12890625
1 0.48876953125 0.5712890625 0.2265625 0.2646484375
1 0.8017578125 0.90966796875 0.1318359375 0.1416015625
1 0.84619140625 0.75439453125 0.2900390625 0.3671875
1 0.91455078125 0.87841796875 0.1083984375 0.2099609375
3 0.908203125 0.7265625 0.0458984375 0.046875
1 0.283203125 0.2197265625 0.36328125 0.4345703125
1 0.19482421875 0.1640625 0.3466796875 0.328125
1 0.130859375 0.11181640625 0.1845703125 0.125
1 0.169921875 0.07373046875 0.12890625 0.1474609375
2 0.2724609375 0.06103515625 0.119140625 0.1220703125
3 0.306640625 0.2314453125 0.037109375 0.0390625
3 0.33837890625 0.19677734375 0.03515625 0.0390625
0 0.06201171875 0.2099609375 0.0146484375 0.0146484375
0 0.03857421875 0.1923828125 0.0107421875 0.0146484375
0 0.5595703125 0.46875 0.0146484375 0.0146484375