1 0.6494140625 0.611328125 0.19140625 0.455078125
1 0.4775390625 0.609375 0.2412109375 0.4541015625
1 0.6357421875 0.06396484375 0.1826171875 0.1240234375
1 0.501953125 0.06103515625 0.111328125 0.1220703125
2 0.533203125 0.515625 0.060546875 0.1611328125
0 0.58447265625 0.0859375 0.0263671875 0.0244140625
3 0.6279296875 0.44384765625 0.0390625 0.0419921875
3 0.63037109375 0.568359375 0.0322265625 0.029296875
3 0.6357421875 0.6611328125 0.0380859375 0.0341796875
3 0.5009765625 0.6669921875 0.041015625 0.0400390625
0 0.6796875 0.61376953125 0.01953125 0.03515625