1 0.3408203125 0.4423828125 0.13671875 0.111328125
1 0.30859375 0.5283203125 0.16015625 0.095703125
1 0.2734375 0.4599609375 0.091796875 0.150390625
1 0.2216796875 0.4501953125 0.09765625 0.23828125
1 0.138671875 0.3828125 0.103515625 0.201171875
1 0.19482421875 0.4423828125 0.0615234375 0.115234375
1 0.21826171875 0.36181640625 0.0419921875 0.0517578125
1 0.33349609375 0.3798828125 0.1748046875 0.09375
1 0.2685546875 0.57470703125 0.185546875 0.0869140625
1 0.09228515625 0.36669921875 0.1005859375 0.1943359375
1 0.0478515625 0.11865234375 0.095703125 0.1357421875
1 0.43798828125 0.5859375 0.1787109375 0.171875
1 0.52880859375 0.5537109375 0.1357421875 0.232421875
1 0.4921875 0.45361328125 0.208984375 0.1435546875
1 0.576171875 0.5576171875 0.068359375 0.14453125
0 0.4404296875 0.5185546875 0.044921875 0.03515625
0 0.328125 0.48291015625 0.017578125 0.0166015625
0 0.26025390625 0.45556640625 0.0205078125 0.0244140625
0 0.56005859375 0.5009765625 0.0107421875 0.01171875
1 0.314453125 0.95166015625 0.302734375 0.0966796875
3 0.2451171875 0.97412109375 0.037109375 0.0322265625
1 0.33154296875 0.982421875 0.0419921875 0.03515625
1 0.35888671875 0.984375 0.0322265625 0.03125
1 0.17724609375 0.95068359375 0.0927734375 0.0986328125
1 0.91552734375 0.64794921875 0.1435546875 0.2255859375
1 0.92041015625 0.7509765625 0.1591796875 0.134765625
1 0.96044921875 0.7578125 0.0791015625 0.08984375
1 0.9560546875 0.611328125 0.087890625 0.150390625
3 0.93603515625 0.650390625 0.0244140625 0.021484375
0 0.98779296875 0.70166015625 0.0107421875 0.0126953125
0 0.94287109375 0.5595703125 0.0087890625 0.01171875