1 0.4541015625 0.42431640625 0.3271484375 0.3037109375
1 0.533203125 0.5302734375 0.3173828125 0.2646484375
1 0.44921875 0.4189453125 0.1796875 0.17578125
1 0.544921875 0.529296875 0.13671875 0.130859375
0 0.470703125 0.494140625 0.0244140625 0.0224609375
1 0.09423828125 0.76220703125 0.140625 0.1865234375
1 0.064453125 0.6923828125 0.09375 0.126953125
1 0.14306640625 0.861328125 0.216796875 0.259765625
3 0.07421875 0.75537109375 0.02734375 0.03125
3 0.1025390625 0.8681640625 0.029296875 0.0302734375
0 0.052734375 0.85498046875 0.0263671875 0.02734375
1 0.84130859375 0.146484375 0.251953125 0.2783203125
1 0.88427734375 0.27490234375 0.203125 0.2431640625
0 0.93408203125 0.14501953125 0.029296875 0.0283203125
1 0.1494140625 0.650390625 0.13671875 0.15234375
1 0.07666015625 0.15771484375 0.1357421875 0.1865234375
1 0.05419921875 0.10595703125 0.0849609375 0.1171875