1 0.77001953125 0.46826171875 0.2275390625 0.3251953125
1 0.72705078125 0.53125 0.0966796875 0.09765625
1 0.71240234375 0.4775390625 0.1279296875 0.080078125
1 0.888671875 0.423828125 0.208984375 0.30078125
1 0.90478515625 0.439453125 0.1162109375 0.0859375
1 0.89306640625 0.39111328125 0.0947265625 0.0908203125
0 0.7890625 0.4462890625 0.017578125 0.017578125
0 0.77294921875 0.32177734375 0.0166015625 0.0166015625
0 0.81396484375 0.32861328125 0.0185546875 0.0146484375
1 0.62841796875 0.11474609375 0.2080078125 0.2294921875
1 0.5625 0.080078125 0.126953125 0.076171875
1 0.5791015625 0.1376953125 0.09765625 0.111328125
1 0.7587890625 0.09423828125 0.171875 0.1494140625
1 0.75146484375 0.05224609375 0.1162109375 0.0517578125
3 0.6181640625 0.1533203125 0.025390625 0.02734375
1 0.19091796875 0.07470703125 0.2939453125 0.1494140625
1 0.07373046875 0.4951171875 0.1474609375 0.16015625
1 0.09326171875 0.6123046875 0.1865234375 0.197265625
0 0.0283203125 0.5087890625 0.02734375 0.0234375
1 0.05712890625 0.46923828125 0.0498046875 0.0498046875
1 0.77197265625 0.89111328125 0.3173828125 0.2119140625
1 0.71923828125 0.8193359375 0.1025390625 0.06640625
1 0.7978515625 0.94677734375 0.2890625 0.1064453125
1 0.71337890625 0.8671875 0.0927734375 0.083984375
1 0.76708984375 0.84765625 0.0556640625 0.12109375
1 0.80810546875 0.86767578125 0.0654296875 0.0576171875
1 0.82666015625 0.89404296875 0.0263671875 0.0302734375
1 0.83203125 0.98876953125 0.0625 0.0224609375