1 0.5 0.48388671875 0.267578125 0.1923828125
1 0.4921875 0.3037109375 0.224609375 0.181640625
1 0.5654296875 0.13818359375 0.26171875 0.2001953125
1 0.57421875 0.02392578125 0.1796875 0.0478515625
3 0.63623046875 0.0263671875 0.0283203125 0.021484375
3 0.6005859375 0.0791015625 0.029296875 0.033203125
3 0.54443359375 0.2529296875 0.0283203125 0.03125
3 0.5703125 0.3681640625 0.037109375 0.033203125
3 0.53564453125 0.42626953125 0.0283203125 0.0322265625
0 0.55029296875 0.03125 0.0244140625 0.029296875
1 0.9521484375 0.50634765625 0.095703125 0.1865234375
1 0.9580078125 0.3271484375 0.083984375 0.1796875