1 0.84228515625 0.09033203125 0.2841796875 0.1806640625
1 0.4375 0.33154296875 0.31640625 0.4228515625
1 0.38623046875 0.45654296875 0.1748046875 0.2626953125
1 0.26123046875 0.29736328125 0.1884765625 0.2412109375
3 0.35009765625 0.3955078125 0.0419921875 0.0390625
3 0.38623046875 0.490234375 0.0361328125 0.046875
3 0.517578125 0.4521484375 0.046875 0.046875
3 0.48046875 0.3583984375 0.052734375 0.046875
3 0.42529296875 0.26416015625 0.0517578125 0.0517578125
3 0.3994140625 0.2021484375 0.05078125 0.046875
3 0.236328125 0.2705078125 0.0390625 0.04296875
3 0.267578125 0.34619140625 0.041015625 0.0458984375
0 0.27099609375 0.30078125 0.0224609375 0.015625
0 0.30517578125 0.37939453125 0.0185546875 0.0146484375
0 0.52392578125 0.3974609375 0.0185546875 0.01171875
1 0.130859375 0.1416015625 0.125 0.189453125
1 0.2158203125 0.17626953125 0.076171875 0.0732421875
1 0.859375 0.19384765625 0.26171875 0.2216796875