1 0.54443359375 0.31640625 0.6142578125 0.6328125
1 0.7099609375 0.5703125 0.580078125 0.853515625
0 0.35595703125 0.52392578125 0.0166015625 0.0166015625
0 0.40478515625 0.50146484375 0.0166015625 0.0126953125
0 0.38623046875 0.42919921875 0.0283203125 0.0224609375
0 0.455078125 0.39501953125 0.017578125 0.0166015625
0 0.36083984375 0.46533203125 0.0341796875 0.0244140625
0 0.505859375 0.36962890625 0.01953125 0.0185546875
0 0.53759765625 0.3291015625 0.0205078125 0.01953125
0 0.5556640625 0.263671875 0.017578125 0.017578125
0 0.63671875 0.1982421875 0.017578125 0.017578125
0 0.6572265625 0.13671875 0.01953125 0.01953125
0 0.7353515625 0.06884765625 0.021484375 0.0185546875
0 0.75390625 0.01123046875 0.017578125 0.0166015625
0 0.54541015625 0.88818359375 0.0185546875 0.0146484375
0 0.55224609375 0.822265625 0.0205078125 0.017578125
0 0.64697265625 0.75927734375 0.0126953125 0.0146484375
0 0.650390625 0.6953125 0.017578125 0.017578125
0 0.7470703125 0.6298828125 0.01953125 0.01953125
0 0.75048828125 0.56591796875 0.0185546875 0.0185546875
0 0.78271484375 0.51904296875 0.0166015625 0.0166015625
0 0.84716796875 0.50146484375 0.0224609375 0.0126953125
0 0.88427734375 0.39208984375 0.0166015625 0.0205078125
0 0.9443359375 0.37109375 0.017578125 0.017578125
0 0.9853515625 0.26513671875 0.01953125 0.0166015625