1 0.5947265625 0.37841796875 0.275390625 0.2490234375
1 0.67578125 0.54443359375 0.224609375 0.2275390625
1 0.49853515625 0.61962890625 0.2373046875 0.2353515625
1 0.5078125 0.619140625 0.14453125 0.146484375
1 0.4365234375 0.45703125 0.2578125 0.23828125
1 0.43310546875 0.4375 0.1689453125 0.177734375
0 0.4736328125 0.5087890625 0.04296875 0.037109375
0 0.4970703125 0.36181640625 0.03515625 0.0341796875
0 0.697265625 0.43603515625 0.03125 0.0341796875
3 0.603515625 0.35107421875 0.03125 0.0302734375
3 0.57861328125 0.44873046875 0.0283203125 0.0283203125
3 0.69873046875 0.58740234375 0.0283203125 0.0302734375
3 0.62744140625 0.61328125 0.0302734375 0.03125
1 0.26708984375 0.5615234375 0.2333984375 0.318359375
3 0.3671875 0.466796875 0.021484375 0.017578125
1 0.61376953125 0.16162109375 0.0966796875 0.1259765625
1 0.65625 0.1396484375 0.0859375 0.125
1 0.1328125 0.69970703125 0.23828125 0.2705078125
1 0.1494140625 0.4677734375 0.298828125 0.490234375
1 0.0634765625 0.22314453125 0.126953125 0.3251953125
1 0.0634765625 0.33447265625 0.126953125 0.1279296875
1 0.0205078125 0.076171875 0.041015625 0.083984375
1 0.232421875 0.21337890625 0.21875 0.1513671875
1 0.2783203125 0.294921875 0.208984375 0.16015625
0 0.01953125 0.68701171875 0.015625 0.0244140625