1 0.466796875 0.49609375 0.2158203125 0.2578125
1 0.63330078125 0.5087890625 0.1630859375 0.255859375
1 0.40478515625 0.2021484375 0.2431640625 0.404296875
1 0.421875 0.12646484375 0.1650390625 0.125
1 0.35595703125 0.04052734375 0.0849609375 0.0810546875
0 0.474609375 0.01416015625 0.0244140625 0.0263671875
0 0.43310546875 0.357421875 0.02734375 0.0244140625
0 0.6650390625 0.49609375 0.029296875 0.0205078125
3 0.5751953125 0.3330078125 0.0361328125 0.0419921875
3 0.4052734375 0.5830078125 0.01953125 0.0224609375
3 0.43017578125 0.22509765625 0.0263671875 0.025390625
3 0.43212890625 0.19384765625 0.0283203125 0.0205078125