1 0.42724609375 0.443359375 0.4267578125 0.302734375
1 0.3857421875 0.32080078125 0.4130859375 0.2509765625
1 0.5087890625 0.4462890625 0.1103515625 0.0966796875
1 0.36572265625 0.494140625 0.107421875 0.09765625
1 0.32861328125 0.3125 0.1005859375 0.0810546875
1 0.42431640625 0.27880859375 0.095703125 0.078125
3 0.4912109375 0.39794921875 0.0390625 0.0380859375
3 0.35009765625 0.447265625 0.041015625 0.041015625
3 0.267578125 0.38330078125 0.076171875 0.0595703125
2 0.50146484375 0.28466796875 0.1728515625 0.1455078125
0 0.439453125 0.4541015625 0.021484375 0.0205078125
0 0.421875 0.46142578125 0.015625 0.017578125
0 0.408203125 0.32666015625 0.0283203125 0.0244140625
0 0.4130859375 0.3564453125 0.0341796875 0.0244140625
1 0.64404296875 0.85888671875 0.4267578125 0.2822265625
1 0.7255859375 0.87060546875 0.1083984375 0.095703125
1 0.580078125 0.91943359375 0.1083984375 0.0947265625
3 0.56640625 0.87255859375 0.0390625 0.0400390625
3 0.70751953125 0.82177734375 0.0400390625 0.0419921875
3 0.484375 0.806640625 0.076171875 0.056640625
3 0.732421875 0.72216796875 0.076171875 0.0595703125
3 0.6416015625 0.703125 0.1025390625 0.083984375
3 0.54345703125 0.736328125 0.1025390625 0.0810546875
0 0.65625 0.88037109375 0.017578125 0.015625
0 0.64013671875 0.88623046875 0.0166015625 0.017578125