1 0.5478515625 0.51708984375 0.208984375 0.3076171875
1 0.55126953125 0.4677734375 0.068359375 0.041015625
1 0.55419921875 0.4931640625 0.068359375 0.0322265625
1 0.568359375 0.56201171875 0.0712890625 0.041015625
1 0.57080078125 0.58544921875 0.072265625 0.03125
1 0.33642578125 0.55517578125 0.3232421875 0.2900390625
1 0.318359375 0.63623046875 0.0693359375 0.029296875
1 0.31640625 0.6142578125 0.0634765625 0.0361328125
1 0.52001953125 0.8125 0.3447265625 0.375
1 0.251953125 0.849609375 0.30859375 0.30078125
1 0.091796875 0.9326171875 0.109375 0.134765625
1 0.091796875 0.8134765625 0.0791015625 0.19921875
1 0.15234375 0.9833984375 0.205078125 0.033203125
1 0.130859375 0.43408203125 0.26171875 0.3173828125
1 0.12744140625 0.5810546875 0.1298828125 0.083984375
1 0.1103515625 0.2001953125 0.220703125 0.33984375
1 0.033203125 0.48046875 0.06640625 0.23046875
1 0.24658203125 0.06591796875 0.1787109375 0.1015625
1 0.40087890625 0.04248046875 0.1943359375 0.0849609375
3 0.369140625 0.50341796875 0.0390625 0.0302734375
3 0.3095703125 0.509765625 0.033203125 0.021484375
3 0.3955078125 0.615234375 0.0341796875 0.0263671875
0 0.47314453125 0.57373046875 0.0322265625 0.0283203125
0 0.431640625 0.8662109375 0.03515625 0.0390625
0 0.1064453125 0.27001953125 0.0400390625 0.0322265625
0 0.10009765625 0.2431640625 0.0361328125 0.03515625
0 0.09130859375 0.2158203125 0.0400390625 0.033203125
0 0.0849609375 0.19140625 0.03515625 0.03125
0 0.0771484375 0.16650390625 0.0341796875 0.0302734375
0 0.06982421875 0.13818359375 0.03515625 0.033203125