1 0.56689453125 0.974609375 0.1396484375 0.05078125
1 0.44873046875 0.98046875 0.1162109375 0.0390625
1 0.42578125 0.89306640625 0.126953125 0.19921875
1 0.53662109375 0.88818359375 0.125 0.169921875
1 0.6484375 0.9013671875 0.125 0.197265625
1 0.431640625 0.6865234375 0.1376953125 0.2470703125
1 0.54345703125 0.6923828125 0.1240234375 0.2431640625
1 0.62353515625 0.7109375 0.0703125 0.2080078125
1 0.6142578125 0.48779296875 0.181640625 0.240234375
1 0.453125 0.47998046875 0.185546875 0.2431640625
1 0.4423828125 0.27197265625 0.20703125 0.236328125
1 0.6416015625 0.28369140625 0.234375 0.236328125
1 0.66748046875 0.24365234375 0.1650390625 0.0478515625
1 0.7119140625 0.1865234375 0.087890625 0.08203125
2 0.4150390625 0.27099609375 0.0947265625 0.2138671875
2 0.654296875 0.32763671875 0.0810546875 0.1240234375
0 0.72705078125 0.2138671875 0.0244140625 0.0185546875
0 0.5654296875 0.279296875 0.0263671875 0.0244140625
0 0.5625 0.35498046875 0.0361328125 0.0244140625
0 0.6025390625 0.3427734375 0.0322265625 0.0322265625
0 0.5126953125 0.421875 0.0224609375 0.021484375
3 0.572265625 0.40673828125 0.0380859375 0.0234375
3 0.5712890625 0.4775390625 0.037109375 0.02734375
3 0.5712890625 0.55029296875 0.037109375 0.0283203125
3 0.5712890625 0.6123046875 0.0166015625 0.0126953125
3 0.52978515625 0.65234375 0.0390625 0.029296875
3 0.52734375 0.7314453125 0.041015625 0.029296875
3 0.525390625 0.7880859375 0.041015625 0.02734375
0 0.48974609375 0.9013671875 0.0244140625 0.0205078125
0 0.5205078125 0.8994140625 0.021484375 0.013671875
0 0.556640625 0.90087890625 0.01953125 0.0146484375