1 0.4892578125 0.373046875 0.1728515625 0.2451171875
1 0.625 0.48291015625 0.2490234375 0.1708984375
1 0.6220703125 0.41064453125 0.244140625 0.169921875
1 0.59423828125 0.60302734375 0.16796875 0.23046875
1 0.51806640625 0.60546875 0.1748046875 0.2294921875
1 0.38916015625 0.57568359375 0.2470703125 0.158203125
1 0.3818359375 0.49658203125 0.2470703125 0.1640625
1 0.41357421875 0.375 0.1728515625 0.251953125
1 0.95556640625 0.51318359375 0.0888671875 0.3291015625
1 0.97998046875 0.47412109375 0.0400390625 0.0830078125
1 0.97412109375 0.21875 0.0400390625 0.2314453125
1 0.31640625 0.9453125 0.341796875 0.109375
1 0.091796875 0.9423828125 0.15625 0.115234375
1 0.03173828125 0.509765625 0.0634765625 0.10546875
1 0.04443359375 0.60498046875 0.0859375 0.1123046875
1 0.17333984375 0.17529296875 0.3466796875 0.3408203125
0 0.484375 0.32861328125 0.0400390625 0.0380859375
0 0.3681640625 0.59130859375 0.0341796875 0.029296875
3 0.5 0.43408203125 0.03515625 0.03125
3 0.45703125 0.529296875 0.0361328125 0.029296875
0 0.6044921875 0.39599609375 0.0146484375 0.013671875
0 0.59130859375 0.673828125 0.0166015625 0.0185546875