1 0.54833984375 0.599609375 0.28515625 0.373046875
1 0.53173828125 0.33251953125 0.205078125 0.263671875
1 0.55859375 0.466796875 0.0703125 0.0546875
1 0.55908203125 0.490234375 0.078125 0.044921875
1 0.57373046875 0.5517578125 0.0732421875 0.0576171875
1 0.57568359375 0.5732421875 0.078125 0.0439453125
1 0.3837890625 0.6181640625 0.306640625 0.3935546875
1 0.314453125 0.44384765625 0.294921875 0.2197265625
1 0.36083984375 0.568359375 0.076171875 0.0458984375
1 0.359375 0.58544921875 0.072265625 0.0458984375
1 0.35205078125 0.525390625 0.078125 0.0458984375
1 0.3525390625 0.54296875 0.0732421875 0.044921875
1 0.39404296875 0.2919921875 0.177734375 0.1494140625
1 0.31396484375 0.3271484375 0.32421875 0.205078125
1 0.44384765625 0.4052734375 0.0693359375 0.083984375
1 0.36962890625 0.146484375 0.083984375 0.1455078125
1 0.333984375 0.14599609375 0.0673828125 0.1416015625
0 0.32421875 0.74072265625 0.0185546875 0.0185546875
0 0.3974609375 0.48486328125 0.021484375 0.0224609375
0 0.33447265625 0.49609375 0.017578125 0.0244140625
3 0.30419921875 0.45849609375 0.0341796875 0.02734375
0 0.25537109375 0.3037109375 0.0390625 0.03515625
0 0.3359375 0.294921875 0.0400390625 0.0390625
0 0.330078125 0.10107421875 0.0185546875 0.0166015625
3 0.4912109375 0.38818359375 0.01953125 0.0224609375
0 0.541015625 0.298828125 0.052734375 0.0517578125
0 0.544921875 0.34521484375 0.013671875 0.01171875
0 0.38330078125 0.45263671875 0.01171875 0.01171875
0 0.3759765625 0.60986328125 0.015625 0.013671875
0 0.55322265625 0.38818359375 0.056640625 0.0556640625