1 0.48193359375 0.53955078125 0.4638671875 0.3994140625
1 0.55908203125 0.43115234375 0.4638671875 0.3974609375
1 0.4306640625 0.609375 0.404296875 0.33203125
1 0.61083984375 0.36474609375 0.4150390625 0.3271484375
3 0.60498046875 0.36865234375 0.0556640625 0.0380859375
3 0.6796875 0.42236328125 0.0546875 0.0517578125
3 0.61572265625 0.521484375 0.0380859375 0.037109375
3 0.4873046875 0.49755859375 0.046875 0.0478515625
3 0.490234375 0.42041015625 0.03125 0.0322265625
3 0.30078125 0.5087890625 0.1328125 0.111328125
3 0.5439453125 0.69384765625 0.15625 0.1318359375
3 0.45068359375 0.62060546875 0.0478515625 0.0439453125
3 0.3798828125 0.56591796875 0.05078125 0.0439453125
0 0.546875 0.5185546875 0.01953125 0.015625
0 0.421875 0.39306640625 0.01953125 0.0224609375
1 0.05419921875 0.26513671875 0.1083984375 0.2138671875