1 0.51416015625 0.56591796875 0.2958984375 0.2001953125
1 0.55224609375 0.46484375 0.2900390625 0.197265625
1 0.62255859375 0.3251953125 0.1728515625 0.220703125
1 0.70654296875 0.359375 0.1552734375 0.208984375
1 0.7734375 0.447265625 0.162109375 0.1640625
3 0.75830078125 0.41748046875 0.0283203125 0.0283203125
3 0.81201171875 0.439453125 0.0263671875 0.029296875
3 0.7919921875 0.48876953125 0.029296875 0.0283203125
0 0.68798828125 0.3818359375 0.0166015625 0.015625
0 0.6669921875 0.4365234375 0.015625 0.017578125
0 0.58935546875 0.43701171875 0.0185546875 0.0126953125
0 0.58349609375 0.4755859375 0.0126953125 0.009765625
1 0.3447265625 0.50439453125 0.123046875 0.1337890625
1 0.38623046875 0.39453125 0.1259765625 0.146484375