1 0.142578125 0.88330078125 0.181640625 0.2333984375
1 0.3251953125 0.46630859375 0.43359375 0.283203125
1 0.43603515625 0.3935546875 0.265625 0.1611328125
1 0.25830078125 0.30126953125 0.240234375 0.17578125
3 0.37158203125 0.37060546875 0.0380859375 0.0400390625
3 0.47021484375 0.390625 0.044921875 0.03515625
3 0.4560546875 0.525390625 0.0439453125 0.0439453125
3 0.35693359375 0.5048828125 0.0458984375 0.05078125
3 0.2548828125 0.46728515625 0.0498046875 0.05078125
3 0.18896484375 0.453125 0.0458984375 0.05078125
3 0.228515625 0.27978515625 0.0419921875 0.0361328125
3 0.3076171875 0.29736328125 0.044921875 0.0390625
0 0.2646484375 0.30859375 0.0146484375 0.0205078125
0 0.34814453125 0.330078125 0.015625 0.01953125
0 0.40380859375 0.54150390625 0.0146484375 0.017578125
1 0.08935546875 0.19873046875 0.1787109375 0.1142578125
1 0.13232421875 0.27734375 0.0703125 0.07421875
1 0.26953125 0.88720703125 0.197265625 0.2255859375