1 0.46240234375 0.55908203125 0.33203125 0.359375
1 0.54638671875 0.65966796875 0.3349609375 0.3388671875
1 0.4384765625 0.53369140625 0.1572265625 0.162109375
1 0.81201171875 0.25830078125 0.3759765625 0.3994140625
0 0.78271484375 0.3017578125 0.0869140625 0.0966796875
0 0.85498046875 0.25927734375 0.03125 0.0361328125
1 0.107421875 0.84912109375 0.21484375 0.2138671875
1 0.23583984375 0.9013671875 0.2705078125 0.162109375
0 0.5283203125 0.4404296875 0.0224609375 0.0224609375
0 0.70458984375 0.2783203125 0.0234375 0.0205078125
0 0.833984375 0.25634765625 0.017578125 0.015625
0 0.869140625 0.17578125 0.0166015625 0.013671875