1 0.7607421875 0.37255859375 0.2353515625 0.1298828125
1 0.44140625 0.33447265625 0.2021484375 0.134765625
1 0.6640625 0.41064453125 0.09765625 0.154296875
1 0.841796875 0.4365234375 0.10546875 0.150390625
1 0.38818359375 0.888671875 0.19921875 0.1318359375
1 0.30712890625 0.07080078125 0.1640625 0.1142578125
1 0.7451171875 0.4658203125 0.232421875 0.1279296875
1 0.43994140625 0.064453125 0.1533203125 0.12890625
1 0.357421875 0.599609375 0.2646484375 0.62109375
1 0.45751953125 0.8759765625 0.1015625 0.11328125
1 0.48583984375 0.357421875 0.1123046875 0.0966796875