1 0.61865234375 0.70263671875 0.1240234375 0.1357421875
1 0.67529296875 0.6591796875 0.1279296875 0.1328125
1 0.4560546875 0.5009765625 0.306640625 0.361328125
1 0.50830078125 0.4599609375 0.3154296875 0.349609375
1 0.68994140625 0.50390625 0.1689453125 0.2109375
1 0.83203125 0.4970703125 0.158203125 0.18359375
3 0.67041015625 0.64501953125 0.0244140625 0.0224609375
3 0.60302734375 0.69970703125 0.0205078125 0.021484375
3 0.5859375 0.63134765625 0.037109375 0.0341796875
3 0.607421875 0.61376953125 0.033203125 0.0400390625
3 0.59033203125 0.54931640625 0.0244140625 0.0244140625
3 0.525390625 0.60302734375 0.03125 0.0244140625
3 0.36767578125 0.4072265625 0.0224609375 0.0234375
3 0.43359375 0.35595703125 0.025390625 0.0263671875
3 0.51123046875 0.451171875 0.0244140625 0.02734375
3 0.44677734375 0.50537109375 0.0224609375 0.0244140625
0 0.41650390625 0.38671875 0.0146484375 0.015625
0 0.55859375 0.59619140625 0.01953125 0.0166015625
0 0.58056640625 0.5791015625 0.0126953125 0.013671875
0 0.67724609375 0.576171875 0.0146484375 0.013671875
1 0.32666015625 0.09033203125 0.2294921875 0.1630859375
1 0.46435546875 0.04736328125 0.1181640625 0.0947265625
0 0.34619140625 0.03857421875 0.0205078125 0.0224609375
0 0.44677734375 0.06005859375 0.0146484375 0.0146484375