1 0.5712890625 0.5576171875 0.328125 0.291015625
1 0.48876953125 0.44970703125 0.3291015625 0.2919921875
2 0.486328125 0.447265625 0.3017578125 0.2607421875
0 0.6044921875 0.5126953125 0.0234375 0.0234375
1 0.4228515625 0.64453125 0.0693359375 0.083984375
1 0.36279296875 0.640625 0.0771484375 0.0712890625
1 0.35791015625 0.70166015625 0.06640625 0.0771484375
1 0.4208984375 0.7060546875 0.0771484375 0.0673828125
1 0.3466796875 0.8779296875 0.1826171875 0.2333984375
1 0.314453125 0.97119140625 0.25 0.0576171875
1 0.14990234375 0.8828125 0.2666015625 0.234375
1 0.10693359375 0.9794921875 0.1669921875 0.041015625
3 0.208984375 0.94677734375 0.052734375 0.044921875
3 0.2587890625 0.98388671875 0.05078125 0.0322265625
0 0.32470703125 0.95556640625 0.0234375 0.0263671875
0 0.1943359375 0.97900390625 0.0244140625 0.025390625
1 0.91943359375 0.34716796875 0.150390625 0.203125
1 0.8798828125 0.23583984375 0.2236328125 0.251953125
0 0.9599609375 0.3271484375 0.0224609375 0.0234375