1 0.4990234375 0.4326171875 0.998046875 0.48828125
0 0.03271484375 0.30859375 0.0146484375 0.015625
0 0.078125 0.291015625 0.025390625 0.025390625
0 0.11767578125 0.333984375 0.0263671875 0.01171875
0 0.13525390625 0.3056640625 0.0283203125 0.03125
0 0.25048828125 0.36376953125 0.0322265625 0.0126953125
0 0.23681640625 0.32421875 0.0263671875 0.03125
0 0.44775390625 0.4072265625 0.0283203125 0.01953125
0 0.46533203125 0.37548828125 0.0361328125 0.0341796875
0 0.57958984375 0.4375 0.0380859375 0.015625
0 0.5654296875 0.3974609375 0.02734375 0.029296875
0 0.7724609375 0.4794921875 0.01953125 0.01171875
0 0.79345703125 0.4482421875 0.0322265625 0.033203125
0 0.892578125 0.47021484375 0.033203125 0.0302734375
0 0.9091796875 0.50830078125 0.03515625 0.0224609375