1 0.85009765625 0.466796875 0.2314453125 0.291015625
1 0.7041015625 0.49609375 0.181640625 0.2734375
1 0.560546875 0.48291015625 0.181640625 0.2880859375
1 0.439453125 0.51171875 0.1796875 0.271484375
1 0.2939453125 0.5029296875 0.181640625 0.291015625
1 0.17529296875 0.52734375 0.1826171875 0.26953125
3 0.82958984375 0.40185546875 0.0400390625 0.0439453125
3 0.8515625 0.49658203125 0.041015625 0.0439453125
3 0.6865234375 0.4794921875 0.025390625 0.01953125
3 0.70361328125 0.55029296875 0.0263671875 0.0166015625
3 0.4208984375 0.49951171875 0.0234375 0.0205078125
3 0.15478515625 0.5146484375 0.0224609375 0.017578125
0 0.34033203125 0.5947265625 0.0283203125 0.037109375
0 0.60595703125 0.57666015625 0.0263671875 0.0341796875
0 0.87255859375 0.5595703125 0.0244140625 0.033203125
0 0.7666015625 0.419921875 0.015625 0.015625
0 0.12060546875 0.46044921875 0.0244140625 0.0146484375