1 0.470703125 0.60302734375 0.287109375 0.1845703125
1 0.60302734375 0.60693359375 0.08203125 0.1162109375
1 0.38232421875 0.546875 0.12109375 0.0927734375
1 0.6025390625 0.478515625 0.224609375 0.2607421875
1 0.4453125 0.43798828125 0.2646484375 0.255859375
1 0.61572265625 0.52490234375 0.0673828125 0.056640625
1 0.61474609375 0.50634765625 0.0654296875 0.037109375
1 0.63330078125 0.45361328125 0.0693359375 0.0576171875
1 0.6328125 0.43359375 0.0625 0.0380859375
1 0.65478515625 0.2724609375 0.2529296875 0.3115234375
1 0.66015625 0.33837890625 0.0712890625 0.0654296875
1 0.6611328125 0.318359375 0.0712890625 0.0400390625
1 0.4208984375 0.4736328125 0.078125 0.046875
1 0.41943359375 0.4423828125 0.0712890625 0.072265625
1 0.43505859375 0.40380859375 0.076171875 0.0458984375
1 0.4375 0.3759765625 0.0703125 0.0732421875
1 0.48291015625 0.2275390625 0.31640625 0.3154296875
1 0.4599609375 0.28857421875 0.0849609375 0.05078125
1 0.46484375 0.2607421875 0.076171875 0.0732421875
1 0.4853515625 0.19677734375 0.083984375 0.046875
1 0.49072265625 0.16796875 0.078125 0.0751953125
0 0.45166015625 0.22265625 0.029296875 0.0263671875
0 0.56884765625 0.3603515625 0.0185546875 0.0205078125
0 0.53662109375 0.513671875 0.0322265625 0.0390625
3 0.7001953125 0.2158203125 0.046875 0.0517578125
3 0.69580078125 0.33837890625 0.029296875 0.0380859375
3 0.3779296875 0.46044921875 0.02734375 0.037109375
3 0.39697265625 0.3916015625 0.025390625 0.033203125
3 0.41455078125 0.2724609375 0.041015625 0.044921875
3 0.439453125 0.18115234375 0.0439453125 0.044921875