1 0.47119140625 0.34423828125 0.1201171875 0.2529296875
1 0.52880859375 0.4345703125 0.3056640625 0.26953125
1 0.55029296875 0.3994140625 0.2275390625 0.14453125
1 0.5693359375 0.30126953125 0.08984375 0.0849609375
1 0.345703125 0.3974609375 0.08203125 0.09375
1 0.60302734375 0.60205078125 0.0810546875 0.0908203125
1 0.42236328125 0.56689453125 0.3017578125 0.2568359375
1 0.42138671875 0.5830078125 0.0634765625 0.05078125
1 0.462890625 0.57080078125 0.037109375 0.0751953125
1 0.42529296875 0.541015625 0.0693359375 0.033203125
3 0.49658203125 0.61181640625 0.0302734375 0.0302734375
3 0.390625 0.53125 0.029296875 0.03125
0 0.591796875 0.58984375 0.0234375 0.01953125
3 0.60400390625 0.49365234375 0.0322265625 0.0322265625
0 0.5234375 0.41650390625 0.02734375 0.0205078125
0 0.36669921875 0.38232421875 0.0205078125 0.0224609375