1 0.45166015625 0.5380859375 0.1240234375 0.29296875
1 0.56689453125 0.53369140625 0.1220703125 0.3037109375
3 0.58447265625 0.556640625 0.0322265625 0.025390625
3 0.58984375 0.58154296875 0.03125 0.0224609375
3 0.58740234375 0.4765625 0.0302734375 0.0234375
3 0.58837890625 0.505859375 0.0302734375 0.01953125
3 0.43115234375 0.60546875 0.0361328125 0.025390625
3 0.42919921875 0.462890625 0.0341796875 0.0234375
1 0.470703125 0.8134765625 0.2578125 0.103515625
1 0.46875 0.904296875 0.25390625 0.09765625
1 0.85302734375 0.87451171875 0.2939453125 0.2080078125
3 0.81689453125 0.8359375 0.0322265625 0.033203125
3 0.8525390625 0.85107421875 0.037109375 0.0361328125
1 0.9130859375 0.89990234375 0.06640625 0.0751953125
1 0.7470703125 0.9599609375 0.15625 0.05859375