1 0.47900390625 0.54345703125 0.306640625 0.2744140625
1 0.56591796875 0.42529296875 0.3701171875 0.3818359375
1 0.169921875 0.13818359375 0.306640625 0.2763671875
1 0.09619140625 0.099609375 0.1826171875 0.19921875
1 0.21337890625 0.85400390625 0.3818359375 0.2890625
1 0.1142578125 0.91455078125 0.228515625 0.1611328125
0 0.0625 0.92236328125 0.0224609375 0.0224609375
0 0.18896484375 0.900390625 0.0205078125 0.0263671875
2 0.4873046875 0.4169921875 0.080078125 0.0791015625
0 0.5732421875 0.498046875 0.0517578125 0.0546875
0 0.51708984375 0.60986328125 0.0166015625 0.013671875
0 0.18505859375 0.13916015625 0.0361328125 0.0322265625
0 0.2138671875 0.11474609375 0.033203125 0.02734375
0 0.06201171875 0.0126953125 0.0361328125 0.025390625
1 0.03662109375 0.23681640625 0.06640625 0.0986328125
0 0.10986328125 0.22607421875 0.0185546875 0.0205078125