1 0.591796875 0.619140625 0.349609375 0.314453125
1 0.61376953125 0.47509765625 0.345703125 0.2587890625
1 0.69384765625 0.39453125 0.171875 0.138671875
1 0.6884765625 0.18994140625 0.3173828125 0.2275390625
1 0.70458984375 0.11083984375 0.3173828125 0.2109375
1 0.7236328125 0.072265625 0.310546875 0.14453125
1 0.7666015625 0.03173828125 0.2734375 0.0634765625
3 0.59619140625 0.18212890625 0.0419921875 0.041015625
3 0.6953125 0.2041015625 0.0419921875 0.0419921875
0 0.5625 0.1962890625 0.01953125 0.021484375
0 0.6416015625 0.20703125 0.0185546875 0.01953125
0 0.64306640625 0.455078125 0.021484375 0.0234375
0 0.5048828125 0.421875 0.013671875 0.0146484375
0 0.5419921875 0.61962890625 0.0126953125 0.013671875