1 0.341796875 0.64892578125 0.220703125 0.2236328125
1 0.552734375 0.58984375 0.212890625 0.2109375
2 0.525390625 0.58984375 0.0390625 0.173828125
2 0.56396484375 0.59130859375 0.0361328125 0.1748046875
2 0.60546875 0.59326171875 0.037109375 0.1728515625
2 0.31982421875 0.65771484375 0.0380859375 0.1748046875
2 0.36328125 0.658203125 0.03515625 0.173828125
2 0.39990234375 0.65869140625 0.0341796875 0.1767578125
1 0.37548828125 0.037109375 0.2099609375 0.07421875
2 0.33642578125 0.025390625 0.0322265625 0.05078125
2 0.3759765625 0.0283203125 0.03125 0.056640625
2 0.41650390625 0.0263671875 0.0341796875 0.052734375