1 0.39111328125 0.640625 0.6982421875 0.625
1 0.513671875 0.7021484375 0.63671875 0.55859375
1 0.6923828125 0.5751953125 0.1328125 0.13671875
1 0.57861328125 0.68798828125 0.1318359375 0.1357421875
1 0.39990234375 0.86279296875 0.1318359375 0.1337890625
1 0.30029296875 0.93994140625 0.1083984375 0.0751953125
3 0.16162109375 0.89892578125 0.0341796875 0.0361328125
3 0.2841796875 0.77685546875 0.02734375 0.0283203125
3 0.50244140625 0.56396484375 0.0302734375 0.0283203125
3 0.62548828125 0.44482421875 0.0283203125 0.0302734375
0 0.130859375 0.8662109375 0.021484375 0.021484375
0 0.3037109375 0.70263671875 0.01171875 0.0126953125
0 0.44384765625 0.56298828125 0.0166015625 0.0263671875
0 0.595703125 0.412109375 0.021484375 0.0234375
1 0.7763671875 0.904296875 0.1796875 0.19140625
1 0.88720703125 0.89111328125 0.1181640625 0.2177734375
3 0.90771484375 0.84375 0.0322265625 0.03515625
3 0.7548828125 0.87939453125 0.033203125 0.0341796875
1 0.77294921875 0.9521484375 0.0986328125 0.095703125
3 0.91552734375 0.92236328125 0.0185546875 0.0224609375
3 0.92041015625 0.95703125 0.0146484375 0.021484375