1 0.5634765625 0.47900390625 0.455078125 0.51171875
3 0.55322265625 0.486328125 0.04296875 0.0400390625
3 0.583984375 0.5625 0.029296875 0.0283203125
0 0.5537109375 0.58154296875 0.037109375 0.0263671875
0 0.55908203125 0.525390625 0.037109375 0.0205078125
0 0.57177734375 0.45263671875 0.033203125 0.021484375
3 0.603515625 0.42138671875 0.0302734375 0.025390625
3 0.5810546875 0.390625 0.037109375 0.0234375
0 0.5205078125 0.44384765625 0.0205078125 0.0244140625
0 0.615234375 0.458984375 0.0205078125 0.0224609375
0 0.60400390625 0.53515625 0.013671875 0.013671875
0 0.60546875 0.6376953125 0.017578125 0.0166015625
0 0.4638671875 0.45263671875 0.0302734375 0.03515625
0 0.51611328125 0.5234375 0.0224609375 0.0205078125
0 0.53662109375 0.6435546875 0.013671875 0.0146484375
0 0.57568359375 0.40380859375 0.013671875 0.0146484375