1 0.623046875 0.9140625 0.298828125 0.171875
1 0.5888671875 0.8076171875 0.2958984375 0.2001953125
1 0.56982421875 0.70849609375 0.1611328125 0.1123046875
1 0.55810546875 0.64599609375 0.171875 0.09765625
1 0.52978515625 0.552734375 0.275390625 0.197265625
1 0.49267578125 0.42919921875 0.2724609375 0.197265625
1 0.49169921875 0.1318359375 0.2587890625 0.263671875
1 0.3232421875 0.16015625 0.212890625 0.2900390625
1 0.06005859375 0.7138671875 0.1201171875 0.44921875
1 0.08154296875 0.7001953125 0.1630859375 0.4453125
3 0.4716796875 0.1103515625 0.029296875 0.021484375
3 0.31494140625 0.154296875 0.03515625 0.0224609375
3 0.5107421875 0.43603515625 0.0244140625 0.0283203125
3 0.52587890625 0.54541015625 0.0234375 0.0322265625
3 0.06005859375 0.63916015625 0.025390625 0.0283203125
3 0.09765625 0.75927734375 0.0263671875 0.0283203125
3 0.404296875 0.42919921875 0.0205078125 0.025390625
0 0.4814453125 0.017578125 0.017578125 0.0185546875
0 0.35888671875 0.0546875 0.021484375 0.0234375
0 0.41357421875 0.23388671875 0.0205078125 0.0234375
0 0.0205078125 0.72607421875 0.005859375 0.01171875
0 0.4814453125 0.3955078125 0.015625 0.0146484375
0 0.56103515625 0.57763671875 0.01953125 0.0185546875
0 0.61083984375 0.77099609375 0.01953125 0.01953125
0 0.5341796875 0.98486328125 0.03125 0.0302734375
0 0.60009765625 0.97802734375 0.021484375 0.0185546875
0 0.43994140625 0.248046875 0.0146484375 0.013671875
0 0.4345703125 0.2236328125 0.0166015625 0.0146484375
0 0.42626953125 0.19677734375 0.0185546875 0.017578125
0 0.41796875 0.16552734375 0.0185546875 0.0185546875
0 0.40869140625 0.14013671875 0.015625 0.0185546875
0 0.400390625 0.10986328125 0.0166015625 0.0146484375
0 0.390625 0.07275390625 0.015625 0.013671875
0 0.38525390625 0.052734375 0.0146484375 0.013671875
0 0.37841796875 0.0302734375 0.0146484375 0.0126953125
0 0.4013671875 0.21484375 0.0126953125 0.015625
0 0.39697265625 0.1953125 0.0146484375 0.0146484375
0 0.3896484375 0.1728515625 0.013671875 0.01171875
0 0.384765625 0.15234375 0.015625 0.0146484375
0 0.37841796875 0.12939453125 0.0126953125 0.0126953125
0 0.37060546875 0.10888671875 0.0146484375 0.017578125
0 0.365234375 0.08740234375 0.013671875 0.0166015625