1 0.3486328125 0.53857421875 0.16796875 0.1689453125
1 0.58935546875 0.43701171875 0.2060546875 0.2705078125
1 0.4833984375 0.5966796875 0.19140625 0.171875
1 0.47705078125 0.390625 0.2001953125 0.275390625
1 0.34765625 0.2197265625 0.228515625 0.13671875
1 0.3310546875 0.26953125 0.220703125 0.12890625
1 0.22705078125 0.14794921875 0.0830078125 0.1728515625
1 0.2861328125 0.1201171875 0.06640625 0.08984375
2 0.44482421875 0.5849609375 0.1142578125 0.12890625
2 0.52734375 0.6279296875 0.07421875 0.107421875
0 0.31640625 0.5703125 0.0390625 0.037109375
2 0.4697265625 0.3759765625 0.17578125 0.205078125
3 0.45458984375 0.4716796875 0.0244140625 0.03125
3 0.50146484375 0.3515625 0.0302734375 0.033203125
1 0.5908203125 0.4345703125 0.166015625 0.228515625
3 0.35888671875 0.52392578125 0.0380859375 0.0419921875