1 0.4951171875 0.552734375 0.2578125 0.16015625
1 0.5185546875 0.44091796875 0.263671875 0.1630859375
1 0.24072265625 0.8779296875 0.4150390625 0.244140625
1 0.1689453125 0.94775390625 0.294921875 0.1044921875
1 0.07080078125 0.41357421875 0.1416015625 0.1591796875
1 0.083984375 0.26806640625 0.16796875 0.1845703125
1 0.55419921875 0.42431640625 0.0771484375 0.0634765625
1 0.49072265625 0.419921875 0.0673828125 0.0703125
3 0.03369140625 0.36572265625 0.0673828125 0.0556640625
3 0.0751953125 0.42529296875 0.041015625 0.0380859375
0 0.498046875 0.46142578125 0.01953125 0.0185546875
3 0.37744140625 0.91796875 0.0302734375 0.03125
0 0.25830078125 0.99365234375 0.0146484375 0.0126953125
0 0.15576171875 0.95751953125 0.0166015625 0.0185546875
1 0.87890625 0.14111328125 0.103515625 0.1494140625
1 0.8408203125 0.123046875 0.1015625 0.14453125