1 0.70361328125 0.56494140625 0.5927734375 0.3037109375
1 0.67041015625 0.72998046875 0.6044921875 0.30078125
1 0.59423828125 0.5390625 0.1572265625 0.1513671875
1 0.7900390625 0.427734375 0.125 0.1162109375
1 0.73583984375 0.51025390625 0.0830078125 0.19140625
1 0.79248046875 0.5234375 0.099609375 0.1826171875
1 0.06982421875 0.72998046875 0.1396484375 0.1123046875
1 0.060546875 0.81201171875 0.12109375 0.1103515625
1 0.05322265625 0.88330078125 0.1064453125 0.0849609375
1 0.53271484375 0.69580078125 0.1064453125 0.138671875
1 0.80224609375 0.76123046875 0.109375 0.1396484375
3 0.8330078125 0.560546875 0.0302734375 0.03515625
3 0.6806640625 0.52587890625 0.0322265625 0.0439453125
0 0.7294921875 0.626953125 0.0146484375 0.0205078125
0 0.74609375 0.63037109375 0.0166015625 0.0244140625
0 0.59228515625 0.576171875 0.01953125 0.021484375
1 0.9111328125 0.61328125 0.142578125 0.1396484375
0 0.89501953125 0.6455078125 0.017578125 0.0224609375
3 0.60595703125 0.74072265625 0.095703125 0.087890625
3 0.67138671875 0.7646484375 0.033203125 0.041015625
3 0.701171875 0.771484375 0.03125 0.041015625
1 0.09814453125 0.4638671875 0.1962890625 0.177734375
1 0.11572265625 0.34326171875 0.203125 0.140625
3 0.03955078125 0.3212890625 0.0302734375 0.029296875
2 0.09130859375 0.43505859375 0.1806640625 0.0927734375
3 0.021484375 0.4716796875 0.04296875 0.0400390625
0 0.08251953125 0.302734375 0.01171875 0.0126953125
3 0.875 0.8037109375 0.09375 0.0859375