1 0.5361328125 0.439453125 0.3193359375 0.345703125
1 0.4482421875 0.34228515625 0.3232421875 0.32421875
1 0.56005859375 0.46435546875 0.1513671875 0.1552734375
1 0.18798828125 0.75244140625 0.3759765625 0.3798828125
0 0.2236328125 0.70751953125 0.0849609375 0.091796875
0 0.15380859375 0.75390625 0.029296875 0.03515625
1 0.8876953125 0.134765625 0.224609375 0.19921875
1 0.75146484375 0.08837890625 0.265625 0.15234375
0 0.4736328125 0.56103515625 0.0224609375 0.021484375
0 0.30224609375 0.728515625 0.0234375 0.01953125
0 0.17431640625 0.75537109375 0.017578125 0.015625
0 0.14306640625 0.837890625 0.015625 0.013671875