1 0.23974609375 0.859375 0.4638671875 0.28125
1 0.185546875 0.5224609375 0.09765625 0.1318359375
1 0.24365234375 0.5634765625 0.1220703125 0.125
1 0.31201171875 0.41650390625 0.2216796875 0.2861328125
1 0.38623046875 0.53466796875 0.1591796875 0.177734375
1 0.4599609375 0.39501953125 0.203125 0.1083984375
1 0.45654296875 0.4697265625 0.1875 0.091796875
1 0.42578125 0.52001953125 0.12890625 0.15234375
3 0.306640625 0.3681640625 0.046875 0.052734375
0 0.3935546875 0.42529296875 0.013671875 0.0185546875
0 0.22802734375 0.490234375 0.0146484375 0.0146484375
0 0.1455078125 0.86279296875 0.02734375 0.021484375
0 0.22265625 0.85205078125 0.017578125 0.015625
0 0.1826171875 0.93212890625 0.0146484375 0.015625
0 0.1875 0.9765625 0.0185546875 0.021484375
1 0.5244140625 0.17041015625 0.1123046875 0.0986328125
1 0.5244140625 0.087890625 0.259765625 0.17578125
1 0.6875 0.12060546875 0.2578125 0.2412109375
1 0.7998046875 0.15673828125 0.166015625 0.2197265625
2 0.67138671875 0.099609375 0.1064453125 0.1162109375
0 0.6318359375 0.05126953125 0.0185546875 0.0234375
0 0.7353515625 0.03271484375 0.0146484375 0.0146484375