1 0.58544921875 0.2900390625 0.32421875 0.4130859375
1 0.71484375 0.3642578125 0.328125 0.3701171875
1 0.51953125 0.7333984375 0.41796875 0.525390625
1 0.392578125 0.66162109375 0.4091796875 0.5517578125
3 0.6591796875 0.56787109375 0.0400390625 0.0322265625
3 0.6123046875 0.64404296875 0.0390625 0.0341796875
3 0.572265625 0.7060546875 0.0419921875 0.037109375
3 0.5224609375 0.779296875 0.0390625 0.03515625
3 0.484375 0.84716796875 0.0458984375 0.041015625
3 0.43359375 0.92236328125 0.0419921875 0.0380859375
3 0.81201171875 0.28125 0.044921875 0.0390625
3 0.76318359375 0.3544921875 0.0439453125 0.0390625
3 0.72216796875 0.41748046875 0.041015625 0.0361328125
3 0.67431640625 0.4912109375 0.04296875 0.041015625
3 0.6123046875 0.21240234375 0.1064453125 0.1083984375
3 0.52294921875 0.34814453125 0.109375 0.1083984375
3 0.4599609375 0.5009765625 0.1064453125 0.1083984375
3 0.3720703125 0.63720703125 0.1064453125 0.109375
3 0.28271484375 0.7783203125 0.1083984375 0.1103515625
0 0.44384765625 0.7919921875 0.0263671875 0.0283203125
0 0.37646484375 0.7578125 0.03125 0.033203125
0 0.53173828125 0.65283203125 0.0302734375 0.025390625
0 0.46728515625 0.619140625 0.029296875 0.02734375
0 0.6181640625 0.5126953125 0.0244140625 0.0244140625
0 0.55517578125 0.4833984375 0.033203125 0.02734375
0 0.6162109375 0.33056640625 0.0361328125 0.0302734375
0 0.68017578125 0.36474609375 0.0234375 0.0234375
0 0.70556640625 0.193359375 0.033203125 0.03125
0 0.77099609375 0.22705078125 0.0283203125 0.02734375