1 0.482421875 0.568359375 0.2705078125 0.3486328125
1 0.59521484375 0.63623046875 0.2685546875 0.326171875
1 0.45263671875 0.5517578125 0.1279296875 0.15625
1 0.732421875 0.18115234375 0.3515625 0.353515625
0 0.70263671875 0.220703125 0.0615234375 0.1015625
0 0.755859375 0.1572265625 0.0234375 0.03515625
1 0.2685546875 0.9296875 0.1337890625 0.119140625
1 0.40673828125 0.95458984375 0.2197265625 0.0908203125
0 0.50732421875 0.43505859375 0.025390625 0.025390625
0 0.62158203125 0.2236328125 0.025390625 0.0234375
0 0.73681640625 0.1611328125 0.01953125 0.0185546875
0 0.7431640625 0.07275390625 0.0185546875 0.0166015625