1 0.93896484375 0.20556640625 0.1220703125 0.3095703125
1 0.9150390625 0.375 0.169921875 0.26953125
1 0.83642578125 0.6240234375 0.3271484375 0.298828125
1 0.94287109375 0.58251953125 0.1142578125 0.2470703125
1 0.77685546875 0.44970703125 0.306640625 0.2890625
1 0.65869140625 0.72021484375 0.41015625 0.353515625
1 0.5673828125 0.5205078125 0.2919921875 0.27734375
1 0.34326171875 0.56787109375 0.3076171875 0.296875
1 0.39697265625 0.77001953125 0.3388671875 0.3515625
1 0.1494140625 0.66943359375 0.298828125 0.3642578125
1 0.2001953125 0.849609375 0.3388671875 0.26953125
1 0.0263671875 0.7236328125 0.052734375 0.205078125
1 0.0595703125 0.86669921875 0.119140625 0.1748046875
0 0.00732421875 0.853515625 0.0146484375 0.025390625
1 0.07080078125 0.64697265625 0.046875 0.072265625
1 0.056640625 0.650390625 0.05078125 0.0595703125
1 0.16162109375 0.6123046875 0.04296875 0.0712890625
1 0.14599609375 0.6181640625 0.048828125 0.056640625
1 0.171875 0.68017578125 0.029296875 0.0244140625
1 0.08203125 0.708984375 0.033203125 0.0302734375
0 0.06884765625 0.85302734375 0.0302734375 0.04296875
3 0.20654296875 0.9267578125 0.1025390625 0.0703125
0 0.26220703125 0.7734375 0.0546875 0.0673828125
0 0.27978515625 0.943359375 0.126953125 0.080078125
0 0.419921875 0.775390625 0.0224609375 0.02734375
0 0.45068359375 0.64111328125 0.025390625 0.029296875
0 0.57177734375 0.70068359375 0.033203125 0.0341796875
0 0.54248046875 0.7041015625 0.0419921875 0.05078125
0 0.63671875 0.67822265625 0.0400390625 0.048828125
0 0.68017578125 0.6630859375 0.0390625 0.0498046875
1 0.5029296875 0.5439453125 0.0625 0.0849609375
1 0.56689453125 0.52392578125 0.0634765625 0.083984375
1 0.62841796875 0.50390625 0.06640625 0.0859375
1 0.7470703125 0.72802734375 0.08984375 0.1162109375
1 0.65966796875 0.75390625 0.0908203125 0.1181640625
1 0.576171875 0.7919921875 0.05859375 0.0703125
1 0.55859375 0.79248046875 0.041015625 0.072265625
1 0.8349609375 0.591796875 0.1015625 0.09765625
1 0.74853515625 0.42724609375 0.05078125 0.0810546875
1 0.73046875 0.42724609375 0.05859375 0.0693359375
1 0.83154296875 0.400390625 0.05078125 0.078125
1 0.810546875 0.404296875 0.0546875 0.064453125
1 0.916015625 0.55126953125 0.0341796875 0.0419921875
1 0.7431640625 0.49755859375 0.0234375 0.0224609375
0 0.7255859375 0.57275390625 0.0341796875 0.03515625
0 0.71240234375 0.54736328125 0.025390625 0.0234375
0 0.83203125 0.49072265625 0.0126953125 0.0166015625
1 0.8779296875 0.91943359375 0.1640625 0.1611328125