1 0.5927734375 0.3076171875 0.814453125 0.615234375
1 0.64306640625 0.3623046875 0.7138671875 0.591796875
0 0.82421875 0.23193359375 0.0322265625 0.033203125
1 0.6669921875 0.46044921875 0.666015625 0.6259765625
1 0.78173828125 0.43212890625 0.228515625 0.205078125
3 0.966796875 0.2529296875 0.0224609375 0.0341796875
3 0.9384765625 0.2802734375 0.044921875 0.046875
3 0.9033203125 0.3154296875 0.056640625 0.0556640625
3 0.86376953125 0.34765625 0.0458984375 0.044921875
0 0.8662109375 0.31396484375 0.025390625 0.021484375
0 0.71240234375 0.3408203125 0.0498046875 0.044921875
3 0.45068359375 0.3955078125 0.0322265625 0.03515625
3 0.65234375 0.5361328125 0.05859375 0.0517578125
3 0.689453125 0.5029296875 0.0361328125 0.0380859375
3 0.6142578125 0.56640625 0.0390625 0.046875
3 0.5703125 0.60302734375 0.0546875 0.052734375
3 0.53369140625 0.63623046875 0.0380859375 0.041015625
0 0.5341796875 0.60400390625 0.0205078125 0.0185546875
1 0.94873046875 0.90283203125 0.1025390625 0.1123046875
1 0.09033203125 0.134765625 0.1806640625 0.205078125
3 0.041015625 0.13427734375 0.0546875 0.052734375
3 0.00634765625 0.0810546875 0.0126953125 0.03125
1 0.1884765625 0.072265625 0.162109375 0.09375