1 0.50732421875 0.5517578125 0.2939453125 0.3076171875
1 0.392578125 0.458984375 0.330078125 0.3359375
1 0.4111328125 0.40966796875 0.1259765625 0.072265625
1 0.43212890625 0.39501953125 0.09375 0.1025390625
1 0.37548828125 0.04150390625 0.2099609375 0.0830078125
1 0.251953125 0.0146484375 0.06640625 0.029296875
1 0.26904296875 0.0166015625 0.0830078125 0.033203125
1 0.48046875 0.06005859375 0.0888671875 0.056640625
1 0.4755859375 0.087890625 0.087890625 0.05078125
1 0.29833984375 0.14599609375 0.4189453125 0.2275390625
1 0.330078125 0.1455078125 0.0830078125 0.064453125
1 0.28271484375 0.140625 0.0654296875 0.0693359375
1 0.12744140625 0.0576171875 0.080078125 0.0732421875
0 0.19140625 0.158203125 0.0185546875 0.0185546875
0 0.486328125 0.51025390625 0.0166015625 0.0205078125
1 0.39404296875 0.75341796875 0.43359375 0.2470703125
0 0.27734375 0.77734375 0.01953125 0.021484375
1 0.572265625 0.67431640625 0.0791015625 0.0517578125
1 0.21728515625 0.6689453125 0.0859375 0.0751953125
1 0.419921875 0.76025390625 0.0791015625 0.0634765625
1 0.37451171875 0.755859375 0.064453125 0.06640625