1 0.50732421875 0.66015625 0.220703125 0.34765625
1 0.52685546875 0.154296875 0.2099609375 0.30859375
1 0.740234375 0.9208984375 0.1962890625 0.1435546875
3 0.513671875 0.6923828125 0.021484375 0.0234375
2 0.45263671875 0.73583984375 0.037109375 0.1083984375
0 0.5380859375 0.67041015625 0.01171875 0.009765625
0 0.54443359375 0.8056640625 0.0087890625 0.01171875
0 0.560546875 0.1455078125 0.0078125 0.0087890625
0 0.46240234375 0.1396484375 0.0126953125 0.01171875
0 0.458984375 0.1240234375 0.009765625 0.0078125
0 0.572265625 0.13134765625 0.0107421875 0.0068359375
0 0.572265625 0.14306640625 0.005859375 0.0078125
3 0.5341796875 0.16650390625 0.0224609375 0.0224609375
1 0.76171875 0.40966796875 0.1982421875 0.1708984375