1 0.13623046875 0.30029296875 0.2353515625 0.3525390625
1 0.2333984375 0.34326171875 0.234375 0.33984375
1 0.50927734375 0.38232421875 0.3779296875 0.3935546875
1 0.3857421875 0.6162109375 0.3623046875 0.3408203125
1 0.59423828125 0.69482421875 0.2900390625 0.2578125
1 0.48681640625 0.7734375 0.0908203125 0.0751953125
1 0.74560546875 0.77392578125 0.25390625 0.251953125
1 0.859375 0.62451171875 0.28125 0.3115234375
1 0.8505859375 0.8642578125 0.203125 0.271484375
1 0.69384765625 0.51806640625 0.2890625 0.3056640625
1 0.51025390625 0.41064453125 0.1669921875 0.1669921875
1 0.70458984375 0.5078125 0.162109375 0.1533203125
1 0.41259765625 0.603515625 0.15625 0.1318359375
1 0.59228515625 0.7109375 0.16015625 0.1416015625
1 0.7412109375 0.8095703125 0.1279296875 0.1201171875
0 0.224609375 0.41845703125 0.025390625 0.0244140625
0 0.478515625 0.4560546875 0.041015625 0.0478515625
3 0.87109375 0.8642578125 0.0263671875 0.029296875
0 0.80078125 0.85400390625 0.0283203125 0.029296875
0 0.42236328125 0.32275390625 0.0244140625 0.03515625
0 0.654296875 0.4453125 0.03515625 0.0341796875
3 0.85595703125 0.70068359375 0.05078125 0.048828125
3 0.83544921875 0.76416015625 0.0341796875 0.0302734375
3 0.6416015625 0.76611328125 0.0234375 0.029296875
3 0.51513671875 0.6982421875 0.0263671875 0.021484375
3 0.513671875 0.61181640625 0.0322265625 0.029296875
3 0.45703125 0.57275390625 0.0234375 0.0224609375
3 0.720703125 0.56005859375 0.025390625 0.0224609375
0 0.68359375 0.703125 0.0185546875 0.017578125
0 0.65625 0.673828125 0.0224609375 0.0205078125
0 0.31005859375 0.544921875 0.025390625 0.029296875
0 0.2099609375 0.45166015625 0.0205078125 0.021484375