1 0.634765625 0.49072265625 0.248046875 0.3369140625
1 0.47998046875 0.533203125 0.2236328125 0.345703125
1 0.6240234375 0.9228515625 0.189453125 0.154296875
1 0.67431640625 0.90283203125 0.1044921875 0.1533203125
1 0.779296875 0.9677734375 0.140625 0.064453125
0 0.7294921875 0.96826171875 0.02734375 0.0263671875
0 0.4736328125 0.58837890625 0.03125 0.0302734375
1 0.50537109375 0.0732421875 0.1572265625 0.146484375
1 0.37109375 0.09228515625 0.19140625 0.1845703125
3 0.3779296875 0.11474609375 0.0859375 0.0849609375
3 0.43310546875 0.115234375 0.0322265625 0.021484375
1 0.2490234375 0.10205078125 0.138671875 0.1806640625
0 0.60302734375 0.54248046875 0.0166015625 0.0185546875
0 0.541015625 0.5205078125 0.015625 0.017578125