1 0.5341796875 0.48291015625 0.2919921875 0.3876953125
1 0.42333984375 0.51611328125 0.2861328125 0.38671875
1 0.56640625 0.85595703125 0.392578125 0.2880859375
1 0.6064453125 0.919921875 0.37890625 0.16015625
0 0.505859375 0.908203125 0.0419921875 0.0439453125
0 0.50830078125 0.49365234375 0.033203125 0.0302734375
0 0.7314453125 0.90966796875 0.01953125 0.0185546875
1 0.2421875 0.03759765625 0.181640625 0.0751953125
0 0.25048828125 0.02197265625 0.03515625 0.033203125
1 0.35693359375 0.01318359375 0.1162109375 0.0263671875
1 0.4697265625 0.02734375 0.05859375 0.0546875
1 0.5 0.02490234375 0.068359375 0.0498046875