1 0.5888671875 0.60205078125 0.5791015625 0.4033203125
2 0.51318359375 0.68603515625 0.2373046875 0.1953125
2 0.46728515625 0.59326171875 0.2294921875 0.171875
2 0.7333984375 0.6025390625 0.2724609375 0.201171875
2 0.67431640625 0.52197265625 0.2509765625 0.1708984375
3 0.78466796875 0.5751953125 0.076171875 0.068359375
3 0.47216796875 0.70654296875 0.0712890625 0.0673828125
1 0.69873046875 0.3896484375 0.1572265625 0.0927734375
1 0.4052734375 0.462890625 0.46875 0.1689453125
1 0.24560546875 0.5322265625 0.158203125 0.1103515625
1 0.2900390625 0.60791015625 0.1513671875 0.146484375
1 0.32958984375 0.6787109375 0.12109375 0.1123046875
1 0.3486328125 0.716796875 0.095703125 0.0634765625
0 0.53564453125 0.728515625 0.015625 0.0146484375
0 0.80322265625 0.4638671875 0.0166015625 0.017578125
0 0.44287109375 0.51123046875 0.013671875 0.009765625