1 0.4267578125 0.4921875 0.1875 0.2890625
1 0.580078125 0.51025390625 0.1875 0.2861328125
2 0.5791015625 0.5078125 0.16796875 0.2421875
3 0.4150390625 0.48291015625 0.033203125 0.0419921875
0 0.41650390625 0.41259765625 0.0146484375 0.0205078125
0 0.4326171875 0.59521484375 0.017578125 0.0244140625
1 0.44384765625 0.69580078125 0.0869140625 0.1279296875
1 0.25439453125 0.0439453125 0.3818359375 0.087890625
1 0.3759765625 0.0146484375 0.162109375 0.029296875
1 0.12548828125 0.42138671875 0.1162109375 0.3193359375
3 0.1025390625 0.52392578125 0.046875 0.0693359375
3 0.1123046875 0.4609375 0.05078125 0.06640625
3 0.1201171875 0.3916015625 0.052734375 0.07421875
1 0.0517578125 0.4287109375 0.103515625 0.294921875
2 0.0498046875 0.42919921875 0.099609375 0.2822265625
1 0.06640625 0.2724609375 0.076171875 0.037109375
1 0.9267578125 0.54248046875 0.1328125 0.3779296875
1 0.99560546875 0.470703125 0.0087890625 0.236328125
0 0.90185546875 0.5517578125 0.0166015625 0.021484375