1 0.45849609375 0.54443359375 0.2412109375 0.251953125
1 0.56640625 0.484375 0.240234375 0.2587890625
1 0.5478515625 0.373046875 0.265625 0.30078125
1 0.64697265625 0.31494140625 0.3046875 0.357421875
1 0.26123046875 0.154296875 0.3681640625 0.2890625
1 0.208984375 0.3466796875 0.162109375 0.1884765625
1 0.2822265625 0.3291015625 0.1279296875 0.1533203125
1 0.16650390625 0.1015625 0.31640625 0.1591796875
1 0.87890625 0.26708984375 0.1943359375 0.189453125
1 0.81640625 0.1171875 0.271484375 0.234375
1 0.84375 0.18359375 0.240234375 0.22265625
2 0.82373046875 0.201171875 0.1728515625 0.1494140625
0 0.5859375 0.32421875 0.0458984375 0.048828125
0 0.564453125 0.51171875 0.0400390625 0.0439453125
0 0.59326171875 0.41015625 0.0283203125 0.0283203125
0 0.13720703125 0.20263671875 0.0224609375 0.0234375
0 0.08984375 0.1630859375 0.0234375 0.02734375
0 0.05029296875 0.06982421875 0.0283203125 0.0224609375