1 0.45263671875 0.58056640625 0.2236328125 0.3544921875
1 0.57373046875 0.6103515625 0.1923828125 0.361328125
1 0.7021484375 0.1513671875 0.181640625 0.302734375
1 0.57666015625 0.13623046875 0.2158203125 0.2724609375
3 0.56640625 0.20556640625 0.07421875 0.0732421875
0 0.41015625 0.5595703125 0.03125 0.02734375
0 0.40478515625 0.5830078125 0.0302734375 0.025390625
0 0.5380859375 0.068359375 0.033203125 0.029296875
0 0.53369140625 0.09521484375 0.0302734375 0.0302734375
3 0.56982421875 0.0390625 0.0400390625 0.03515625
3 0.59716796875 0.5859375 0.0283203125 0.025390625
3 0.57763671875 0.64501953125 0.0263671875 0.0263671875
3 0.72412109375 0.095703125 0.0244140625 0.029296875
3 0.673828125 0.10107421875 0.017578125 0.0146484375
3 0.671875 0.12060546875 0.013671875 0.0126953125
3 0.708984375 0.15185546875 0.021484375 0.0283203125
3 0.68115234375 0.24658203125 0.0205078125 0.0205078125
3 0.51318359375 0.71044921875 0.0166015625 0.0146484375
1 0.65771484375 0.32275390625 0.0908203125 0.0966796875
1 0.58056640625 0.30322265625 0.1025390625 0.0908203125
1 0.5048828125 0.27099609375 0.095703125 0.0654296875