1 0.22705078125 0.076171875 0.2177734375 0.15234375
1 0.1884765625 0.171875 0.2470703125 0.287109375
1 0.16064453125 0.43408203125 0.3212890625 0.3193359375
1 0.0810546875 0.32861328125 0.1494140625 0.224609375
1 0.28564453125 0.31787109375 0.3310546875 0.3271484375
1 0.2509765625 0.611328125 0.443359375 0.3740234375
1 0.43115234375 0.48486328125 0.314453125 0.314453125
1 0.6025390625 0.63623046875 0.333984375 0.3369140625
1 0.453125 0.78369140625 0.376953125 0.3837890625
1 0.73681640625 0.81591796875 0.3779296875 0.3681640625
1 0.58056640625 0.8984375 0.3544921875 0.203125
1 0.81884765625 0.9228515625 0.1376953125 0.154296875
1 0.75 0.9853515625 0.138671875 0.029296875
1 0.7998046875 0.84130859375 0.0556640625 0.0712890625
1 0.80908203125 0.85009765625 0.0615234375 0.0556640625
1 0.73828125 0.76611328125 0.0517578125 0.068359375
1 0.74658203125 0.7763671875 0.0595703125 0.0537109375
1 0.6943359375 0.81787109375 0.029296875 0.025390625
1 0.7568359375 0.88818359375 0.033203125 0.0302734375
3 0.5283203125 0.9853515625 0.060546875 0.029296875
0 0.56884765625 0.85546875 0.0654296875 0.0693359375
0 0.4541015625 0.9716796875 0.095703125 0.056640625
0 0.43212890625 0.7783203125 0.025390625 0.0283203125
0 0.47216796875 0.646484375 0.02734375 0.0302734375
0 0.33740234375 0.63720703125 0.037109375 0.037109375
0 0.36083984375 0.65576171875 0.0498046875 0.0537109375
0 0.29296875 0.58544921875 0.046875 0.05078125
0 0.26220703125 0.5517578125 0.0478515625 0.0517578125
1 0.474609375 0.5361328125 0.0771484375 0.0859375
1 0.43017578125 0.4873046875 0.0771484375 0.0849609375
1 0.38623046875 0.439453125 0.080078125 0.0888671875
1 0.17236328125 0.57373046875 0.109375 0.1171875
1 0.23486328125 0.640625 0.109375 0.1201171875
1 0.2880859375 0.71728515625 0.0712890625 0.06640625
1 0.30029296875 0.7255859375 0.052734375 0.072265625
1 0.16357421875 0.41259765625 0.1123046875 0.1103515625
1 0.32568359375 0.31201171875 0.056640625 0.080078125
1 0.3359375 0.31982421875 0.0703125 0.0654296875
1 0.26611328125 0.24755859375 0.056640625 0.0791015625
1 0.27880859375 0.25927734375 0.06640625 0.0615234375
1 0.11474609375 0.33642578125 0.0400390625 0.04296875
1 0.2900390625 0.376953125 0.025390625 0.025390625
0 0.26806640625 0.451171875 0.037109375 0.0380859375
0 0.29296875 0.4345703125 0.0302734375 0.02734375
0 0.216796875 0.32568359375 0.015625 0.0185546875
1 0.02392578125 0.68017578125 0.0478515625 0.1572265625