1 0.638671875 0.443359375 0.177734375 0.2734375
1 0.533203125 0.48291015625 0.232421875 0.1923828125
1 0.716796875 0.4931640625 0.130859375 0.17578125
1 0.556640625 0.58837890625 0.189453125 0.1083984375
1 0.6845703125 0.64599609375 0.306640625 0.2626953125
0 0.58349609375 0.697265625 0.0244140625 0.03125
0 0.77685546875 0.599609375 0.0244140625 0.029296875
0 0.5380859375 0.57958984375 0.017578125 0.0224609375
1 0.9462890625 0.27978515625 0.095703125 0.1728515625
1 0.91064453125 0.20458984375 0.1591796875 0.2373046875
1 0.9697265625 0.2333984375 0.044921875 0.08203125
1 0.86181640625 0.0908203125 0.2490234375 0.181640625
3 0.89501953125 0.0146484375 0.0517578125 0.029296875
0 0.92919921875 0.14404296875 0.0361328125 0.0322265625