1 0.62158203125 0.2509765625 0.3095703125 0.501953125
1 0.61962890625 0.72119140625 0.3603515625 0.5576171875
3 0.6318359375 0.52197265625 0.03125 0.0322265625
3 0.62841796875 0.63671875 0.0205078125 0.0185546875
3 0.625 0.7236328125 0.01953125 0.021484375
3 0.62109375 0.79345703125 0.0302734375 0.03125
3 0.61376953125 0.8974609375 0.0234375 0.0185546875
3 0.6162109375 0.96337890625 0.0361328125 0.0302734375
1 0.3974609375 0.7265625 0.3125 0.546875
3 0.35986328125 0.96044921875 0.015625 0.021484375
3 0.36328125 0.88037109375 0.02734375 0.0224609375
3 0.36767578125 0.806640625 0.025390625 0.0263671875
3 0.36962890625 0.74462890625 0.02734375 0.02734375
3 0.349609375 0.64208984375 0.03515625 0.0419921875
3 0.37548828125 0.57275390625 0.0390625 0.033203125
1 0.4013671875 0.24267578125 0.33984375 0.4853515625
3 0.3759765625 0.5126953125 0.0546875 0.041015625
3 0.6298828125 0.42919921875 0.029296875 0.037109375
3 0.38037109375 0.40576171875 0.0361328125 0.0322265625
3 0.3837890625 0.31201171875 0.0224609375 0.029296875
3 0.32421875 0.19384765625 0.0380859375 0.0439453125
3 0.390625 0.10888671875 0.0361328125 0.03515625
3 0.39306640625 0.00830078125 0.0361328125 0.0166015625
3 0.6435546875 0.087890625 0.02734375 0.021484375
3 0.642578125 0.1728515625 0.033203125 0.03515625
3 0.63720703125 0.33203125 0.029296875 0.0302734375
3 0.63623046875 0.23681640625 0.029296875 0.0283203125
0 0.49853515625 0.17822265625 0.046875 0.046875
0 0.4736328125 0.84033203125 0.0419921875 0.0439453125
0 0.443359375 0.8447265625 0.0244140625 0.029296875
0 0.44970703125 0.86962890625 0.03125 0.029296875
1 0.52197265625 0.017578125 0.0830078125 0.03515625
0 0.50146484375 0.05322265625 0.0419921875 0.03125
0 0.4794921875 0.486328125 0.01953125 0.021484375
0 0.4658203125 0.47216796875 0.0224609375 0.0283203125
0 0.533203125 0.70556640625 0.0302734375 0.0263671875
1 0.31298828125 0.64208984375 0.03515625 0.0791015625
1 0.49462890625 0.99072265625 0.0380859375 0.0185546875