1 0.51123046875 0.46875 0.3134765625 0.24609375
1 0.59814453125 0.400390625 0.1865234375 0.1376953125
1 0.47021484375 0.60009765625 0.328125 0.234375
1 0.4599609375 0.62158203125 0.0654296875 0.05078125
1 0.4951171875 0.6259765625 0.0419921875 0.060546875
3 0.53271484375 0.58984375 0.04296875 0.0380859375
3 0.42529296875 0.5556640625 0.05078125 0.0400390625
0 0.47314453125 0.5048828125 0.021484375 0.0224609375
1 0.7265625 0.453125 0.138671875 0.1357421875
1 0.8740234375 0.31982421875 0.0830078125 0.0869140625
1 0.34765625 0.10400390625 0.26953125 0.181640625
1 0.40087890625 0.02197265625 0.0859375 0.041015625
1 0.18701171875 0.091796875 0.13671875 0.0849609375
1 0.30224609375 0.0595703125 0.12890625 0.078125