1 0.28955078125 0.5732421875 0.291015625 0.234375
1 0.3056640625 0.71826171875 0.3310546875 0.2421875
1 0.27490234375 0.73828125 0.091796875 0.099609375
1 0.24853515625 0.73828125 0.0390625 0.103515625
0 0.2626953125 0.6328125 0.0166015625 0.0166015625
0 0.19482421875 0.5224609375 0.013671875 0.0166015625
1 0.5048828125 0.50830078125 0.451171875 0.3525390625
1 0.34033203125 0.4404296875 0.072265625 0.0634765625
1 0.546875 0.4921875 0.1103515625 0.080078125
1 0.50732421875 0.47119140625 0.0703125 0.1025390625
1 0.57568359375 0.6689453125 0.1142578125 0.1103515625
1 0.43310546875 0.63916015625 0.1181640625 0.1328125
1 0.779296875 0.8876953125 0.28125 0.224609375
1 0.861328125 0.90869140625 0.181640625 0.1826171875
0 0.8017578125 0.9814453125 0.01953125 0.0224609375
0 0.6064453125 0.56103515625 0.0263671875 0.03125