1 0.47412109375 0.52880859375 0.52734375 0.3564453125
1 0.43896484375 0.60107421875 0.1943359375 0.3017578125
1 0.3291015625 0.5693359375 0.224609375 0.2685546875
1 0.5419921875 0.3134765625 0.45703125 0.3466796875
1 0.8681640625 0.546875 0.263671875 0.208984375
3 0.91064453125 0.587890625 0.03125 0.03515625
3 0.9814453125 0.61669921875 0.0234375 0.03125
1 0.80810546875 0.83740234375 0.1845703125 0.3251953125
3 0.77001953125 0.828125 0.0390625 0.0390625
1 0.8779296875 0.42138671875 0.244140625 0.2060546875
1 0.9765625 0.46240234375 0.046875 0.1181640625
3 0.96240234375 0.42578125 0.0380859375 0.0380859375
1 0.7509765625 0.9892578125 0.12890625 0.021484375