1 0.1806640625 0.8115234375 0.3095703125 0.3154296875
1 0.19140625 0.7578125 0.1044921875 0.0927734375
1 0.1494140625 0.72412109375 0.0439453125 0.048828125
1 0.087890625 0.787109375 0.048828125 0.048828125
1 0.12646484375 0.822265625 0.1044921875 0.095703125
1 0.0908203125 0.88916015625 0.181640625 0.1572265625
1 0.30615234375 0.8876953125 0.310546875 0.2158203125
1 0.28955078125 0.6982421875 0.23046875 0.216796875
1 0.26123046875 0.67578125 0.0712890625 0.0703125
1 0.25390625 0.68359375 0.0859375 0.052734375
1 0.45361328125 0.85400390625 0.2763671875 0.2607421875
1 0.49072265625 0.9140625 0.1201171875 0.134765625
1 0.5078125 0.89208984375 0.146484375 0.0947265625
1 0.30908203125 0.4365234375 0.1689453125 0.1806640625
1 0.3662109375 0.52294921875 0.1455078125 0.15625
1 0.4404296875 0.3857421875 0.236328125 0.22265625
1 0.525390625 0.56201171875 0.29296875 0.294921875
1 0.55615234375 0.33349609375 0.1689453125 0.19140625
1 0.5595703125 0.32861328125 0.09375 0.111328125
1 0.68310546875 0.2998046875 0.2470703125 0.234375
1 0.73974609375 0.435546875 0.2421875 0.21875
1 0.64404296875 0.517578125 0.259765625 0.2724609375
1 0.66015625 0.5439453125 0.0966796875 0.1669921875
1 0.68798828125 0.53564453125 0.130859375 0.146484375
1 0.8525390625 0.22607421875 0.294921875 0.3095703125
1 0.8955078125 0.37548828125 0.208984375 0.2138671875
3 0.9619140625 0.345703125 0.0263671875 0.0302734375
3 0.8955078125 0.3740234375 0.025390625 0.0322265625
3 0.85986328125 0.3876953125 0.03125 0.0322265625
3 0.732421875 0.49365234375 0.0537109375 0.05078125
3 0.486328125 0.4091796875 0.048828125 0.048828125
0 0.26171875 0.90185546875 0.0283203125 0.025390625
0 0.33251953125 0.93701171875 0.0234375 0.021484375
1 0.2216796875 0.65673828125 0.03125 0.037109375
3 0.578125 0.6025390625 0.02734375 0.029296875
3 0.6171875 0.43310546875 0.0302734375 0.03125
0 0.654296875 0.4169921875 0.02734375 0.02734375
0 0.55810546875 0.44921875 0.037109375 0.0361328125
0 0.8046875 0.33203125 0.0244140625 0.0263671875
0 0.99658203125 0.19580078125 0.0068359375 0.0224609375
0 0.39013671875 0.376953125 0.0146484375 0.015625
1 0.75244140625 0.8046875 0.4677734375 0.390625
1 0.755859375 0.72412109375 0.1962890625 0.19921875
1 0.78564453125 0.69189453125 0.1572265625 0.189453125
1 0.85888671875 0.83935546875 0.0576171875 0.0537109375
1 0.8662109375 0.8310546875 0.046875 0.068359375
1 0.81689453125 0.865234375 0.0615234375 0.0546875
1 0.82568359375 0.861328125 0.0458984375 0.06640625
1 0.7734375 0.8955078125 0.0615234375 0.0556640625
1 0.78173828125 0.88916015625 0.0478515625 0.06640625
1 0.7216796875 0.9267578125 0.056640625 0.0517578125
1 0.7314453125 0.9228515625 0.044921875 0.06640625
1 0.68359375 0.95556640625 0.0595703125 0.0556640625
1 0.689453125 0.951171875 0.048828125 0.060546875
1 0.63916015625 0.98046875 0.0595703125 0.0390625
1 0.64599609375 0.97314453125 0.0478515625 0.0537109375
3 0.7197265625 0.98876953125 0.03515625 0.0224609375
0 0.765625 0.96337890625 0.021484375 0.0205078125
3 0.81591796875 0.98486328125 0.0302734375 0.0302734375
3 0.9501953125 0.736328125 0.0283203125 0.029296875
0 0.86572265625 0.7275390625 0.0166015625 0.0146484375