1 0.43896484375 0.47216796875 0.2099609375 0.31640625
1 0.57568359375 0.5166015625 0.2490234375 0.32421875
1 0.55322265625 0.12353515625 0.1962890625 0.2470703125
1 0.69580078125 0.1513671875 0.2412109375 0.28515625
3 0.3740234375 0.56103515625 0.0146484375 0.015625
3 0.4326171875 0.45703125 0.037109375 0.04296875
3 0.5517578125 0.09521484375 0.03515625 0.0478515625
3 0.70361328125 0.181640625 0.0283203125 0.0263671875
3 0.71630859375 0.1455078125 0.029296875 0.0283203125
3 0.49462890625 0.45654296875 0.0166015625 0.0146484375
0 0.5263671875 0.1884765625 0.0126953125 0.0166015625