1 0.8681640625 0.509765625 0.263671875 0.3359375
1 0.9287109375 0.7275390625 0.142578125 0.236328125
1 0.96923828125 0.4404296875 0.0615234375 0.220703125
1 0.91650390625 0.68505859375 0.0458984375 0.0380859375
1 0.91259765625 0.66552734375 0.0556640625 0.0302734375
1 0.943359375 0.77294921875 0.04296875 0.0380859375
1 0.93798828125 0.75244140625 0.0537109375 0.0302734375
2 0.935546875 0.48681640625 0.08984375 0.1611328125
3 0.85791015625 0.4697265625 0.0419921875 0.0625
3 0.888671875 0.56982421875 0.044921875 0.0615234375
0 0.96826171875 0.3740234375 0.0146484375 0.01171875
1 0.4375 0.2158203125 0.193359375 0.15625
1 0.48583984375 0.3603515625 0.2060546875 0.236328125
1 0.5341796875 0.53271484375 0.19140625 0.1962890625
1 0.53173828125 0.57177734375 0.1494140625 0.1103515625
1 0.3544921875 0.5986328125 0.244140625 0.189453125
1 0.3251953125 0.451171875 0.236328125 0.205078125
1 0.28369140625 0.39404296875 0.0771484375 0.1455078125
1 0.22900390625 0.40087890625 0.0947265625 0.1318359375
1 0.18798828125 0.21875 0.3095703125 0.2890625
1 0.04638671875 0.248046875 0.0908203125 0.26953125
0 0.1669921875 0.22802734375 0.021484375 0.0166015625
3 0.50048828125 0.28466796875 0.0263671875 0.0244140625
0 0.34375 0.5078125 0.0234375 0.021484375
0 0.40087890625 0.5927734375 0.0244140625 0.02734375