1 0.47265625 0.42138671875 0.40625 0.33984375
1 0.52392578125 0.59912109375 0.39453125 0.2724609375
1 0.16455078125 0.63623046875 0.3291015625 0.2373046875
1 0.14697265625 0.4814453125 0.2939453125 0.259765625
1 0.07275390625 0.80322265625 0.1455078125 0.1435546875
1 0.083984375 0.904296875 0.16796875 0.14453125
0 0.041015625 0.8720703125 0.025390625 0.021484375
0 0.16357421875 0.65576171875 0.0263671875 0.02734375
0 0.13623046875 0.55029296875 0.0244140625 0.0224609375
0 0.14208984375 0.61572265625 0.013671875 0.0185546875
0 0.3408203125 0.4423828125 0.017578125 0.013671875
3 0.3427734375 0.46337890625 0.0234375 0.0283203125
3 0.45361328125 0.4306640625 0.0615234375 0.0576171875
3 0.55810546875 0.40283203125 0.046875 0.048828125
3 0.6142578125 0.6103515625 0.056640625 0.0517578125
1 0.53759765625 0.62109375 0.0595703125 0.078125
1 0.515625 0.62158203125 0.0361328125 0.080078125
0 0.5107421875 0.4501953125 0.0234375 0.037109375
0 0.52880859375 0.5341796875 0.03125 0.033203125
1 0.28125 0.80126953125 0.1826171875 0.087890625
1 0.27783203125 0.75244140625 0.16796875 0.10546875
1 0.2177734375 0.9384765625 0.1259765625 0.080078125
1 0.20263671875 0.833984375 0.16796875 0.189453125
1 0.20751953125 0.89013671875 0.095703125 0.0693359375
1 0.29052734375 0.89111328125 0.080078125 0.068359375
1 0.28564453125 0.8759765625 0.06640625 0.0634765625
1 0.25927734375 0.87451171875 0.033203125 0.0595703125
1 0.2900390625 0.93798828125 0.08203125 0.068359375
1 0.19091796875 0.951171875 0.0888671875 0.0625
3 0.2607421875 0.8017578125 0.0390625 0.037109375
3 0.25732421875 0.76611328125 0.0361328125 0.0390625
0 0.0478515625 0.52392578125 0.0146484375 0.01171875
0 0.04248046875 0.6103515625 0.01171875 0.009765625
0 0.0830078125 0.63037109375 0.015625 0.0146484375
0 0.14453125 0.47412109375 0.0146484375 0.0185546875
0 0.13720703125 0.50439453125 0.01171875 0.015625
0 0.11328125 0.51025390625 0.013671875 0.0146484375