1 0.47119140625 0.52880859375 0.2373046875 0.2197265625
1 0.5419921875 0.44140625 0.23046875 0.220703125
3 0.55859375 0.4228515625 0.03125 0.03125
3 0.59521484375 0.52001953125 0.0087890625 0.0126953125
1 0.212890625 0.14892578125 0.28515625 0.2978515625
1 0.166015625 0.24951171875 0.2421875 0.2646484375
3 0.255859375 0.1640625 0.03125 0.03125
3 0.11767578125 0.23876953125 0.0302734375 0.0283203125
3 0.064453125 0.1923828125 0.025390625 0.037109375
3 0.2021484375 0.1416015625 0.029296875 0.029296875
3 0.14599609375 0.09326171875 0.0361328125 0.0380859375
3 0.11279296875 0.04296875 0.0302734375 0.03125
0 0.1513671875 0.14013671875 0.021484375 0.0185546875
1 0.80078125 0.802734375 0.23046875 0.2109375
1 0.8603515625 0.71923828125 0.205078125 0.2119140625
1 0.888671875 0.90234375 0.09765625 0.1484375
1 0.93310546875 0.8154296875 0.0361328125 0.068359375
3 0.84130859375 0.85400390625 0.0322265625 0.0361328125
3 0.89794921875 0.90283203125 0.0283203125 0.0302734375
3 0.92626953125 0.75537109375 0.0341796875 0.0380859375
3 0.89501953125 0.70556640625 0.0322265625 0.0341796875
0 0.935546875 0.80322265625 0.01953125 0.0283203125