1 0.53125 0.505859375 0.22265625 0.2646484375
1 0.42626953125 0.44189453125 0.2138671875 0.234375
1 0.439453125 0.4443359375 0.1103515625 0.125
3 0.49560546875 0.51171875 0.0478515625 0.0517578125
0 0.51318359375 0.46630859375 0.0234375 0.0263671875
1 0.70458984375 0.5634765625 0.1748046875 0.205078125
1 0.7802734375 0.615234375 0.1640625 0.2119140625
1 0.9130859375 0.732421875 0.1494140625 0.208984375
1 0.85693359375 0.7109375 0.1494140625 0.201171875
1 0.93896484375 0.7705078125 0.08984375 0.1923828125
0 0.927734375 0.71728515625 0.021484375 0.0205078125
0 0.56982421875 0.53466796875 0.0166015625 0.015625
1 0.0830078125 0.212890625 0.134765625 0.2509765625