1 0.4501953125 0.42333984375 0.35546875 0.3232421875
1 0.537109375 0.52685546875 0.35546875 0.3427734375
1 0.4833984375 0.8271484375 0.154296875 0.166015625
1 0.4375 0.86962890625 0.15625 0.1728515625
1 0.126953125 0.88916015625 0.240234375 0.2216796875
1 0.0849609375 0.8056640625 0.16015625 0.23046875
1 0.5810546875 0.66455078125 0.087890625 0.0966796875
1 0.5595703125 0.7177734375 0.095703125 0.091796875
1 0.5244140625 0.67529296875 0.091796875 0.0908203125
1 0.50439453125 0.72802734375 0.0830078125 0.0947265625
1 0.876953125 0.12890625 0.234375 0.208984375
1 0.8994140625 0.259765625 0.197265625 0.1796875
0 0.43115234375 0.47021484375 0.0263671875 0.0205078125
0 0.5087890625 0.5634765625 0.03125 0.033203125
0 0.51904296875 0.5849609375 0.0205078125 0.025390625
1 0.78759765625 0.71337890625 0.0830078125 0.0908203125
1 0.82373046875 0.685546875 0.0849609375 0.08984375
1 0.90283203125 0.60791015625 0.0927734375 0.1318359375
1 0.94775390625 0.58544921875 0.0908203125 0.1259765625
1 0.94482421875 0.9072265625 0.1103515625 0.166015625
0 0.98828125 0.95751953125 0.021484375 0.0224609375
0 0.09716796875 0.9033203125 0.0263671875 0.0234375
0 0.09423828125 0.97802734375 0.0185546875 0.0185546875
0 0.5634765625 0.4833984375 0.009765625 0.0078125
0 0.923828125 0.23681640625 0.021484375 0.0205078125