1 0.45361328125 0.45654296875 0.267578125 0.375
1 0.5458984375 0.51416015625 0.2861328125 0.376953125
2 0.54931640625 0.51953125 0.2509765625 0.34765625
0 0.470703125 0.4677734375 0.02734375 0.0302734375
0 0.45068359375 0.4013671875 0.013671875 0.0166015625
0 0.45654296875 0.51904296875 0.017578125 0.0234375
1 0.72314453125 0.93359375 0.1142578125 0.1328125
1 0.6669921875 0.9033203125 0.0986328125 0.1328125
1 0.634765625 0.96923828125 0.130859375 0.0615234375
1 0.728515625 0.99462890625 0.099609375 0.0107421875
0 0.689453125 0.8798828125 0.0224609375 0.0224609375
1 0.4755859375 0.056640625 0.119140625 0.11328125
1 0.5302734375 0.07958984375 0.0908203125 0.1162109375
1 0.63818359375 0.05712890625 0.169921875 0.1064453125
1 0.52197265625 0.01904296875 0.1142578125 0.0380859375
0 0.45654296875 0.064453125 0.01953125 0.0234375