1 0.5341796875 0.52197265625 0.197265625 0.2431640625
1 0.43408203125 0.47021484375 0.1962890625 0.2353515625
3 0.412109375 0.4580078125 0.03125 0.029296875
3 0.49951171875 0.40234375 0.0126953125 0.0078125
1 0.2177734375 0.85009765625 0.2578125 0.2998046875
1 0.330078125 0.875 0.23046875 0.25
3 0.22216796875 0.80859375 0.0302734375 0.029296875
3 0.32470703125 0.92822265625 0.0283203125 0.0283203125
3 0.29052734375 0.9892578125 0.0361328125 0.021484375
3 0.2109375 0.8662109375 0.029296875 0.02734375
3 0.17529296875 0.93115234375 0.0380859375 0.0341796875
3 0.1337890625 0.9736328125 0.03125 0.029296875
0 0.22119140625 0.91455078125 0.0166015625 0.0224609375
1 0.73388671875 0.14208984375 0.1884765625 0.2353515625
1 0.63671875 0.10302734375 0.189453125 0.2060546875
1 0.80810546875 0.041015625 0.1474609375 0.08203125
1 0.7158203125 0.0126953125 0.0703125 0.025390625
3 0.77490234375 0.09130859375 0.0361328125 0.0302734375
3 0.81103515625 0.02685546875 0.0302734375 0.0263671875
3 0.6611328125 0.02978515625 0.037109375 0.0322265625
3 0.6181640625 0.0712890625 0.033203125 0.029296875
0 0.70654296875 0.01123046875 0.0263671875 0.0205078125