1 0.26806640625 0.16845703125 0.4072265625 0.3369140625
1 0.19384765625 0.23583984375 0.3017578125 0.3095703125
1 0.58056640625 0.48193359375 0.2900390625 0.361328125
1 0.65966796875 0.5849609375 0.3466796875 0.3603515625
1 0.44677734375 0.4697265625 0.236328125 0.234375
1 0.90771484375 0.111328125 0.1845703125 0.0859375
1 0.95263671875 0.19287109375 0.0947265625 0.1435546875
1 0.88720703125 0.2451171875 0.2255859375 0.259765625
3 0.1806640625 0.04150390625 0.091796875 0.0830078125
3 0.13623046875 0.17822265625 0.0390625 0.0390625
3 0.19091796875 0.23291015625 0.0361328125 0.037109375
3 0.2421875 0.29541015625 0.03515625 0.0380859375
0 0.1748046875 0.095703125 0.046875 0.0458984375
0 0.12451171875 0.22412109375 0.0478515625 0.0439453125
0 0.4384765625 0.46142578125 0.0888671875 0.078125
0 0.67529296875 0.6611328125 0.091796875 0.095703125
0 0.5517578125 0.50634765625 0.05078125 0.0546875
0 0.59716796875 0.45556640625 0.060546875 0.0673828125
0 0.556640625 0.615234375 0.0283203125 0.0263671875
0 0.6494140625 0.556640625 0.03125 0.029296875
0 0.71826171875 0.58447265625 0.0654296875 0.0654296875