1 0.53369140625 0.3466796875 0.4853515625 0.265625
1 0.4931640625 0.4765625 0.482421875 0.26953125
3 0.677734375 0.3779296875 0.0390625 0.0390625
3 0.51806640625 0.32763671875 0.0400390625 0.0400390625
3 0.37939453125 0.2822265625 0.0419921875 0.041015625
3 0.4697265625 0.48583984375 0.0390625 0.0380859375
0 0.4150390625 0.44970703125 0.01171875 0.0126953125
0 0.55517578125 0.49365234375 0.0146484375 0.0166015625
0 0.57373046875 0.4990234375 0.0107421875 0.013671875
1 0.42626953125 0.90234375 0.4853515625 0.1953125
1 0.271484375 0.95703125 0.20703125 0.064453125
3 0.58935546875 0.97021484375 0.0400390625 0.0380859375
3 0.41259765625 0.91455078125 0.0361328125 0.0341796875
3 0.27197265625 0.8701171875 0.0419921875 0.037109375
1 0.900390625 0.74462890625 0.1640625 0.1787109375
1 0.92919921875 0.6103515625 0.1357421875 0.1640625
3 0.94482421875 0.5966796875 0.0419921875 0.04296875