1 0.3681640625 0.60205078125 0.181640625 0.3115234375
1 0.4443359375 0.6240234375 0.236328125 0.267578125
1 0.42138671875 0.8447265625 0.1826171875 0.1640625
1 0.43896484375 0.783203125 0.2197265625 0.126953125
1 0.2705078125 0.6904296875 0.115234375 0.13671875
1 0.24169921875 0.8447265625 0.1767578125 0.1796875
1 0.251953125 0.75 0.15625 0.1015625
1 0.2080078125 0.841796875 0.078125 0.037109375
1 0.216796875 0.8203125 0.05859375 0.05078125
1 0.326171875 0.87158203125 0.1484375 0.2294921875
0 0.25244140625 0.701171875 0.0146484375 0.015625
0 0.30224609375 0.7861328125 0.0263671875 0.015625
1 0.3525390625 0.9658203125 0.0390625 0.037109375
1 0.3603515625 0.9521484375 0.029296875 0.02734375
1 0.32763671875 0.9443359375 0.0283203125 0.029296875
1 0.35791015625 0.9296875 0.0322265625 0.02734375
1 0.32958984375 0.92919921875 0.0341796875 0.0283203125
1 0.15869140625 0.22119140625 0.2275390625 0.2470703125