1 0.341796875 0.47265625 0.501953125 0.3115234375
1 0.2900390625 0.59765625 0.5029296875 0.3046875
1 0.51513671875 0.1015625 0.4951171875 0.203125
1 0.68408203125 0.04296875 0.185546875 0.0673828125
3 0.376953125 0.013671875 0.0390625 0.02734375
3 0.53076171875 0.072265625 0.0419921875 0.0419921875
3 0.66650390625 0.12744140625 0.0439453125 0.0390625
3 0.3671875 0.4677734375 0.0439453125 0.04296875
3 0.4384765625 0.673828125 0.048828125 0.0458984375
3 0.3037109375 0.61767578125 0.0478515625 0.0498046875
3 0.1875 0.57568359375 0.025390625 0.0302734375
3 0.130859375 0.54833984375 0.044921875 0.04296875
0 0.39208984375 0.5810546875 0.0244140625 0.0263671875
0 0.251953125 0.5263671875 0.0244140625 0.0263671875
0 0.2822265625 0.45263671875 0.0166015625 0.0146484375
0 0.26513671875 0.44287109375 0.0146484375 0.015625
0 0.41455078125 0.5087890625 0.0078125 0.0078125