1 0.6025390625 0.53369140625 0.4091796875 0.9287109375
0 0.65478515625 0.1494140625 0.0419921875 0.04296875
0 0.7109375 0.16162109375 0.0390625 0.04296875
0 0.69189453125 0.2724609375 0.044921875 0.0478515625
0 0.68115234375 0.33251953125 0.044921875 0.048828125
0 0.67431640625 0.4365234375 0.0458984375 0.0478515625
0 0.640625 0.6669921875 0.0419921875 0.048828125
0 0.625 0.767578125 0.041015625 0.046875
0 0.58935546875 0.7841796875 0.0205078125 0.0400390625
0 0.60595703125 0.6484375 0.0185546875 0.0283203125
0 0.6318359375 0.4521484375 0.0205078125 0.0400390625
0 0.6474609375 0.31494140625 0.01953125 0.0283203125