1 0.80908203125 0.7919921875 0.3447265625 0.3056640625
1 0.8544921875 0.66845703125 0.2763671875 0.2939453125
1 0.5673828125 0.64404296875 0.123046875 0.1474609375
1 0.40380859375 0.4873046875 0.4013671875 0.326171875
1 0.35693359375 0.56298828125 0.3466796875 0.25
1 0.19091796875 0.40673828125 0.126953125 0.142578125
1 0.2294921875 0.32958984375 0.0927734375 0.0830078125
1 0.255859375 0.2880859375 0.0927734375 0.0849609375
1 0.4580078125 0.39697265625 0.3642578125 0.271484375
1 0.81005859375 0.28515625 0.05859375 0.064453125
1 0.7861328125 0.26806640625 0.0498046875 0.064453125
1 0.87646484375 0.1875 0.0927734375 0.080078125
1 0.9013671875 0.14453125 0.1123046875 0.1015625
0 0.8212890625 0.83984375 0.0341796875 0.03125
2 0.28662109375 0.4169921875 0.1591796875 0.1689453125
2 0.3310546875 0.32080078125 0.09765625 0.0947265625
0 0.4189453125 0.47607421875 0.0126953125 0.017578125
3 0.36328125 0.49755859375 0.0322265625 0.0380859375
3 0.4873046875 0.4169921875 0.04296875 0.0419921875
3 0.4287109375 0.38232421875 0.0400390625 0.0419921875
0 0.390625 0.34130859375 0.029296875 0.02734375
0 0.53564453125 0.4345703125 0.033203125 0.03125
0 0.3984375 0.51708984375 0.0224609375 0.0185546875
0 0.7744140625 0.7841796875 0.013671875 0.01171875
0 0.3974609375 0.46630859375 0.0146484375 0.0126953125