1 0.4912109375 0.39208984375 0.623046875 0.4443359375
1 0.4921875 0.67919921875 0.392578125 0.3701171875
1 0.734375 0.55224609375 0.298828125 0.2587890625
0 0.37646484375 0.4091796875 0.0361328125 0.033203125
0 0.4951171875 0.337890625 0.029296875 0.03125
0 0.736328125 0.4228515625 0.025390625 0.021484375
3 0.2431640625 0.34716796875 0.02734375 0.0302734375
3 0.27734375 0.33203125 0.025390625 0.029296875
3 0.31298828125 0.31689453125 0.0302734375 0.0302734375
0 0.521484375 0.4052734375 0.021484375 0.025390625
0 0.71923828125 0.326171875 0.0146484375 0.015625
0 0.54443359375 0.69140625 0.0166015625 0.015625