1 0.92822265625 0.49267578125 0.12890625 0.322265625
1 0.82177734375 0.5 0.134765625 0.3173828125
1 0.81494140625 0.4990234375 0.0703125 0.0927734375
3 0.9189453125 0.4990234375 0.0283203125 0.0283203125
1 0.56103515625 0.4853515625 0.1298828125 0.3203125
1 0.45263671875 0.4921875 0.1318359375 0.3154296875
1 0.43798828125 0.4609375 0.0458984375 0.0986328125
1 0.19921875 0.443359375 0.1337890625 0.3232421875
1 0.0849609375 0.447265625 0.1337890625 0.3203125
1 0.083984375 0.44921875 0.0712890625 0.08984375
3 0.2138671875 0.36669921875 0.0244140625 0.015625
3 0.21923828125 0.44140625 0.0283203125 0.0244140625
0 0.228515625 0.53759765625 0.0224609375 0.0263671875
3 0.58740234375 0.455078125 0.0244140625 0.0205078125
0 0.5908203125 0.578125 0.0224609375 0.0244140625
0 0.96044921875 0.5927734375 0.0185546875 0.01953125