1 0.84326171875 0.78515625 0.2880859375 0.28125
1 0.78857421875 0.77978515625 0.0830078125 0.0966796875
1 0.759765625 0.8251953125 0.044921875 0.0390625
1 0.82861328125 0.8798828125 0.0439453125 0.044921875
1 0.859375 0.837890625 0.0859375 0.095703125
1 0.9326171875 0.890625 0.134765625 0.21875
1 0.90576171875 0.65234375 0.1865234375 0.29296875
1 0.71923828125 0.6884765625 0.1962890625 0.2109375
1 0.69970703125 0.71923828125 0.0634765625 0.0654296875
1 0.70849609375 0.7255859375 0.0439453125 0.08203125
1 0.85693359375 0.50927734375 0.2353515625 0.2529296875
1 0.91259765625 0.4658203125 0.1240234375 0.107421875
1 0.88916015625 0.451171875 0.0810546875 0.138671875
1 0.45703125 0.6962890625 0.166015625 0.15234375
1 0.53662109375 0.630859375 0.1435546875 0.130859375
1 0.392578125 0.5712890625 0.201171875 0.216796875
1 0.55908203125 0.46826171875 0.2685546875 0.2666015625
1 0.32861328125 0.46142578125 0.1767578125 0.1513671875
1 0.3232421875 0.45849609375 0.103515625 0.0830078125
1 0.28173828125 0.3388671875 0.2119140625 0.2265625
1 0.41064453125 0.2685546875 0.1962890625 0.22265625
1 0.50244140625 0.35498046875 0.2490234375 0.2353515625
1 0.52685546875 0.3359375 0.1591796875 0.080078125
1 0.515625 0.3095703125 0.134765625 0.1171875
1 0.18896484375 0.15576171875 0.2783203125 0.3115234375
1 0.33349609375 0.107421875 0.1923828125 0.21484375
3 0.29833984375 0.056640625 0.0283203125 0.0234375
3 0.33349609375 0.11962890625 0.0302734375 0.0224609375
3 0.3505859375 0.15380859375 0.029296875 0.0283203125
3 0.46923828125 0.26953125 0.0458984375 0.048828125
3 0.4111328125 0.52294921875 0.044921875 0.0439453125
0 0.92431640625 0.69482421875 0.0224609375 0.0263671875
0 0.9521484375 0.62109375 0.01953125 0.021484375
1 0.68505859375 0.76025390625 0.0341796875 0.0283203125
3 0.59375 0.41162109375 0.02734375 0.0244140625
3 0.42138671875 0.390625 0.0283203125 0.02734375
0 0.4013671875 0.35498046875 0.025390625 0.0244140625
0 0.443359375 0.44775390625 0.033203125 0.0341796875
0 0.30126953125 0.21435546875 0.0244140625 0.0224609375
0 0.14501953125 0.029296875 0.0205078125 0.021484375
0 0.38916015625 0.6220703125 0.0146484375 0.013671875
1 0.80126953125 0.21435546875 0.3974609375 0.4287109375
1 0.6962890625 0.22216796875 0.181640625 0.1787109375
1 0.6611328125 0.19580078125 0.17578125 0.1396484375
1 0.7998046875 0.107421875 0.048828125 0.052734375
1 0.791015625 0.10107421875 0.064453125 0.0400390625
1 0.830078125 0.146484375 0.048828125 0.056640625
1 0.8251953125 0.13818359375 0.0625 0.0400390625
1 0.86474609375 0.1865234375 0.0498046875 0.056640625
1 0.857421875 0.17919921875 0.0625 0.0419921875
1 0.9013671875 0.23486328125 0.046875 0.0517578125
1 0.896484375 0.2255859375 0.0625 0.0390625
1 0.93408203125 0.26953125 0.0498046875 0.0546875
1 0.9287109375 0.2646484375 0.056640625 0.04296875
1 0.970703125 0.310546875 0.046875 0.0546875
1 0.962890625 0.3046875 0.064453125 0.041015625
3 0.9658203125 0.22998046875 0.025390625 0.0322265625
0 0.93310546875 0.1875 0.0185546875 0.01953125
3 0.95263671875 0.13427734375 0.0341796875 0.0263671875
3 0.68798828125 0.02734375 0.0263671875 0.025390625
0 0.68798828125 0.1123046875 0.0126953125 0.015625