1 0.4189453125 0.60546875 0.41796875 0.248046875
1 0.251953125 0.5810546875 0.0859375 0.060546875
1 0.30419921875 0.46630859375 0.1455078125 0.2275390625
1 0.34619140625 0.33154296875 0.0615234375 0.0888671875
1 0.55029296875 0.3916015625 0.4091796875 0.203125
1 0.7060546875 0.48974609375 0.083984375 0.0595703125
1 0.66064453125 0.59912109375 0.1298828125 0.2119140625
1 0.61083984375 0.74267578125 0.1162109375 0.1220703125
1 0.5302734375 0.7392578125 0.10546875 0.080078125
1 0.50439453125 0.48974609375 0.3330078125 0.2255859375
1 0.634765625 0.685546875 0.025390625 0.017578125
1 0.42578125 0.478515625 0.02734375 0.025390625