1 0.35009765625 0.4140625 0.2919921875 0.216796875
1 0.37451171875 0.5810546875 0.2890625 0.2099609375
1 0.619140625 0.5791015625 0.26171875 0.20703125
1 0.59130859375 0.4150390625 0.25390625 0.2080078125
0 0.4375 0.466796875 0.0263671875 0.01953125
3 0.501953125 0.42529296875 0.0205078125 0.0341796875
3 0.568359375 0.39453125 0.0185546875 0.033203125
0 0.51123046875 0.501953125 0.029296875 0.0224609375
3 0.54443359375 0.45166015625 0.0322265625 0.0302734375
3 0.55810546875 0.61083984375 0.03125 0.0341796875
3 0.47216796875 0.58203125 0.0263671875 0.0361328125
3 0.392578125 0.3857421875 0.029296875 0.0380859375
3 0.421875 0.44873046875 0.017578125 0.029296875
0 0.52490234375 0.58984375 0.0185546875 0.0185546875