1 0.552734375 0.50537109375 0.1640625 0.2587890625
1 0.4404296875 0.48095703125 0.166015625 0.2646484375
1 0.8740234375 0.76611328125 0.251953125 0.4150390625
1 0.94384765625 0.83447265625 0.1123046875 0.3017578125
1 0.4052734375 0.92822265625 0.16015625 0.1435546875
1 0.26025390625 0.91357421875 0.1884765625 0.1728515625
1 0.42529296875 0.4453125 0.0634765625 0.078125
1 0.41943359375 0.50732421875 0.0712890625 0.0673828125
3 0.35791015625 0.96484375 0.0576171875 0.0703125
3 0.41796875 0.923828125 0.0390625 0.041015625
0 0.4609375 0.5009765625 0.01953125 0.01953125
3 0.916015625 0.62939453125 0.03125 0.0302734375
0 0.9912109375 0.74951171875 0.017578125 0.0146484375
0 0.951171875 0.85205078125 0.017578125 0.0166015625
1 0.1474609375 0.1142578125 0.1484375 0.10546875
1 0.12841796875 0.15234375 0.1435546875 0.103515625