1 0.41650390625 0.4638671875 0.46875 0.5556640625
1 0.5419921875 0.54443359375 0.1640625 0.15625
1 0.56689453125 0.49267578125 0.1953125 0.1240234375
0 0.5263671875 0.4638671875 0.0322265625 0.0322265625
1 0.26904296875 0.3466796875 0.4619140625 0.5400390625
0 0.33203125 0.3515625 0.0439453125 0.044921875
0 0.13134765625 0.50439453125 0.0654296875 0.076171875
3 0.3310546875 0.65234375 0.0693359375 0.0517578125
3 0.30859375 0.599609375 0.0302734375 0.0263671875
3 0.18310546875 0.41796875 0.0380859375 0.03125
3 0.5185546875 0.40234375 0.064453125 0.056640625
3 0.56640625 0.3359375 0.0625 0.056640625
3 0.43896484375 0.509765625 0.0595703125 0.056640625
3 0.39013671875 0.5751953125 0.064453125 0.060546875
3 0.35107421875 0.1943359375 0.041015625 0.044921875
0 0.25830078125 0.52294921875 0.03515625 0.0400390625
0 0.3701171875 0.3671875 0.044921875 0.0576171875
0 0.48095703125 0.22265625 0.025390625 0.029296875
1 0.5810546875 0.087890625 0.376953125 0.17578125
0 0.5 0.015625 0.0263671875 0.01953125
3 0.544921875 0.0986328125 0.0546875 0.0478515625
3 0.59228515625 0.029296875 0.052734375 0.0498046875
1 0.7353515625 0.52197265625 0.1298828125 0.1650390625
1 0.7021484375 0.49169921875 0.1171875 0.13671875