1 0.4560546875 0.306640625 0.2578125 0.2109375
1 0.6064453125 0.37060546875 0.2060546875 0.1865234375
1 0.578125 0.5537109375 0.25390625 0.3017578125
1 0.4345703125 0.4833984375 0.3232421875 0.294921875
1 0.4091796875 0.44140625 0.1279296875 0.0849609375
1 0.419921875 0.4150390625 0.11328125 0.0908203125
3 0.50927734375 0.46875 0.0361328125 0.0322265625
3 0.619140625 0.3828125 0.0390625 0.0390625
0 0.53857421875 0.38720703125 0.03125 0.0302734375
0 0.59716796875 0.53125 0.0185546875 0.025390625
0 0.61279296875 0.55810546875 0.0166015625 0.0185546875
0 0.36767578125 0.45947265625 0.0205078125 0.0166015625