1 0.552734375 0.42333984375 0.876953125 0.8466796875
3 0.50244140625 0.19580078125 0.072265625 0.076171875
3 0.5322265625 0.25244140625 0.052734375 0.0556640625
3 0.6103515625 0.32958984375 0.0732421875 0.072265625
3 0.6494140625 0.3759765625 0.076171875 0.072265625
3 0.7060546875 0.46826171875 0.0537109375 0.056640625
3 0.75732421875 0.513671875 0.076171875 0.07421875
3 0.66748046875 0.6669921875 0.033203125 0.03125
0 0.66015625 0.62451171875 0.0361328125 0.0361328125
3 0.61865234375 0.60595703125 0.0576171875 0.0576171875
3 0.5908203125 0.5732421875 0.0595703125 0.0576171875
3 0.630859375 0.54052734375 0.04296875 0.0400390625
3 0.548828125 0.5244140625 0.0283203125 0.029296875
0 0.55078125 0.48876953125 0.0361328125 0.03515625
3 0.5078125 0.4716796875 0.05859375 0.056640625
3 0.48388671875 0.4384765625 0.0595703125 0.0576171875
0 0.47607421875 0.3974609375 0.037109375 0.0361328125
3 0.4404296875 0.3896484375 0.0302734375 0.0283203125
3 0.40087890625 0.33740234375 0.0615234375 0.0556640625
3 0.3740234375 0.30322265625 0.060546875 0.05859375
0 0.36474609375 0.26025390625 0.037109375 0.037109375
3 0.322265625 0.2421875 0.029296875 0.0283203125
3 0.443359375 0.30712890625 0.04296875 0.04296875
2 0.27783203125 0.33740234375 0.037109375 0.1162109375
2 0.38818359375 0.474609375 0.0419921875 0.119140625
2 0.49609375 0.603515625 0.0498046875 0.1171875
2 0.60400390625 0.73779296875 0.04296875 0.1220703125