1 0.5732421875 0.50146484375 0.2578125 0.3623046875
1 0.40185546875 0.54052734375 0.298828125 0.36328125
1 0.404296875 0.51611328125 0.220703125 0.208984375
0 0.33251953125 0.4755859375 0.041015625 0.0419921875
0 0.3603515625 0.5732421875 0.03125 0.0263671875
3 0.42041015625 0.63134765625 0.04296875 0.041015625
3 0.60888671875 0.58984375 0.033203125 0.0322265625
3 0.56982421875 0.4521484375 0.037109375 0.029296875
3 0.54833984375 0.396484375 0.0419921875 0.033203125
1 0.162109375 0.69873046875 0.32421875 0.5888671875
1 0.02880859375 0.8701171875 0.0576171875 0.228515625
0 0.0595703125 0.67724609375 0.025390625 0.0263671875