1 0.5283203125 0.50341796875 0.203125 0.4150390625
1 0.38427734375 0.48486328125 0.1708984375 0.4111328125
1 0.4248046875 0.67431640625 0.115234375 0.0576171875
1 0.484375 0.3076171875 0.107421875 0.0546875
1 0.81103515625 0.69482421875 0.1845703125 0.4912109375
1 0.91748046875 0.71142578125 0.1650390625 0.4892578125
0 0.9189453125 0.6748046875 0.021484375 0.01953125
3 0.89599609375 0.7265625 0.0283203125 0.015625
3 0.556640625 0.4501953125 0.037109375 0.0390625
3 0.4970703125 0.55712890625 0.015625 0.0146484375
3 0.53759765625 0.5908203125 0.03515625 0.037109375
3 0.490234375 0.466796875 0.017578125 0.015625
3 0.5126953125 0.4775390625 0.015625 0.015625
3 0.5263671875 0.49072265625 0.029296875 0.0126953125
3 0.37890625 0.41162109375 0.037109375 0.0380859375
3 0.36181640625 0.53271484375 0.0341796875 0.0361328125
3 0.3515625 0.59814453125 0.033203125 0.0322265625
3 0.4033203125 0.61669921875 0.02734375 0.0205078125
3 0.36865234375 0.4716796875 0.0498046875 0.0625