1 0.47998046875 0.3486328125 0.4345703125 0.255859375
1 0.54052734375 0.509765625 0.4365234375 0.35546875
1 0.49267578125 0.5048828125 0.1044921875 0.109375
1 0.404296875 0.3603515625 0.162109375 0.119140625
0 0.5244140625 0.2880859375 0.072265625 0.044921875
0 0.38330078125 0.4296875 0.0146484375 0.017578125
3 0.57373046875 0.42919921875 0.0205078125 0.0283203125
0 0.43408203125 0.4482421875 0.0205078125 0.021484375
0 0.53857421875 0.4072265625 0.0126953125 0.01171875
1 0.68115234375 0.36865234375 0.0341796875 0.0419921875
3 0.40625 0.54931640625 0.037109375 0.0400390625
0 0.39404296875 0.64794921875 0.0146484375 0.0107421875
1 0.11865234375 0.5205078125 0.2373046875 0.283203125
0 0.3662109375 0.52685546875 0.009765625 0.0126953125
1 0.74658203125 0.89111328125 0.1708984375 0.2177734375
1 0.84423828125 0.87451171875 0.1552734375 0.2216796875
1 0.9541015625 0.6806640625 0.08203125 0.19921875
1 0.89013671875 0.115234375 0.2197265625 0.177734375
1 0.90673828125 0.28125 0.1865234375 0.263671875
2 0.9814453125 0.2119140625 0.037109375 0.060546875
0 0.93994140625 0.2744140625 0.0380859375 0.0390625
0 0.9326171875 0.23095703125 0.017578125 0.0224609375
3 0.9248046875 0.0947265625 0.025390625 0.0234375
0 0.998046875 0.09326171875 0.00390625 0.0087890625
1 0.2119140625 0.9306640625 0.28125 0.115234375
3 0.19580078125 0.96435546875 0.0283203125 0.0224609375
0 0.13818359375 0.9443359375 0.0126953125 0.013671875
0 0.3134765625 0.93603515625 0.013671875 0.0087890625