1 0.57421875 0.45166015625 0.29296875 0.3173828125
1 0.470703125 0.5341796875 0.25390625 0.30859375
1 0.5791015625 0.4462890625 0.169921875 0.173828125
1 0.47216796875 0.5458984375 0.1259765625 0.1328125
0 0.5048828125 0.470703125 0.021484375 0.0234375
1 0.2236328125 0.103515625 0.181640625 0.134765625
1 0.29248046875 0.0712890625 0.1240234375 0.08984375
1 0.12646484375 0.15576171875 0.2529296875 0.2080078125
3 0.22998046875 0.08349609375 0.0302734375 0.0263671875
3 0.1181640625 0.11572265625 0.029296875 0.0283203125
0 0.12939453125 0.0654296875 0.0263671875 0.025390625
1 0.865234375 0.82861328125 0.26953125 0.2431640625
1 0.73828125 0.8759765625 0.236328125 0.1953125
0 0.8701171875 0.92138671875 0.02734375 0.0283203125
1 0.33740234375 0.15478515625 0.1474609375 0.1318359375
1 0.8271484375 0.06494140625 0.181640625 0.1298828125
1 0.87841796875 0.04052734375 0.1142578125 0.0810546875