1 0.6669921875 0.08154296875 0.427734375 0.1494140625
1 0.66845703125 0.01171875 0.4248046875 0.0234375
1 0.36865234375 0.09375 0.1689453125 0.095703125
1 0.365234375 0.02587890625 0.171875 0.0517578125
1 0.556640625 0.43115234375 0.126953125 0.1142578125
1 0.55859375 0.4326171875 0.123046875 0.1171875
1 0.55517578125 0.5498046875 0.1201171875 0.119140625
1 0.55712890625 0.55029296875 0.1220703125 0.1201171875
1 0.4345703125 0.548828125 0.123046875 0.11328125
1 0.43359375 0.55029296875 0.123046875 0.1201171875
1 0.435546875 0.4326171875 0.12109375 0.123046875
1 0.4345703125 0.4296875 0.12109375 0.123046875
1 0.43115234375 0.73974609375 0.1220703125 0.1240234375
1 0.43408203125 0.73876953125 0.1259765625 0.1220703125
1 0.4306640625 0.8583984375 0.126953125 0.123046875
1 0.43115234375 0.85791015625 0.1240234375 0.1181640625
1 0.55615234375 0.857421875 0.1220703125 0.115234375
1 0.5556640625 0.859375 0.125 0.115234375
1 0.55517578125 0.73779296875 0.1240234375 0.1181640625
1 0.55810546875 0.73974609375 0.1181640625 0.1220703125
1 0.86669921875 0.49853515625 0.2666015625 0.1416015625
1 0.86279296875 0.634765625 0.2744140625 0.134765625
1 0.98974609375 0.568359375 0.0205078125 0.05078125
1 0.78125 0.55810546875 0.11328125 0.2646484375
0 0.86083984375 0.57763671875 0.0419921875 0.0283203125
0 0.4248046875 0.408203125 0.01953125 0.01953125
0 0.4228515625 0.88232421875 0.025390625 0.0166015625
0 0.94970703125 0.46484375 0.0146484375 0.013671875