1 0.56640625 0.58642578125 0.287109375 0.361328125
1 0.49560546875 0.330078125 0.205078125 0.259765625
1 0.55224609375 0.45654296875 0.064453125 0.0556640625
1 0.55615234375 0.4765625 0.07421875 0.0439453125
1 0.5849609375 0.53515625 0.06640625 0.05859375
1 0.58984375 0.55419921875 0.0751953125 0.041015625
1 0.4140625 0.640625 0.3017578125 0.3828125
1 0.2998046875 0.4814453125 0.2724609375 0.2236328125
1 0.37841796875 0.59716796875 0.0732421875 0.0458984375
1 0.38037109375 0.61279296875 0.0673828125 0.0478515625
1 0.35986328125 0.5556640625 0.07421875 0.0458984375
1 0.36376953125 0.572265625 0.068359375 0.046875
1 0.35546875 0.310546875 0.1787109375 0.1318359375
1 0.2802734375 0.37744140625 0.318359375 0.193359375
1 0.42919921875 0.4189453125 0.0625 0.0830078125
1 0.29931640625 0.18017578125 0.0869140625 0.1435546875
1 0.263671875 0.19091796875 0.0712890625 0.13671875
0 0.3779296875 0.771484375 0.0185546875 0.0185546875
0 0.3955078125 0.50732421875 0.021484375 0.0224609375
0 0.337890625 0.5302734375 0.0166015625 0.0244140625
3 0.30078125 0.5 0.0341796875 0.0263671875
0 0.2197265625 0.3583984375 0.0380859375 0.0341796875
0 0.29736328125 0.3330078125 0.0390625 0.0390625
0 0.25048828125 0.14404296875 0.0185546875 0.015625
3 0.46826171875 0.39208984375 0.01953125 0.0234375
0 0.4990234375 0.294921875 0.0537109375 0.05078125
0 0.51220703125 0.33935546875 0.0126953125 0.009765625
0 0.37646484375 0.4775390625 0.01171875 0.0107421875
0 0.4013671875 0.6337890625 0.015625 0.013671875
0 0.529296875 0.37939453125 0.0556640625 0.0556640625