1 0.70166015625 0.34814453125 0.556640625 0.3740234375
1 0.47802734375 0.61083984375 0.9560546875 0.4384765625
1 0.3486328125 0.46826171875 0.1953125 0.2607421875
1 0.15087890625 0.4990234375 0.287109375 0.1884765625
1 0.8173828125 0.49365234375 0.365234375 0.5830078125
1 0.75244140625 0.51953125 0.140625 0.1552734375
0 0.6455078125 0.52001953125 0.0380859375 0.0341796875
3 0.61279296875 0.548828125 0.0419921875 0.041015625
3 0.66357421875 0.630859375 0.041015625 0.0380859375
3 0.73046875 0.40869140625 0.0380859375 0.04296875
3 0.5927734375 0.37353515625 0.0263671875 0.0322265625
0 0.4404296875 0.5673828125 0.029296875 0.0341796875
0 0.630859375 0.6142578125 0.0322265625 0.0302734375
0 0.43408203125 0.6044921875 0.0185546875 0.01953125
0 0.40380859375 0.5849609375 0.0234375 0.021484375
0 0.61962890625 0.66845703125 0.0234375 0.0322265625
0 0.5146484375 0.44482421875 0.0439453125 0.037109375
0 0.6826171875 0.4462890625 0.0302734375 0.0244140625
0 0.16650390625 0.640625 0.033203125 0.0341796875
0 0.92138671875 0.3994140625 0.0234375 0.0302734375
0 0.90185546875 0.59423828125 0.0205078125 0.02734375
1 0.318359375 0.5927734375 0.1064453125 0.1015625