1 0.48486328125 0.07177734375 0.3271484375 0.1435546875
1 0.49609375 0.17822265625 0.3154296875 0.1513671875
1 0.49462890625 0.18505859375 0.0947265625 0.0751953125
3 0.4912109375 0.08056640625 0.029296875 0.029296875
1 0.48388671875 0.43798828125 0.3251953125 0.146484375
1 0.4931640625 0.546875 0.318359375 0.1484375
1 0.4619140625 0.5634765625 0.1005859375 0.0517578125
1 0.44873046875 0.80224609375 0.3291015625 0.1494140625
1 0.4560546875 0.91650390625 0.314453125 0.150390625
1 0.45556640625 0.9169921875 0.0908203125 0.0751953125
3 0.3720703125 0.78857421875 0.015625 0.0244140625
3 0.4462890625 0.78076171875 0.0263671875 0.0283203125
0 0.54248046875 0.7705078125 0.0244140625 0.0234375
3 0.453125 0.41259765625 0.0205078125 0.0244140625
0 0.57666015625 0.40673828125 0.0234375 0.021484375
0 0.5859375 0.0380859375 0.0185546875 0.0185546875