1 0.42138671875 0.53125 0.2216796875 0.333984375
1 0.5390625 0.47705078125 0.232421875 0.3212890625
1 0.4306640625 0.98828125 0.072265625 0.0234375
2 0.5400390625 0.9755859375 0.130859375 0.048828125
1 0.53759765625 0.9697265625 0.1572265625 0.060546875
2 0.49365234375 0.455078125 0.0869140625 0.162109375
0 0.56298828125 0.458984375 0.0947265625 0.138671875
1 0.94970703125 0.8173828125 0.1005859375 0.22265625
1 0.94970703125 0.71240234375 0.1005859375 0.0927734375
0 0.41943359375 0.4521484375 0.0263671875 0.01953125
3 0.39453125 0.50537109375 0.0234375 0.0224609375