1 0.27587890625 0.125 0.2802734375 0.25
1 0.33935546875 0.083984375 0.1904296875 0.16796875
1 0.189453125 0.1923828125 0.287109375 0.265625
1 0.1298828125 0.28369140625 0.240234375 0.3134765625
0 0.07470703125 0.13525390625 0.0283203125 0.0302734375
0 0.2451171875 0.2958984375 0.02734375 0.02734375
1 0.083984375 0.400390625 0.16015625 0.21484375
1 0.47119140625 0.330078125 0.2119140625 0.220703125
1 0.31494140625 0.5048828125 0.2958984375 0.318359375
1 0.5302734375 0.43896484375 0.232421875 0.2412109375
1 0.61572265625 0.5126953125 0.2490234375 0.255859375
1 0.5869140625 0.40283203125 0.072265625 0.0791015625
1 0.5576171875 0.3740234375 0.072265625 0.08203125
0 0.52587890625 0.49658203125 0.0283203125 0.0302734375
3 0.40185546875 0.4267578125 0.0263671875 0.029296875
0 0.3779296875 0.3740234375 0.0234375 0.025390625
0 0.35986328125 0.47607421875 0.0322265625 0.0341796875
1 0.37109375 0.61669921875 0.216796875 0.2451171875
1 0.2978515625 0.6357421875 0.0703125 0.0625
1 0.3056640625 0.64111328125 0.0546875 0.0732421875
1 0.4541015625 0.67236328125 0.27734375 0.2529296875
1 0.40869140625 0.78564453125 0.0986328125 0.0849609375
1 0.41943359375 0.79638671875 0.0751953125 0.0986328125
1 0.62255859375 0.81787109375 0.3857421875 0.3642578125
1 0.52783203125 0.82275390625 0.1025390625 0.1474609375
1 0.5146484375 0.8076171875 0.126953125 0.11328125
1 0.6484375 0.8828125 0.060546875 0.09375
1 0.64111328125 0.87353515625 0.0791015625 0.0732421875
1 0.77685546875 0.9169921875 0.2158203125 0.166015625
0 0.7392578125 0.8740234375 0.044921875 0.048828125
1 0.7822265625 0.6572265625 0.3671875 0.357421875
0 0.748046875 0.822265625 0.025390625 0.03125
0 0.7099609375 0.7900390625 0.0234375 0.03125
0 0.66943359375 0.75439453125 0.0283203125 0.0341796875
0 0.607421875 0.69677734375 0.025390625 0.0263671875
0 0.65625 0.6982421875 0.03515625 0.044921875
0 0.7119140625 0.7490234375 0.029296875 0.03125
3 0.7822265625 0.748046875 0.033203125 0.033203125
3 0.72607421875 0.6923828125 0.0341796875 0.03515625
3 0.66455078125 0.63916015625 0.0341796875 0.0380859375
1 0.90625 0.7919921875 0.1640625 0.2109375
1 0.9462890625 0.75634765625 0.087890625 0.1025390625
1 0.73193359375 0.9951171875 0.0439453125 0.009765625
1 0.8837890625 0.94873046875 0.18359375 0.1025390625
1 0.93603515625 0.89306640625 0.0986328125 0.1826171875
1 0.8779296875 0.99462890625 0.025390625 0.0107421875
1 0.9228515625 0.98291015625 0.025390625 0.0263671875
1 0.82763671875 0.8837890625 0.0166015625 0.021484375
1 0.716796875 0.95947265625 0.015625 0.0185546875
0 0.42626953125 0.67578125 0.0185546875 0.021484375
0 0.3095703125 0.6748046875 0.015625 0.015625
0 0.5341796875 0.6064453125 0.0234375 0.033203125
1 0.74462890625 0.572265625 0.0927734375 0.0703125
1 0.73095703125 0.5654296875 0.0654296875 0.087890625
1 0.8251953125 0.64892578125 0.08984375 0.0810546875
1 0.8134765625 0.6416015625 0.072265625 0.09375
1 0.87548828125 0.6982421875 0.0888671875 0.072265625
1 0.8623046875 0.6875 0.064453125 0.087890625
1 0.74267578125 0.20166015625 0.3740234375 0.3759765625
1 0.79541015625 0.19091796875 0.3544921875 0.3056640625
1 0.81298828125 0.14208984375 0.3740234375 0.2705078125
1 0.90673828125 0.091796875 0.1865234375 0.14453125
1 0.9609375 0.3515625 0.078125 0.119140625
1 0.98583984375 0.279296875 0.0283203125 0.05859375
1 0.9560546875 0.41455078125 0.087890625 0.1064453125
0 0.95458984375 0.197265625 0.0263671875 0.033203125
0 0.87646484375 0.13623046875 0.0244140625 0.0263671875
0 0.79736328125 0.07275390625 0.0283203125 0.0322265625
0 0.84814453125 0.15673828125 0.0146484375 0.0185546875
0 0.79736328125 0.1259765625 0.0126953125 0.01953125
0 0.8173828125 0.17724609375 0.015625 0.0166015625
0 0.99365234375 0.07958984375 0.0126953125 0.0244140625
1 0.037109375 0.64306640625 0.07421875 0.2041015625