1 0.69384765625 0.65478515625 0.3310546875 0.5068359375
1 0.38720703125 0.5029296875 0.3193359375 0.935546875
1 0.5 0.34375 0.2421875 0.171875
1 0.42138671875 0.16064453125 0.1650390625 0.2744140625
1 0.58740234375 0.8232421875 0.5400390625 0.310546875
1 0.53857421875 0.748046875 0.1455078125 0.1171875
0 0.5126953125 0.64599609375 0.02734375 0.0341796875
3 0.47802734375 0.62109375 0.0380859375 0.0390625
3 0.41064453125 0.68798828125 0.0361328125 0.0361328125
3 0.64208984375 0.70361328125 0.0400390625 0.0341796875
3 0.64404296875 0.56201171875 0.0302734375 0.0205078125
0 0.4208984375 0.4560546875 0.03125 0.025390625
0 0.41796875 0.65234375 0.025390625 0.02734375
0 0.38330078125 0.458984375 0.0185546875 0.015625
0 0.39453125 0.4248046875 0.017578125 0.021484375
0 0.36376953125 0.6533203125 0.0302734375 0.01953125
0 0.55517578125 0.50146484375 0.0302734375 0.0400390625
0 0.59423828125 0.6650390625 0.0205078125 0.025390625
0 0.2890625 0.2060546875 0.029296875 0.03125
0 0.69287109375 0.888671875 0.0283203125 0.017578125
0 0.49853515625 0.9130859375 0.0263671875 0.015625
1 0.36767578125 0.34228515625 0.0908203125 0.0966796875