1 0.810546875 0.775390625 0.37890625 0.400390625
1 0.68115234375 0.67041015625 0.2587890625 0.3642578125
1 0.6083984375 0.51416015625 0.2880859375 0.3984375
1 0.28857421875 0.89794921875 0.4033203125 0.2041015625
1 0.1552734375 0.8486328125 0.244140625 0.302734375
1 0.08544921875 0.650390625 0.16015625 0.2294921875
3 0.109375 0.64697265625 0.0322265625 0.033203125
3 0.19677734375 0.814453125 0.0390625 0.03515625
3 0.26806640625 0.9384765625 0.0322265625 0.033203125
3 0.7939453125 0.8544921875 0.03515625 0.0361328125
3 0.8564453125 0.8779296875 0.037109375 0.037109375
3 0.9228515625 0.8515625 0.0380859375 0.037109375
3 0.80126953125 0.7216796875 0.0302734375 0.03125
0 0.77783203125 0.8857421875 0.0185546875 0.0263671875
0 0.73583984375 0.92822265625 0.015625 0.0224609375
0 0.89501953125 0.92529296875 0.0224609375 0.0205078125
0 0.865234375 0.93505859375 0.009765625 0.013671875
3 0.73291015625 0.5966796875 0.029296875 0.033203125
3 0.64501953125 0.43310546875 0.02734375 0.0302734375