1 0.646484375 0.4169921875 0.70703125 0.625
1 0.6875 0.546875 0.625 0.572265625
1 0.54833984375 0.69970703125 0.1435546875 0.1298828125
1 0.6748046875 0.6044921875 0.142578125 0.1298828125
1 0.873046875 0.45068359375 0.1396484375 0.1298828125
1 0.9599609375 0.36669921875 0.0732421875 0.107421875
3 0.94140625 0.2197265625 0.03515625 0.0341796875
3 0.80419921875 0.32421875 0.02734375 0.0283203125
3 0.5625 0.51220703125 0.02734375 0.03125
3 0.427734375 0.6162109375 0.0302734375 0.029296875
0 0.91455078125 0.18505859375 0.01953125 0.01953125
0 0.7275390625 0.333984375 0.01171875 0.009765625
0 0.5703125 0.453125 0.0244140625 0.013671875
0 0.39990234375 0.5830078125 0.021484375 0.01953125
1 0.876953125 0.845703125 0.24609375 0.2421875
1 0.85693359375 0.92431640625 0.2861328125 0.1337890625
3 0.7841796875 0.95166015625 0.0390625 0.037109375
3 0.84033203125 0.8056640625 0.037109375 0.0380859375
0 0.96240234375 0.9248046875 0.0244140625 0.025390625
1 0.9228515625 0.8359375 0.1318359375 0.119140625
3 0.85986328125 0.970703125 0.025390625 0.021484375
3 0.892578125 0.97900390625 0.0224609375 0.0146484375