1 0.607421875 0.40771484375 0.4423828125 0.50390625
1 0.29150390625 0.43017578125 0.390625 0.3955078125
0 0.2705078125 0.52294921875 0.0166015625 0.0146484375
0 0.69775390625 0.4814453125 0.013671875 0.0126953125
0 0.5341796875 0.4794921875 0.0166015625 0.0166015625
0 0.50732421875 0.51171875 0.0146484375 0.013671875
0 0.49658203125 0.3916015625 0.017578125 0.0166015625
0 0.462890625 0.361328125 0.015625 0.0146484375
1 0.9541015625 0.7509765625 0.091796875 0.255859375
1 0.89208984375 0.66064453125 0.2158203125 0.3466796875
3 0.90283203125 0.6533203125 0.1943359375 0.2890625
0 0.98388671875 0.73681640625 0.029296875 0.0322265625