1 0.41845703125 0.49658203125 0.236328125 0.2880859375
1 0.40283203125 0.5009765625 0.1357421875 0.1728515625
1 0.5517578125 0.4111328125 0.2353515625 0.2802734375
1 0.42529296875 0.35302734375 0.072265625 0.05859375
2 0.59716796875 0.576171875 0.154296875 0.1318359375
1 0.595703125 0.57763671875 0.1806640625 0.14453125
1 0.546875 0.54931640625 0.07421875 0.0556640625
1 0.52734375 0.42529296875 0.0712890625 0.0556640625
1 0.59326171875 0.39501953125 0.1328125 0.1640625
1 0.56298828125 0.41455078125 0.0302734375 0.041015625
1 0.53662109375 0.443359375 0.0830078125 0.0458984375
0 0.48583984375 0.39208984375 0.029296875 0.025390625
3 0.42138671875 0.42578125 0.0400390625 0.037109375
3 0.4736328125 0.5205078125 0.0380859375 0.037109375