1 0.5068359375 0.44482421875 0.4462890625 0.2109375
1 0.23974609375 0.36572265625 0.087890625 0.076171875
1 0.236328125 0.42333984375 0.09375 0.0693359375
1 0.3349609375 0.47705078125 0.1240234375 0.0810546875
1 0.52099609375 0.59765625 0.38671875 0.23828125
3 0.4365234375 0.58984375 0.0361328125 0.03515625
3 0.39013671875 0.65234375 0.0419921875 0.0380859375
3 0.5224609375 0.60205078125 0.041015625 0.0361328125
3 0.5205078125 0.40576171875 0.015625 0.015625
3 0.7041015625 0.47216796875 0.0146484375 0.01953125
0 0.306640625 0.49853515625 0.0146484375 0.0166015625
0 0.3349609375 0.5009765625 0.0361328125 0.0224609375
0 0.5537109375 0.5751953125 0.017578125 0.0263671875