1 0.47705078125 0.46630859375 0.2080078125 0.2333984375
1 0.4345703125 0.6796875 0.3525390625 0.2978515625
1 0.3505859375 0.50927734375 0.1806640625 0.275390625
1 0.27734375 0.51806640625 0.107421875 0.2587890625
1 0.193359375 0.7099609375 0.251953125 0.294921875
1 0.16552734375 0.55810546875 0.2197265625 0.13671875
1 0.197265625 0.44677734375 0.1171875 0.1015625
1 0.201171875 0.494140625 0.1123046875 0.056640625
0 0.25390625 0.6630859375 0.0205078125 0.0244140625
3 0.27587890625 0.4716796875 0.0498046875 0.0537109375
0 0.31982421875 0.46044921875 0.0205078125 0.021484375
0 0.4921875 0.60546875 0.017578125 0.01953125
1 0.75390625 0.17724609375 0.36328125 0.3544921875
1 0.62939453125 0.1416015625 0.3427734375 0.283203125
1 0.63134765625 0.0810546875 0.1611328125 0.162109375
0 0.6982421875 0.1103515625 0.0380859375 0.0380859375
3 0.58251953125 0.15966796875 0.0400390625 0.041015625
1 0.845703125 0.021484375 0.18359375 0.04296875
3 0.75537109375 0.1484375 0.03515625 0.037109375
1 0.72216796875 0.23876953125 0.0830078125 0.1142578125
3 0.71875 0.2822265625 0.033203125 0.0341796875
1 0.78125 0.24267578125 0.0771484375 0.0927734375
1 0.74658203125 0.193359375 0.1318359375 0.0712890625