1 0.51318359375 0.46337890625 0.1826171875 0.1962890625
1 0.57421875 0.68310546875 0.298828125 0.2666015625
1 0.64990234375 0.501953125 0.1240234375 0.26953125
1 0.72265625 0.50732421875 0.0625 0.2490234375
1 0.82568359375 0.6953125 0.2236328125 0.25
1 0.837890625 0.53662109375 0.19921875 0.1025390625
1 0.80126953125 0.42724609375 0.1005859375 0.0888671875
1 0.79736328125 0.4794921875 0.1103515625 0.033203125
0 0.75390625 0.65087890625 0.01953125 0.0244140625
3 0.7216796875 0.46142578125 0.044921875 0.0498046875
0 0.67724609375 0.451171875 0.0185546875 0.021484375
0 0.513671875 0.60498046875 0.017578125 0.0185546875
1 0.2275390625 0.17529296875 0.296875 0.3505859375
1 0.35791015625 0.13671875 0.2783203125 0.2734375
1 0.3466796875 0.08056640625 0.134765625 0.1591796875
0 0.28125 0.12109375 0.033203125 0.033203125
3 0.400390625 0.1640625 0.033203125 0.03515625
1 0.11962890625 0.02392578125 0.1083984375 0.0478515625
3 0.2265625 0.16259765625 0.029296875 0.0322265625
1 0.2646484375 0.25048828125 0.078125 0.0986328125
3 0.27001953125 0.294921875 0.0283203125 0.029296875
1 0.20947265625 0.2568359375 0.0654296875 0.087890625
1 0.23828125 0.20703125 0.126953125 0.056640625