1 0.46240234375 0.6435546875 0.1650390625 0.18359375
1 0.458984375 0.59814453125 0.1640625 0.0947265625
1 0.46044921875 0.4736328125 0.1728515625 0.154296875
1 0.46142578125 0.494140625 0.1650390625 0.11328125
1 0.677734375 0.56640625 0.267578125 0.333984375
0 0.45654296875 0.541015625 0.0224609375 0.0234375
3 0.64892578125 0.498046875 0.0322265625 0.0390625
3 0.572265625 0.52587890625 0.03125 0.0263671875
0 0.56298828125 0.62939453125 0.0283203125 0.0205078125
0 0.6845703125 0.560546875 0.01953125 0.013671875
0 0.53662109375 0.59228515625 0.0341796875 0.0361328125