1 0.72265625 0.64453125 0.333984375 0.337890625
1 0.8310546875 0.49658203125 0.2578125 0.2548828125
1 0.94091796875 0.5625 0.1181640625 0.15234375
1 0.89697265625 0.66259765625 0.1533203125 0.1455078125
1 0.951171875 0.65625 0.0888671875 0.197265625
1 0.9189453125 0.7861328125 0.0400390625 0.07421875
1 0.8671875 0.90625 0.0712890625 0.12109375
1 0.71728515625 0.39794921875 0.189453125 0.2099609375
1 0.61328125 0.55078125 0.22265625 0.2744140625
1 0.51025390625 0.5107421875 0.216796875 0.26171875
1 0.4599609375 0.94384765625 0.22265625 0.1123046875
1 0.318359375 0.90087890625 0.201171875 0.1689453125
1 0.18896484375 0.828125 0.2685546875 0.23046875
1 0.3291015625 0.9345703125 0.0380859375 0.037109375
1 0.3349609375 0.916015625 0.0458984375 0.0439453125
0 0.29931640625 0.8564453125 0.0244140625 0.0244140625
3 0.4228515625 0.98828125 0.03125 0.0166015625
0 0.37451171875 0.91748046875 0.0283203125 0.0283203125
0 0.75537109375 0.5703125 0.0322265625 0.0322265625
0 0.84521484375 0.6708984375 0.0263671875 0.02734375
3 0.85546875 0.5126953125 0.0322265625 0.03125
3 0.49560546875 0.52978515625 0.041015625 0.044921875
1 0.19482421875 0.47021484375 0.361328125 0.3916015625
1 0.193359375 0.47607421875 0.205078125 0.2177734375
1 0.3095703125 0.2509765625 0.294921875 0.31640625
1 0.10400390625 0.37109375 0.2080078125 0.3359375
1 0.1923828125 0.14794921875 0.251953125 0.2958984375
1 0.2685546875 0.0615234375 0.263671875 0.123046875
1 0.23388671875 0.009765625 0.1064453125 0.01953125
1 0.43994140625 0.119140625 0.3076171875 0.23828125
1 0.439453125 0.1435546875 0.0849609375 0.0732421875
1 0.4423828125 0.1298828125 0.091796875 0.0576171875
1 0.49609375 0.06689453125 0.0859375 0.0771484375
1 0.5029296875 0.05322265625 0.095703125 0.0615234375
3 0.52783203125 0.02490234375 0.0361328125 0.0302734375
3 0.40478515625 0.04248046875 0.03515625 0.033203125
0 0.3837890625 0.0205078125 0.0390625 0.041015625
1 0.31103515625 0.2470703125 0.2041015625 0.19921875
3 0.37548828125 0.201171875 0.033203125 0.033203125
0 0.28662109375 0.2724609375 0.0322265625 0.029296875
3 0.28076171875 0.33154296875 0.0380859375 0.0361328125
0 0.22900390625 0.06787109375 0.0341796875 0.037109375
0 0.23828125 0.35546875 0.03515625 0.0341796875
0 0.021484375 0.47802734375 0.0283203125 0.029296875
0 0.107421875 0.36474609375 0.029296875 0.0263671875
0 0.2021484375 0.3564453125 0.03515625 0.0322265625
0 0.27197265625 0.40771484375 0.033203125 0.033203125
3 0.09423828125 0.19189453125 0.0341796875 0.033203125
3 0.13037109375 0.1494140625 0.0400390625 0.03515625
3 0.16162109375 0.1123046875 0.04296875 0.041015625
3 0.19189453125 0.064453125 0.04296875 0.0400390625
0 0.20068359375 0.4755859375 0.0185546875 0.01953125
0 0.15625 0.2724609375 0.05078125 0.056640625
0 0.12646484375 0.30419921875 0.0166015625 0.015625