1 0.525390625 0.41748046875 0.373046875 0.2978515625
1 0.4775390625 0.599609375 0.373046875 0.22265625
1 0.84130859375 0.62744140625 0.3173828125 0.1865234375
1 0.85888671875 0.4736328125 0.2822265625 0.216796875
1 0.93359375 0.79296875 0.1328125 0.1171875
1 0.92431640625 0.9072265625 0.1513671875 0.140625
0 0.96630859375 0.86474609375 0.0224609375 0.0185546875
0 0.8388671875 0.64990234375 0.0234375 0.0244140625
0 0.86474609375 0.5439453125 0.0244140625 0.021484375
0 0.8603515625 0.60986328125 0.01171875 0.0166015625
0 0.65771484375 0.43896484375 0.0166015625 0.0107421875
3 0.65576171875 0.46142578125 0.0205078125 0.0263671875
3 0.54541015625 0.4296875 0.0556640625 0.05078125
3 0.43994140625 0.404296875 0.0419921875 0.04296875
3 0.3876953125 0.61181640625 0.05078125 0.0458984375
1 0.4638671875 0.6201171875 0.048828125 0.076171875
1 0.4892578125 0.62060546875 0.03125 0.0771484375
0 0.48779296875 0.451171875 0.0185546875 0.03515625
0 0.47216796875 0.53515625 0.0283203125 0.03125
1 0.72509765625 0.80078125 0.1748046875 0.068359375
1 0.72998046875 0.74853515625 0.1650390625 0.0810546875
1 0.791015625 0.93603515625 0.1171875 0.0712890625
1 0.80126953125 0.828125 0.1494140625 0.171875
1 0.80224609375 0.88427734375 0.0927734375 0.0556640625
1 0.71826171875 0.890625 0.0751953125 0.064453125
1 0.7216796875 0.87060546875 0.06640625 0.0576171875
1 0.74462890625 0.86962890625 0.0302734375 0.0556640625
1 0.71630859375 0.9326171875 0.0751953125 0.06640625
1 0.81640625 0.9453125 0.080078125 0.0625
3 0.7451171875 0.79833984375 0.03515625 0.0322265625
3 0.74755859375 0.76171875 0.0302734375 0.03515625
0 0.9521484375 0.5166015625 0.013671875 0.01171875
0 0.95849609375 0.60205078125 0.0107421875 0.0087890625
0 0.91845703125 0.62353515625 0.0146484375 0.0146484375
0 0.85400390625 0.46826171875 0.0146484375 0.017578125
0 0.86279296875 0.498046875 0.0107421875 0.015625
0 0.88720703125 0.5029296875 0.0126953125 0.013671875