1 0.63623046875 0.453125 0.2548828125 0.1982421875
1 0.59326171875 0.6240234375 0.251953125 0.173828125
1 0.703125 0.548828125 0.1298828125 0.314453125
1 0.52587890625 0.515625 0.1337890625 0.3125
1 0.8310546875 0.49755859375 0.1181640625 0.2021484375
1 0.8115234375 0.43310546875 0.14453125 0.1171875
1 0.7958984375 0.54345703125 0.1279296875 0.115234375
1 0.59375 0.3212890625 0.15234375 0.099609375
1 0.62744140625 0.3369140625 0.08203125 0.0859375
1 0.54736328125 0.322265625 0.0771484375 0.1005859375
2 0.607421875 0.6142578125 0.10546875 0.064453125
3 0.5361328125 0.53076171875 0.0322265625 0.0302734375
3 0.69482421875 0.552734375 0.029296875 0.0283203125