1 0.5869140625 0.42431640625 0.3134765625 0.4638671875
1 0.6474609375 0.40185546875 0.1650390625 0.126953125
1 0.6376953125 0.484375 0.142578125 0.1611328125
1 0.4853515625 0.37353515625 0.296875 0.447265625
1 0.43798828125 0.2041015625 0.13671875 0.1708984375
1 0.36962890625 0.45166015625 0.189453125 0.369140625
3 0.39794921875 0.52685546875 0.033203125 0.0400390625
3 0.41943359375 0.466796875 0.03515625 0.0341796875
3 0.43994140625 0.41015625 0.0400390625 0.0439453125
3 0.45849609375 0.31884765625 0.0361328125 0.0302734375
0 0.4697265625 0.2900390625 0.01953125 0.0224609375
2 0.50390625 0.5322265625 0.0966796875 0.1396484375
3 0.57080078125 0.578125 0.025390625 0.029296875
3 0.58935546875 0.5126953125 0.0283203125 0.0283203125
0 0.658203125 0.35107421875 0.0380859375 0.0322265625
3 0.67919921875 0.28515625 0.0322265625 0.03515625
1 0.42578125 0.87353515625 0.24609375 0.2529296875
1 0.57177734375 0.89306640625 0.1982421875 0.2138671875
0 0.59765625 0.92724609375 0.03125 0.033203125
0 0.57568359375 0.98583984375 0.0498046875 0.025390625
0 0.4072265625 0.8720703125 0.0322265625 0.029296875
0 0.380859375 0.95849609375 0.03515625 0.0322265625
0 0.369140625 0.9921875 0.0390625 0.015625
1 0.3720703125 0.7451171875 0.2236328125 0.1240234375
0 0.41357421875 0.78466796875 0.017578125 0.0166015625
1 0.30224609375 0.83056640625 0.14453125 0.1201171875
1 0.865234375 0.65380859375 0.0888671875 0.1171875
1 0.81640625 0.63427734375 0.09765625 0.119140625
1 0.8828125 0.48583984375 0.234375 0.2802734375
1 0.96533203125 0.55078125 0.0693359375 0.19921875
0 0.8798828125 0.49658203125 0.01953125 0.0126953125
0 0.97998046875 0.41064453125 0.017578125 0.015625