1 0.57958984375 0.5087890625 0.158203125 0.287109375
1 0.43994140625 0.4951171875 0.171875 0.2861328125
1 0.1484375 0.19775390625 0.130859375 0.1435546875
1 0.08984375 0.15234375 0.1328125 0.1484375
1 0.865234375 0.1572265625 0.26953125 0.271484375
1 0.904296875 0.19873046875 0.19140625 0.3232421875
0 0.8701171875 0.23291015625 0.025390625 0.0263671875
3 0.6123046875 0.50634765625 0.02734375 0.0244140625
3 0.6064453125 0.55810546875 0.0244140625 0.0224609375
0 0.60107421875 0.6240234375 0.02734375 0.0302734375
0 0.41845703125 0.49462890625 0.0322265625 0.0322265625