1 0.4423828125 0.6591796875 0.111328125 0.13671875
1 0.5283203125 0.69140625 0.095703125 0.16015625
1 0.4599609375 0.7265625 0.150390625 0.091796875
1 0.4501953125 0.7783203125 0.23828125 0.09765625
1 0.3828125 0.861328125 0.201171875 0.103515625
1 0.4423828125 0.80517578125 0.115234375 0.0615234375
1 0.36181640625 0.78173828125 0.0517578125 0.0419921875
1 0.3798828125 0.66650390625 0.09375 0.1748046875
1 0.57470703125 0.7314453125 0.0869140625 0.185546875
1 0.36669921875 0.90771484375 0.1943359375 0.1005859375
1 0.11865234375 0.9521484375 0.1357421875 0.095703125
1 0.5859375 0.56201171875 0.171875 0.1787109375
1 0.5537109375 0.47119140625 0.232421875 0.1357421875
1 0.45361328125 0.5078125 0.1435546875 0.208984375
1 0.5576171875 0.423828125 0.14453125 0.068359375
0 0.5185546875 0.5595703125 0.03515625 0.044921875
0 0.48291015625 0.671875 0.0166015625 0.017578125
0 0.45556640625 0.73974609375 0.0244140625 0.0205078125
0 0.5009765625 0.43994140625 0.01171875 0.0107421875
1 0.95166015625 0.685546875 0.0966796875 0.302734375
3 0.97412109375 0.7548828125 0.0322265625 0.037109375
1 0.982421875 0.66845703125 0.03515625 0.0419921875
1 0.984375 0.64111328125 0.03125 0.0322265625
1 0.95068359375 0.82275390625 0.0986328125 0.0927734375
1 0.64794921875 0.08447265625 0.2255859375 0.1435546875
1 0.7509765625 0.07958984375 0.134765625 0.1591796875
1 0.7578125 0.03955078125 0.08984375 0.0791015625
1 0.611328125 0.0439453125 0.150390625 0.087890625
3 0.650390625 0.06396484375 0.021484375 0.0244140625
0 0.70166015625 0.01220703125 0.0126953125 0.0107421875
0 0.5595703125 0.05712890625 0.01171875 0.0087890625