1 0.52978515625 0.4765625 0.2685546875 0.3740234375
1 0.42822265625 0.53173828125 0.263671875 0.3720703125
1 0.64111328125 0.8447265625 0.3779296875 0.2841796875
1 0.6962890625 0.91015625 0.37109375 0.1787109375
0 0.59033203125 0.89794921875 0.0400390625 0.0419921875
0 0.5068359375 0.4921875 0.0322265625 0.0283203125
0 0.8115234375 0.8525390625 0.0185546875 0.017578125
1 0.14697265625 0.07568359375 0.17578125 0.1162109375
0 0.15673828125 0.08447265625 0.033203125 0.03125
1 0.25634765625 0.0380859375 0.1142578125 0.0517578125
1 0.3720703125 0.03955078125 0.0546875 0.060546875
1 0.400390625 0.03125 0.064453125 0.0546875