1 0.46337890625 0.56689453125 0.9267578125 0.8662109375
3 0.5517578125 0.7998046875 0.076171875 0.080078125
3 0.51123046875 0.74951171875 0.0556640625 0.05859375
3 0.4208984375 0.68701171875 0.0771484375 0.076171875
3 0.37451171875 0.6484375 0.080078125 0.076171875
3 0.302734375 0.56689453125 0.056640625 0.0595703125
3 0.2451171875 0.53125 0.080078125 0.078125
3 0.30615234375 0.3642578125 0.0341796875 0.033203125
0 0.32177734375 0.4052734375 0.0380859375 0.0380859375
3 0.36474609375 0.416015625 0.060546875 0.060546875
3 0.3984375 0.443359375 0.0625 0.0615234375
3 0.3642578125 0.48291015625 0.044921875 0.04296875
3 0.44677734375 0.484375 0.0302734375 0.03125
0 0.45263671875 0.51953125 0.0380859375 0.037109375
3 0.49609375 0.529296875 0.0615234375 0.060546875
3 0.52685546875 0.5576171875 0.0625 0.0615234375
0 0.54150390625 0.5966796875 0.0390625 0.0380859375
3 0.578125 0.59814453125 0.0322265625 0.029296875
3 0.6259765625 0.64306640625 0.064453125 0.0595703125
3 0.658203125 0.671875 0.064453125 0.0625
0 0.6748046875 0.712890625 0.0390625 0.0390625
3 0.7197265625 0.72314453125 0.03125 0.0302734375
3 0.58984375 0.6796875 0.0458984375 0.0458984375
2 0.7470703125 0.62158203125 0.044921875 0.1171875
2 0.615234375 0.50537109375 0.0498046875 0.12109375
2 0.48681640625 0.3974609375 0.0576171875 0.1201171875
2 0.3564453125 0.2841796875 0.0517578125 0.1240234375