1 0.08642578125 0.7158203125 0.1728515625 0.236328125
1 0.146484375 0.55712890625 0.29296875 0.1669921875
1 0.2333984375 0.65185546875 0.236328125 0.1904296875
1 0.11572265625 0.8701171875 0.2314453125 0.25
1 0.12744140625 0.943359375 0.2548828125 0.11328125
1 0.29443359375 0.8994140625 0.1689453125 0.201171875
1 0.39794921875 0.89990234375 0.2080078125 0.2001953125
1 0.2890625 0.77734375 0.232421875 0.232421875
1 0.46533203125 0.7353515625 0.2099609375 0.234375
1 0.39501953125 0.57373046875 0.2255859375 0.2119140625
1 0.53076171875 0.56103515625 0.1318359375 0.1982421875
1 0.68994140625 0.4921875 0.3115234375 0.26953125
1 0.59130859375 0.72216796875 0.1416015625 0.1845703125
1 0.71630859375 0.7177734375 0.2294921875 0.2890625
1 0.81396484375 0.6142578125 0.2138671875 0.228515625
1 0.88330078125 0.36962890625 0.2333984375 0.3056640625
1 0.92822265625 0.56005859375 0.1435546875 0.2451171875
1 0.970703125 0.3037109375 0.056640625 0.0703125
1 0.9794921875 0.2998046875 0.041015625 0.076171875
1 0.87744140625 0.28955078125 0.0517578125 0.0478515625
1 0.8251953125 0.38720703125 0.0546875 0.0693359375
1 0.83642578125 0.38134765625 0.0419921875 0.0732421875
1 0.72607421875 0.42431640625 0.0458984375 0.0537109375
1 0.73828125 0.4189453125 0.037109375 0.0546875
1 0.67919921875 0.4501953125 0.0400390625 0.056640625
1 0.66552734375 0.4541015625 0.0419921875 0.052734375
1 0.62060546875 0.4794921875 0.0400390625 0.0625
1 0.60400390625 0.484375 0.0419921875 0.05078125
1 0.96044921875 0.61962890625 0.0517578125 0.0810546875
1 0.9736328125 0.611328125 0.052734375 0.07421875
1 0.623046875 0.7509765625 0.064453125 0.080078125
1 0.60302734375 0.75927734375 0.0361328125 0.0986328125
1 0.48388671875 0.76806640625 0.1083984375 0.0927734375
1 0.40673828125 0.5390625 0.0498046875 0.072265625
1 0.41943359375 0.53564453125 0.0380859375 0.0771484375
0 0.93310546875 0.43603515625 0.0244140625 0.0244140625
0 0.9912109375 0.48095703125 0.015625 0.0185546875
0 0.94580078125 0.49609375 0.0107421875 0.013671875
3 0.8984375 0.53271484375 0.02734375 0.0263671875
0 0.91943359375 0.53515625 0.0107421875 0.01171875
3 0.921875 0.5810546875 0.03125 0.033203125
3 0.90625 0.61083984375 0.0234375 0.0263671875
3 0.85986328125 0.6455078125 0.0341796875 0.0390625
3 0.77587890625 0.59716796875 0.0302734375 0.0341796875
0 0.83154296875 0.53955078125 0.0244140625 0.0263671875
0 0.84619140625 0.5390625 0.0107421875 0.0078125
0 0.830078125 0.5185546875 0.01953125 0.017578125
3 0.74658203125 0.71875 0.0302734375 0.033203125
3 0.6953125 0.74365234375 0.03125 0.0302734375
3 0.67529296875 0.77099609375 0.0166015625 0.0185546875
3 0.33837890625 0.56689453125 0.0341796875 0.0341796875
3 0.55615234375 0.50244140625 0.0166015625 0.0185546875
0 0.69580078125 0.53076171875 0.0224609375 0.0205078125
0 0.5126953125 0.5673828125 0.0234375 0.041015625
0 0.54931640625 0.55810546875 0.0205078125 0.0419921875
1 0.49462890625 0.509765625 0.0576171875 0.08203125
1 0.509765625 0.50634765625 0.0390625 0.0849609375
0 0.419921875 0.69140625 0.025390625 0.03125
0 0.58935546875 0.5810546875 0.0185546875 0.021484375
0 0.04638671875 0.85205078125 0.0205078125 0.0224609375