1 0.78955078125 0.462890625 0.2646484375 0.228515625
1 0.77587890625 0.36376953125 0.3056640625 0.1611328125
1 0.70068359375 0.294921875 0.0537109375 0.037109375
1 0.71533203125 0.29052734375 0.0556640625 0.0478515625
1 0.75146484375 0.2919921875 0.0361328125 0.0498046875
1 0.751953125 0.306640625 0.048828125 0.046875
3 0.76123046875 0.32666015625 0.0283203125 0.0302734375
0 0.77294921875 0.41015625 0.0361328125 0.0322265625
1 0.875 0.412109375 0.2490234375 0.40234375
3 0.8076171875 0.427734375 0.0234375 0.0341796875
3 0.81640625 0.50048828125 0.0283203125 0.03515625
3 0.75830078125 0.5185546875 0.02734375 0.0322265625
1 0.93505859375 0.3798828125 0.1298828125 0.34765625
3 0.92138671875 0.48388671875 0.0341796875 0.0341796875
0 0.7890625 0.51220703125 0.0146484375 0.0166015625
3 0.98974609375 0.46728515625 0.0205078125 0.0244140625
0 0.85791015625 0.26318359375 0.021484375 0.015625