1 0.51904296875 0.48583984375 0.2607421875 0.2568359375
1 0.42236328125 0.60693359375 0.2568359375 0.2314453125
1 0.392578125 0.33251953125 0.26171875 0.2470703125
1 0.29833984375 0.45556640625 0.2333984375 0.2197265625
0 0.53955078125 0.62060546875 0.0361328125 0.0361328125
0 0.265625 0.3642578125 0.0390625 0.037109375
1 0.81689453125 0.71337890625 0.2587890625 0.2451171875
1 0.72119140625 0.83642578125 0.2353515625 0.2275390625
1 0.85009765625 0.93603515625 0.2607421875 0.1279296875
1 0.908203125 0.86767578125 0.18359375 0.2548828125
2 0.71875 0.85400390625 0.205078125 0.1376953125
2 0.69775390625 0.791015625 0.0830078125 0.078125
0 0.69140625 0.73876953125 0.03515625 0.0302734375