1 0.36962890625 0.16796875 0.1064453125 0.15234375
1 0.47119140625 0.22705078125 0.1005859375 0.1572265625
1 0.39013671875 0.25146484375 0.1474609375 0.1064453125
1 0.447265625 0.14599609375 0.146484375 0.1044921875
1 0.69775390625 0.52099609375 0.1416015625 0.2060546875
1 0.59716796875 0.53076171875 0.1767578125 0.1904296875
1 0.603515625 0.38671875 0.33203125 0.18359375
1 0.40673828125 0.46923828125 0.2041015625 0.3505859375
1 0.40869140625 0.65771484375 0.2060546875 0.1396484375
1 0.36962890625 0.93115234375 0.2763671875 0.1376953125
3 0.3740234375 0.97705078125 0.02734375 0.0263671875
3 0.52001953125 0.5595703125 0.0400390625 0.041015625
0 0.50341796875 0.49072265625 0.0244140625 0.0244140625