1 0.46875 0.408203125 0.294921875 0.154296875
1 0.5888671875 0.384765625 0.083984375 0.1083984375
1 0.380859375 0.453125 0.1123046875 0.091796875
1 0.603515625 0.5146484375 0.2001953125 0.2421875
1 0.4501953125 0.5654296875 0.236328125 0.2294921875
1 0.611328125 0.46630859375 0.068359375 0.048828125
1 0.61376953125 0.4892578125 0.06640625 0.0322265625
1 0.63427734375 0.53662109375 0.0703125 0.048828125
1 0.63916015625 0.56103515625 0.0654296875 0.0361328125
1 0.6689453125 0.71630859375 0.2197265625 0.294921875
1 0.66845703125 0.6494140625 0.072265625 0.0576171875
1 0.6708984375 0.67529296875 0.068359375 0.0400390625
1 0.423828125 0.52734375 0.0751953125 0.046875
1 0.42626953125 0.5634765625 0.072265625 0.064453125
1 0.44287109375 0.59619140625 0.0751953125 0.0439453125
1 0.44921875 0.62841796875 0.0712890625 0.064453125
1 0.50341796875 0.7734375 0.2802734375 0.2890625
1 0.4755859375 0.71142578125 0.0830078125 0.0478515625
1 0.484375 0.74169921875 0.078125 0.0625
1 0.50732421875 0.798828125 0.0810546875 0.046875
1 0.5166015625 0.83154296875 0.0791015625 0.0654296875
0 0.47216796875 0.78076171875 0.0263671875 0.0234375
0 0.580078125 0.63427734375 0.017578125 0.0185546875
0 0.53564453125 0.4833984375 0.029296875 0.0380859375
3 0.71923828125 0.77001953125 0.0419921875 0.0478515625
3 0.70556640625 0.6474609375 0.0244140625 0.037109375
3 0.3818359375 0.546875 0.0224609375 0.037109375
3 0.4052734375 0.61572265625 0.0205078125 0.0322265625
3 0.43115234375 0.73291015625 0.037109375 0.0419921875
3 0.46142578125 0.822265625 0.0390625 0.041015625