1 0.45458984375 0.51025390625 0.1357421875 0.2919921875
1 0.52587890625 0.63671875 0.0751953125 0.041015625
1 0.58740234375 0.49658203125 0.1455078125 0.3076171875
1 0.51123046875 0.37744140625 0.0732421875 0.0458984375
1 0.4453125 0.4560546875 0.09765625 0.109375
1 0.4521484375 0.548828125 0.083984375 0.0859375
1 0.28759765625 0.59228515625 0.2451171875 0.1650390625
1 0.28466796875 0.42431640625 0.2626953125 0.1943359375
2 0.34716796875 0.43505859375 0.0732421875 0.1220703125
2 0.24072265625 0.42626953125 0.1611328125 0.1513671875
3 0.2138671875 0.48291015625 0.0234375 0.0302734375
3 0.27587890625 0.478515625 0.0283203125 0.037109375
3 0.25048828125 0.62939453125 0.0244140625 0.0244140625
3 0.31689453125 0.6259765625 0.0244140625 0.02734375
3 0.36376953125 0.62109375 0.0263671875 0.0234375
0 0.34375 0.52001953125 0.017578125 0.0146484375
3 0.458984375 0.59228515625 0.0234375 0.0205078125
3 0.45068359375 0.41015625 0.0244140625 0.021484375
3 0.4267578125 0.52392578125 0.01953125 0.0244140625
3 0.58642578125 0.43798828125 0.0205078125 0.0224609375
3 0.59033203125 0.5859375 0.0244140625 0.025390625
1 0.59130859375 0.51123046875 0.1083984375 0.0810546875
1 0.22607421875 0.7138671875 0.2470703125 0.1015625
1 0.1298828125 0.68896484375 0.07421875 0.1474609375
1 0.5927734375 0.02001953125 0.271484375 0.0400390625