1 0.56640625 0.51416015625 0.236328125 0.3564453125
1 0.435546875 0.56396484375 0.248046875 0.3193359375
2 0.451171875 0.5615234375 0.193359375 0.3046875
2 0.5048828125 0.4619140625 0.099609375 0.181640625
2 0.57275390625 0.61376953125 0.0908203125 0.1142578125
1 0.57861328125 0.5009765625 0.1044921875 0.125
3 0.6201171875 0.5888671875 0.03515625 0.046875
3 0.4267578125 0.578125 0.05078125 0.02734375
3 0.552734375 0.412109375 0.037109375 0.048828125
0 0.5400390625 0.564453125 0.02734375 0.03125
0 0.38525390625 0.45361328125 0.0244140625 0.0263671875
0 0.4267578125 0.55078125 0.015625 0.015625
1 0.03125 0.59375 0.0625 0.1640625
1 0.1298828125 0.64501953125 0.205078125 0.2119140625
1 0.162109375 0.779296875 0.23828125 0.19921875
1 0.138671875 0.75390625 0.134765625 0.091796875
0 0.1708984375 0.59912109375 0.021484375 0.0224609375
3 0.21337890625 0.7109375 0.0244140625 0.0234375
0 0.0478515625 0.66552734375 0.015625 0.0146484375
1 0.46826171875 0.32470703125 0.1806640625 0.1650390625
1 0.625 0.68798828125 0.150390625 0.1220703125