1 0.37939453125 0.48388671875 0.265625 0.2470703125
1 0.47314453125 0.50927734375 0.23046875 0.314453125
1 0.544921875 0.4326171875 0.1240234375 0.1826171875
1 0.39990234375 0.359375 0.1708984375 0.1279296875
1 0.56591796875 0.36279296875 0.1787109375 0.115234375
1 0.4208984375 0.28564453125 0.123046875 0.169921875
1 0.490234375 0.2158203125 0.23828125 0.2998046875
1 0.58740234375 0.23388671875 0.2685546875 0.2431640625
3 0.48388671875 0.56201171875 0.03515625 0.0322265625
3 0.3544921875 0.4609375 0.037109375 0.0322265625
3 0.46435546875 0.19873046875 0.0322265625 0.0302734375
3 0.6220703125 0.2236328125 0.037109375 0.03125
0 0.650390625 0.23486328125 0.0224609375 0.021484375
0 0.60302734375 0.32666015625 0.0283203125 0.0244140625
0 0.4453125 0.412109375 0.0263671875 0.0224609375
0 0.4951171875 0.61279296875 0.017578125 0.0185546875