1 0.857421875 0.46484375 0.28515625 0.365234375
1 0.93408203125 0.673828125 0.1318359375 0.251953125
1 0.95703125 0.3837890625 0.0859375 0.2265625
1 0.93603515625 0.6328125 0.0498046875 0.04296875
1 0.9296875 0.61376953125 0.05859375 0.037109375
1 0.97314453125 0.716796875 0.046875 0.04296875
1 0.96533203125 0.697265625 0.056640625 0.0361328125
2 0.9306640625 0.43359375 0.1083984375 0.1708984375
3 0.8515625 0.42626953125 0.048828125 0.0673828125
3 0.89404296875 0.52197265625 0.0517578125 0.06640625
0 0.94921875 0.31787109375 0.015625 0.013671875
1 0.4033203125 0.2255859375 0.2109375 0.1787109375
1 0.46875 0.36328125 0.2333984375 0.259765625
1 0.5380859375 0.5283203125 0.2138671875 0.2177734375
1 0.5400390625 0.5673828125 0.162109375 0.1279296875
1 0.36767578125 0.61572265625 0.265625 0.2177734375
1 0.3203125 0.47265625 0.259765625 0.232421875
1 0.2724609375 0.42138671875 0.0947265625 0.154296875
1 0.21875 0.4345703125 0.1103515625 0.142578125
1 0.16357421875 0.2587890625 0.3271484375 0.32421875
1 0.0400390625 0.30517578125 0.080078125 0.2783203125
0 0.13623046875 0.2705078125 0.0234375 0.01953125
3 0.47412109375 0.2861328125 0.029296875 0.02734375
0 0.345703125 0.52685546875 0.0263671875 0.0244140625
0 0.4130859375 0.60400390625 0.02734375 0.0302734375