1 0.54541015625 0.51953125 0.2763671875 0.353515625
1 0.40380859375 0.3935546875 0.2587890625 0.349609375
1 0.5654296875 0.333984375 0.138671875 0.1162109375
1 0.390625 0.57275390625 0.1376953125 0.1142578125
3 0.4443359375 0.33544921875 0.0419921875 0.0478515625
3 0.35595703125 0.46875 0.0419921875 0.0498046875
3 0.400390625 0.40283203125 0.0419921875 0.0498046875
3 0.52880859375 0.58447265625 0.05078125 0.0498046875
3 0.560546875 0.5087890625 0.03515625 0.029296875
3 0.4384765625 0.45458984375 0.02734375 0.0283203125
0 0.41796875 0.462890625 0.02734375 0.029296875