1 0.44921875 0.65673828125 0.2353515625 0.4833984375
1 0.31689453125 0.630859375 0.2294921875 0.4853515625
1 0.08837890625 0.13134765625 0.1767578125 0.2509765625
3 0.10986328125 0.04150390625 0.0439453125 0.048828125
1 0.01416015625 0.10009765625 0.0283203125 0.1845703125
3 0.3330078125 0.46533203125 0.037109375 0.041015625
3 0.29736328125 0.64599609375 0.0361328125 0.0439453125
3 0.2705078125 0.79345703125 0.0361328125 0.037109375
3 0.46142578125 0.6796875 0.03515625 0.0390625
1 0.94970703125 0.54345703125 0.1005859375 0.1728515625
2 0.94189453125 0.69287109375 0.1162109375 0.1669921875
1 0.93310546875 0.6923828125 0.1337890625 0.17578125
3 0.94482421875 0.70166015625 0.0361328125 0.03515625
3 0.9814453125 0.53173828125 0.037109375 0.0458984375
0 0.4599609375 0.59130859375 0.0126953125 0.009765625
0 0.462890625 0.57470703125 0.0146484375 0.01171875
0 0.43115234375 0.7373046875 0.0087890625 0.0107421875
0 0.0791015625 0.10009765625 0.013671875 0.015625