1 0.65087890625 0.40625 0.6982421875 0.77734375
1 0.69384765625 0.5341796875 0.6123046875 0.70703125
1 0.5546875 0.69873046875 0.1513671875 0.1484375
1 0.6787109375 0.59765625 0.150390625 0.1484375
1 0.87109375 0.43798828125 0.1484375 0.1474609375
1 0.95703125 0.345703125 0.0859375 0.1171875
3 0.93115234375 0.20556640625 0.0400390625 0.037109375
3 0.7978515625 0.31396484375 0.03125 0.0302734375
3 0.5634765625 0.50927734375 0.0322265625 0.033203125
3 0.431640625 0.619140625 0.033203125 0.0322265625
0 0.90283203125 0.1708984375 0.025390625 0.0244140625
0 0.7216796875 0.32666015625 0.013671875 0.0126953125
0 0.568359375 0.45068359375 0.0283203125 0.01953125
0 0.4033203125 0.58642578125 0.0263671875 0.0244140625
1 0.87109375 0.81689453125 0.20703125 0.197265625
1 0.845703125 0.9267578125 0.22265625 0.142578125
3 0.7998046875 0.9423828125 0.0390625 0.03515625
3 0.8505859375 0.79345703125 0.037109375 0.0361328125
1 0.91943359375 0.8173828125 0.1005859375 0.10546875
3 0.8759765625 0.95751953125 0.0234375 0.0205078125
3 0.91015625 0.9658203125 0.0234375 0.017578125