1 0.47705078125 0.33447265625 0.2958984375 0.1181640625
1 0.42236328125 0.5205078125 0.2138671875 0.3896484375
1 0.58349609375 0.4765625 0.2119140625 0.3896484375
1 0.52880859375 0.662109375 0.29296875 0.111328125
0 0.41748046875 0.595703125 0.0185546875 0.0205078125
0 0.38623046875 0.48046875 0.0146484375 0.015625
0 0.6083984375 0.48974609375 0.03515625 0.029296875
1 0.21923828125 0.1396484375 0.1103515625 0.2060546875
1 0.3095703125 0.15869140625 0.1044921875 0.130859375
1 0.27734375 0.21240234375 0.150390625 0.076171875
1 0.35791015625 0.060546875 0.2685546875 0.107421875
1 0.2568359375 0.06640625 0.087890625 0.0888671875
1 0.4404296875 0.03662109375 0.111328125 0.0732421875
1 0.10205078125 0.2900390625 0.130859375 0.1337890625