1 0.7626953125 0.31982421875 0.0546875 0.0712890625
1 0.650390625 0.4970703125 0.3828125 0.3046875
1 0.55859375 0.37939453125 0.353515625 0.3330078125
1 0.6875 0.47314453125 0.1015625 0.1064453125
1 0.5888671875 0.33984375 0.1015625 0.09375
3 0.5341796875 0.3671875 0.025390625 0.029296875
3 0.58203125 0.5751953125 0.029296875 0.02734375
3 0.712890625 0.50830078125 0.03125 0.0263671875
3 0.77197265625 0.43359375 0.0400390625 0.03515625
0 0.64892578125 0.39453125 0.0263671875 0.025390625
1 0.36279296875 0.380859375 0.2646484375 0.287109375
1 0.15625 0.64111328125 0.30859375 0.4287109375
0 0.099609375 0.62841796875 0.0234375 0.0166015625
2 0.02490234375 0.6220703125 0.0498046875 0.083984375
1 0.90576171875 0.11181640625 0.1865234375 0.2236328125
1 0.8466796875 0.0517578125 0.220703125 0.103515625
3 0.9658203125 0.10009765625 0.03515625 0.0361328125
3 0.98974609375 0.0751953125 0.0185546875 0.033203125
0 0.91259765625 0.11474609375 0.0166015625 0.0146484375
1 0.57470703125 0.912109375 0.3095703125 0.173828125
1 0.70556640625 0.9658203125 0.1474609375 0.06640625
0 0.59130859375 0.9248046875 0.0126953125 0.009765625
1 0.91259765625 0.7412109375 0.1728515625 0.36328125
3 0.90283203125 0.77197265625 0.0439453125 0.0498046875