1 0.56103515625 0.8984375 0.1845703125 0.1650390625
1 0.60205078125 0.82763671875 0.1884765625 0.1591796875
1 0.470703125 0.7392578125 0.185546875 0.15625
1 0.4052734375 0.84423828125 0.2197265625 0.23828125
0 0.451171875 0.8232421875 0.01953125 0.021484375
1 0.53076171875 0.6474609375 0.173828125 0.171875
1 0.36181640625 0.55078125 0.2880859375 0.248046875
1 0.41943359375 0.3623046875 0.3251953125 0.3994140625
1 0.35546875 0.4462890625 0.1748046875 0.140625
1 0.58154296875 0.40234375 0.3955078125 0.32421875
1 0.46044921875 0.45654296875 0.2275390625 0.208984375
1 0.5068359375 0.46484375 0.1005859375 0.1240234375
0 0.4384765625 0.49365234375 0.0205078125 0.0234375
3 0.4033203125 0.23876953125 0.0234375 0.0224609375
3 0.4365234375 0.35888671875 0.0244140625 0.0263671875
3 0.46875 0.3798828125 0.025390625 0.0283203125
1 0.53564453125 0.22607421875 0.1533203125 0.173828125
3 0.470703125 0.26611328125 0.02734375 0.029296875
1 0.65283203125 0.28076171875 0.20703125 0.1982421875
1 0.58447265625 0.21484375 0.11328125 0.091796875
1 0.56201171875 0.201171875 0.06640625 0.11328125
1 0.47021484375 0.14453125 0.201171875 0.189453125
1 0.65966796875 0.27001953125 0.0966796875 0.0849609375
1 0.6396484375 0.25830078125 0.0576171875 0.1025390625
1 0.7998046875 0.404296875 0.318359375 0.322265625
1 0.8857421875 0.4033203125 0.0859375 0.080078125
1 0.82080078125 0.42822265625 0.07421875 0.130859375
1 0.85498046875 0.46484375 0.142578125 0.06640625
1 0.91015625 0.5439453125 0.1796875 0.1796875
1 0.927734375 0.5517578125 0.1259765625 0.1201171875
1 0.94287109375 0.626953125 0.111328125 0.17578125
1 0.95703125 0.64453125 0.0654296875 0.1005859375
1 0.88916015625 0.791015625 0.16015625 0.3271484375
3 0.90869140625 0.703125 0.0458984375 0.0478515625
3 0.9482421875 0.75048828125 0.0263671875 0.044921875
3 0.90087890625 0.82568359375 0.048828125 0.0546875
3 0.92236328125 0.8544921875 0.033203125 0.052734375
0 0.890625 0.767578125 0.03515625 0.0380859375
1 0.78564453125 0.6787109375 0.2099609375 0.23046875
3 0.849609375 0.62451171875 0.0283203125 0.0263671875
1 0.76513671875 0.57861328125 0.12890625 0.162109375
3 0.8037109375 0.556640625 0.0263671875 0.0322265625
0 0.6162109375 0.4951171875 0.0185546875 0.0224609375
0 0.599609375 0.46240234375 0.0234375 0.0244140625
0 0.392578125 0.77783203125 0.0146484375 0.015625
1 0.21044921875 0.8642578125 0.1279296875 0.126953125
1 0.123046875 0.30078125 0.2236328125 0.328125
1 0.2060546875 0.1298828125 0.28515625 0.259765625
3 0.072265625 0.17431640625 0.03125 0.0400390625
1 0.19775390625 0.08837890625 0.0849609375 0.091796875
3 0.2666015625 0.142578125 0.0419921875 0.046875
0 0.11962890625 0.13720703125 0.0263671875 0.0234375
1 0.0673828125 0.2880859375 0.076171875 0.087890625
3 0.138671875 0.3798828125 0.0322265625 0.0380859375
1 0.029296875 0.6181640625 0.05859375 0.138671875
0 0.38427734375 0.20068359375 0.0224609375 0.0224609375
1 0.67724609375 0.59130859375 0.0634765625 0.068359375
1 0.7412109375 0.57958984375 0.076171875 0.15625
1 0.69482421875 0.52734375 0.1474609375 0.0634765625
0 0.58154296875 0.3564453125 0.017578125 0.0185546875
0 0.40966796875 0.28955078125 0.0146484375 0.015625