1 0.63720703125 0.33544921875 0.2744140625 0.2900390625
1 0.5478515625 0.2490234375 0.28515625 0.279296875
1 0.52783203125 0.24462890625 0.0654296875 0.0859375
1 0.5126953125 0.2548828125 0.0869140625 0.0634765625
3 0.521484375 0.19970703125 0.0302734375 0.033203125
1 0.4375 0.77734375 0.2880859375 0.2197265625
1 0.58544921875 0.81591796875 0.365234375 0.30078125
1 0.564453125 0.54296875 0.3828125 0.29296875
1 0.431640625 0.60888671875 0.2734375 0.1826171875
0 0.416015625 0.60986328125 0.046875 0.0498046875
0 0.46142578125 0.787109375 0.025390625 0.0283203125
0 0.4375 0.82373046875 0.0322265625 0.0390625
3 0.61474609375 0.77587890625 0.0341796875 0.037109375