1 0.60400390625 0.38525390625 0.462890625 0.2412109375
1 0.56005859375 0.6142578125 0.513671875 0.3486328125
1 0.60546875 0.61865234375 0.173828125 0.2919921875
1 0.4296875 0.59912109375 0.275390625 0.2880859375
1 0.24365234375 0.34814453125 0.3095703125 0.1982421875
1 0.11767578125 0.4462890625 0.091796875 0.2109375
1 0.2451171875 0.51416015625 0.291015625 0.1884765625
1 0.21337890625 0.3447265625 0.06640625 0.115234375
1 0.31787109375 0.34912109375 0.078125 0.1162109375
1 0.45654296875 0.37841796875 0.048828125 0.0947265625
1 0.4912109375 0.380859375 0.0419921875 0.087890625
1 0.60693359375 0.3994140625 0.048828125 0.08984375
1 0.640625 0.40185546875 0.0400390625 0.0908203125
1 0.0810546875 0.52880859375 0.162109375 0.2275390625
1 0.07275390625 0.70654296875 0.1455078125 0.1962890625
1 0.0263671875 0.705078125 0.0439453125 0.068359375
1 0.0517578125 0.708984375 0.0244140625 0.072265625
0 0.58056640625 0.4599609375 0.0283203125 0.0263671875
0 0.40087890625 0.4814453125 0.0166015625 0.0322265625
0 0.5849609375 0.5244140625 0.025390625 0.041015625
0 0.66943359375 0.62255859375 0.0185546875 0.0185546875
1 0.01513671875 0.47216796875 0.0302734375 0.0576171875
1 0.03662109375 0.474609375 0.03125 0.05859375