1 0.31591796875 0.95556640625 0.1630859375 0.0888671875
1 0.4345703125 0.97509765625 0.123046875 0.0498046875
1 0.484375 0.89599609375 0.154296875 0.2080078125
1 0.37841796875 0.87109375 0.1494140625 0.185546875
1 0.25244140625 0.87841796875 0.1826171875 0.2431640625
1 0.5244140625 0.6962890625 0.1767578125 0.263671875
1 0.41357421875 0.68310546875 0.166015625 0.2333984375
1 0.33251953125 0.67919921875 0.1064453125 0.208984375
1 0.392578125 0.46728515625 0.2236328125 0.2529296875
1 0.54736328125 0.482421875 0.22265625 0.2490234375
1 0.60595703125 0.28955078125 0.2353515625 0.2646484375
1 0.41064453125 0.25439453125 0.2724609375 0.234375
1 0.39501953125 0.212890625 0.169921875 0.0751953125
1 0.365234375 0.14599609375 0.09765625 0.0908203125
2 0.63330078125 0.29443359375 0.1328125 0.2216796875
2 0.390625 0.29541015625 0.099609375 0.1328125
0 0.34326171875 0.1689453125 0.0224609375 0.013671875
0 0.48583984375 0.2685546875 0.0244140625 0.025390625
0 0.47021484375 0.34228515625 0.0361328125 0.025390625
0 0.435546875 0.3232421875 0.03515625 0.0263671875
0 0.50439453125 0.42236328125 0.025390625 0.0234375
3 0.4501953125 0.3916015625 0.0419921875 0.025390625
3 0.43603515625 0.462890625 0.0419921875 0.029296875
3 0.419921875 0.5341796875 0.0400390625 0.0283203125
3 0.40478515625 0.591796875 0.0166015625 0.01171875
3 0.43603515625 0.64013671875 0.0390625 0.0263671875
3 0.419921875 0.71826171875 0.0400390625 0.03125
3 0.40966796875 0.77392578125 0.0380859375 0.0322265625
0 0.42041015625 0.89306640625 0.021484375 0.01953125
0 0.388671875 0.8837890625 0.0205078125 0.0107421875
0 0.35546875 0.87744140625 0.0185546875 0.0107421875
3 0.333984375 0.98583984375 0.04296875 0.0283203125