1 0.3779296875 0.59765625 0.224609375 0.21875
1 0.45263671875 0.662109375 0.30859375 0.2685546875
1 0.55322265625 0.49853515625 0.1787109375 0.32421875
1 0.3955078125 0.40625 0.2646484375 0.3232421875
2 0.41357421875 0.5654296875 0.1044921875 0.0986328125
3 0.47705078125 0.6953125 0.0419921875 0.041015625
3 0.42626953125 0.6337890625 0.025390625 0.0244140625
3 0.361328125 0.3515625 0.177734375 0.19140625
3 0.38671875 0.4560546875 0.130859375 0.08984375
0 0.43798828125 0.39501953125 0.0146484375 0.0166015625
0 0.486328125 0.5927734375 0.0166015625 0.015625
0 0.447265625 0.740234375 0.0146484375 0.009765625
1 0.58642578125 0.6064453125 0.1005859375 0.1064453125
0 0.3671875 0.619140625 0.017578125 0.0205078125