1 0.556640625 0.53857421875 0.88671875 0.9228515625
1 0.3857421875 0.41845703125 0.1416015625 0.1279296875
1 0.7451171875 0.69091796875 0.1572265625 0.150390625
0 0.28955078125 0.2529296875 0.025390625 0.0322265625
0 0.3935546875 0.4375 0.021484375 0.025390625
0 0.4970703125 0.580078125 0.0263671875 0.0283203125
0 0.552734375 0.53173828125 0.021484375 0.025390625
0 0.58544921875 0.56201171875 0.0263671875 0.025390625
0 0.6357421875 0.61474609375 0.02734375 0.025390625
0 0.65625 0.525390625 0.02734375 0.02734375
0 0.685546875 0.564453125 0.0234375 0.0244140625
0 0.94970703125 0.83349609375 0.025390625 0.0263671875