1 0.91748046875 0.33642578125 0.1650390625 0.2197265625
1 0.82861328125 0.171875 0.322265625 0.3203125
1 0.693359375 0.3291015625 0.330078125 0.330078125
1 0.83154296875 0.4892578125 0.220703125 0.2216796875
1 0.55322265625 0.68896484375 0.228515625 0.2197265625
1 0.4345703125 0.51318359375 0.322265625 0.3427734375
1 0.30029296875 0.67724609375 0.3388671875 0.3369140625
1 0.43896484375 0.837890625 0.220703125 0.2197265625
1 0.134765625 0.89306640625 0.2119140625 0.1787109375
1 0.0595703125 0.8037109375 0.119140625 0.240234375
0 0.2880859375 0.65283203125 0.041015625 0.0712890625
0 0.32275390625 0.67919921875 0.041015625 0.041015625
0 0.42431640625 0.53564453125 0.046875 0.0556640625
0 0.41845703125 0.4794921875 0.0517578125 0.0791015625
0 0.681640625 0.29443359375 0.0283203125 0.06640625
0 0.71142578125 0.33154296875 0.0419921875 0.0439453125
0 0.81103515625 0.12158203125 0.029296875 0.072265625
0 0.826171875 0.1875 0.0419921875 0.048828125
1 0.07666015625 0.1923828125 0.1279296875 0.2373046875
1 0.26611328125 0.0986328125 0.3232421875 0.197265625
2 0.2666015625 0.08837890625 0.28515625 0.1767578125