1 0.5166015625 0.59228515625 0.267578125 0.1611328125
1 0.43701171875 0.35400390625 0.2705078125 0.1396484375
1 0.39404296875 0.5166015625 0.1865234375 0.3203125
1 0.55859375 0.4423828125 0.193359375 0.318359375
1 0.548828125 0.44091796875 0.064453125 0.0439453125
1 0.5537109375 0.4638671875 0.07421875 0.033203125
1 0.43603515625 0.36767578125 0.0419921875 0.0439453125
1 0.4619140625 0.36328125 0.03515625 0.056640625
0 0.4873046875 0.50830078125 0.025390625 0.0244140625
0 0.46337890625 0.423828125 0.0185546875 0.01953125
0 0.49365234375 0.58544921875 0.0126953125 0.0126953125
0 0.4248046875 0.5732421875 0.015625 0.013671875
1 0.26513671875 0.71337890625 0.1630859375 0.2041015625
1 0.16650390625 0.73779296875 0.1259765625 0.2080078125
1 0.078125 0.15673828125 0.15625 0.2470703125
1 0.0166015625 0.2275390625 0.033203125 0.130859375
0 0.01171875 0.19287109375 0.0234375 0.0224609375
0 0.04296875 0.25341796875 0.009765625 0.0107421875
3 0.0712890625 0.17724609375 0.02734375 0.0380859375
3 0.05859375 0.11669921875 0.02734375 0.0205078125
1 0.09765625 0.7890625 0.1640625 0.234375
1 0.59326171875 0.8916015625 0.1982421875 0.212890625
1 0.41748046875 0.947265625 0.2470703125 0.10546875