1 0.4560546875 0.46630859375 0.2451171875 0.2890625
1 0.44970703125 0.615234375 0.0771484375 0.0625
1 0.58740234375 0.56591796875 0.25 0.27734375
1 0.5927734375 0.4296875 0.068359375 0.0654296875
0 0.53466796875 0.54443359375 0.0244140625 0.0234375
3 0.427734375 0.5361328125 0.0263671875 0.0244140625
1 0.11376953125 0.44873046875 0.2275390625 0.3037109375
1 0.06396484375 0.3544921875 0.1259765625 0.2470703125
0 0.0205078125 0.41259765625 0.029296875 0.0302734375
1 0.416015625 0.74658203125 0.1669921875 0.1494140625
1 0.37255859375 0.80078125 0.181640625 0.1396484375