1 0.59619140625 0.43994140625 0.306640625 0.1884765625
1 0.6201171875 0.5703125 0.2919921875 0.1591796875
1 0.73828125 0.48046875 0.0615234375 0.09765625
1 0.482421875 0.53955078125 0.0576171875 0.0927734375
1 0.220703125 0.63720703125 0.3046875 0.158203125
1 0.20263671875 0.5048828125 0.287109375 0.1953125
1 0.33642578125 0.5458984375 0.0556640625 0.0947265625
1 0.083984375 0.60400390625 0.0546875 0.0927734375
1 0.58251953125 0.88330078125 0.3173828125 0.205078125
1 0.193359375 0.927734375 0.2509765625 0.1376953125
1 0.59912109375 0.96142578125 0.2919921875 0.0771484375
2 0.5283203125 0.92919921875 0.1171875 0.060546875
0 0.66943359375 0.81591796875 0.01953125 0.0185546875
3 0.59814453125 0.58935546875 0.0234375 0.0244140625
3 0.23974609375 0.654296875 0.0244140625 0.0263671875
3 0.349609375 0.6279296875 0.0146484375 0.0166015625
3 0.68994140625 0.38232421875 0.0205078125 0.017578125