1 0.4111328125 0.59228515625 0.193359375 0.318359375
1 0.57958984375 0.58154296875 0.2021484375 0.3203125
1 0.4794921875 0.345703125 0.3828125 0.205078125
1 0.1103515625 0.17529296875 0.208984375 0.216796875
1 0.29931640625 0.162109375 0.2294921875 0.234375
1 0.50439453125 0.14453125 0.2412109375 0.234375
1 0.66748046875 0.19921875 0.11328125 0.13671875
1 0.65380859375 0.072265625 0.1064453125 0.1435546875
1 0.111328125 0.064453125 0.1845703125 0.060546875
1 0.392578125 0.03515625 0.396484375 0.0703125
0 0.2919921875 0.13134765625 0.0234375 0.025390625
0 0.0595703125 0.07177734375 0.017578125 0.0224609375
0 0.5185546875 0.6044921875 0.0244140625 0.025390625
0 0.50244140625 0.05908203125 0.025390625 0.029296875
0 0.4423828125 0.16552734375 0.0146484375 0.0185546875
0 0.4375 0.09375 0.0205078125 0.021484375
1 0.52880859375 0.185546875 0.0859375 0.0625
1 0.71044921875 0.3076171875 0.1103515625 0.09765625