1 0.77001953125 0.60546875 0.3720703125 0.31640625
1 0.712890625 0.52685546875 0.337890625 0.2802734375
1 0.74560546875 0.41748046875 0.142578125 0.1640625
1 0.607421875 0.5595703125 0.1962890625 0.1103515625
1 0.6064453125 0.47900390625 0.1640625 0.1064453125
1 0.689453125 0.431640625 0.1337890625 0.14453125
1 0.505859375 0.43505859375 0.2890625 0.3154296875
1 0.66162109375 0.3056640625 0.3212890625 0.279296875
1 0.62060546875 0.1259765625 0.1923828125 0.197265625
1 0.54541015625 0.185546875 0.1611328125 0.185546875
1 0.51513671875 0.08544921875 0.16015625 0.13671875
0 0.56201171875 0.0654296875 0.025390625 0.0283203125
0 0.50390625 0.1142578125 0.0302734375 0.029296875
0 0.60400390625 0.05859375 0.0263671875 0.025390625
1 0.6982421875 0.33056640625 0.0849609375 0.07421875
1 0.46142578125 0.42578125 0.1171875 0.1123046875
1 0.52294921875 0.501953125 0.1083984375 0.1025390625
0 0.615234375 0.41845703125 0.0244140625 0.0234375
0 0.65234375 0.43896484375 0.029296875 0.0283203125
0 0.6884765625 0.2978515625 0.0263671875 0.0263671875
0 0.71826171875 0.29248046875 0.015625 0.0146484375
0 0.6796875 0.3388671875 0.0146484375 0.0146484375
0 0.8173828125 0.5634765625 0.0185546875 0.015625
0 0.771484375 0.6005859375 0.0185546875 0.017578125
0 0.71923828125 0.64404296875 0.017578125 0.01953125
1 0.86376953125 0.8076171875 0.2724609375 0.326171875
1 0.765625 0.9541015625 0.1025390625 0.0458984375
1 0.91552734375 0.7578125 0.0947265625 0.083984375
1 0.87939453125 0.84130859375 0.0966796875 0.083984375
0 0.9794921875 0.84716796875 0.041015625 0.0615234375
0 0.83056640625 0.92822265625 0.0302734375 0.033203125
0 0.927734375 0.859375 0.0146484375 0.0146484375
1 0.9833984375 0.900390625 0.033203125 0.08984375
1 0.04443359375 0.14306640625 0.0888671875 0.1884765625
1 0.06982421875 0.35791015625 0.1396484375 0.2998046875
1 0.08349609375 0.64013671875 0.1669921875 0.3076171875
1 0.12109375 0.88720703125 0.177734375 0.2255859375
1 0.1416015625 0.99267578125 0.166015625 0.0146484375
0 0.671875 0.28173828125 0.0146484375 0.0146484375