1 0.5458984375 0.541015625 0.26171875 0.21484375
2 0.54833984375 0.56005859375 0.2451171875 0.1591796875
1 0.48681640625 0.421875 0.2568359375 0.20703125
2 0.4873046875 0.40283203125 0.232421875 0.1455078125
3 0.57275390625 0.4755859375 0.0419921875 0.041015625
0 0.53173828125 0.494140625 0.0224609375 0.0234375
3 0.46826171875 0.46533203125 0.0380859375 0.0380859375
1 0.12353515625 0.8017578125 0.1884765625 0.203125
1 0.06201171875 0.82421875 0.1240234375 0.251953125
1 0.0615234375 0.62939453125 0.123046875 0.1708984375
1 0.08642578125 0.681640625 0.1162109375 0.0546875
1 0.01611328125 0.71923828125 0.0322265625 0.0419921875
0 0.05126953125 0.72021484375 0.0244140625 0.0263671875
1 0.3779296875 0.02197265625 0.123046875 0.0439453125
1 0.712890625 0.78955078125 0.193359375 0.1220703125
1 0.71630859375 0.72900390625 0.2314453125 0.1474609375
1 0.73291015625 0.8310546875 0.1923828125 0.123046875
1 0.798828125 0.939453125 0.173828125 0.12109375
1 0.65380859375 0.966796875 0.1767578125 0.06640625