1 0.51904296875 0.61083984375 0.1796875 0.1435546875
1 0.4775390625 0.62841796875 0.0986328125 0.1630859375
1 0.53955078125 0.48583984375 0.3857421875 0.314453125
2 0.48974609375 0.4580078125 0.275390625 0.2119140625
1 0.47216796875 0.4130859375 0.3251953125 0.21484375
2 0.59326171875 0.42333984375 0.0927734375 0.0869140625
2 0.64892578125 0.47998046875 0.140625 0.1376953125
3 0.4189453125 0.45458984375 0.0341796875 0.037109375
0 0.55078125 0.54443359375 0.03515625 0.0390625
0 0.47265625 0.369140625 0.0283203125 0.0244140625
0 0.5732421875 0.53125 0.0439453125 0.0361328125