1 0.48046875 0.56787109375 0.333984375 0.3583984375
1 0.5908203125 0.638671875 0.3369140625 0.3369140625
1 0.451171875 0.5498046875 0.158203125 0.1611328125
1 0.75048828125 0.1845703125 0.4228515625 0.369140625
0 0.712890625 0.22802734375 0.087890625 0.0947265625
0 0.76904296875 0.1650390625 0.03125 0.0361328125
1 0.19580078125 0.9267578125 0.2802734375 0.146484375
1 0.36376953125 0.93994140625 0.2705078125 0.1201171875
0 0.509765625 0.43408203125 0.0234375 0.0224609375
0 0.6318359375 0.22802734375 0.0244140625 0.0205078125
0 0.74853515625 0.1689453125 0.0185546875 0.015625
0 0.75732421875 0.0810546875 0.0166015625 0.0146484375