1 0.53369140625 0.703125 0.2255859375 0.37109375
1 0.38720703125 0.6669921875 0.2236328125 0.3984375
2 0.3935546875 0.67431640625 0.154296875 0.3447265625
3 0.333984375 0.60595703125 0.02734375 0.0478515625
3 0.31396484375 0.697265625 0.0244140625 0.046875
3 0.2958984375 0.78173828125 0.021484375 0.0419921875
0 0.59423828125 0.6416015625 0.0185546875 0.015625
3 0.623046875 0.6201171875 0.021484375 0.037109375
3 0.61083984375 0.6806640625 0.0205078125 0.03515625
2 0.5361328125 0.70703125 0.150390625 0.337890625
3 0.5966796875 0.740234375 0.0234375 0.0390625
3 0.5732421875 0.8466796875 0.021484375 0.041015625
1 0.10400390625 0.607421875 0.2080078125 0.37109375
2 0.095703125 0.609375 0.150390625 0.3359375
3 0.1865234375 0.51806640625 0.01953125 0.0341796875
3 0.17236328125 0.58154296875 0.0205078125 0.0380859375
3 0.154296875 0.65625 0.01953125 0.0390625
3 0.13330078125 0.7470703125 0.0224609375 0.04296875
0 0.03173828125 0.58984375 0.0205078125 0.013671875
0 0.15673828125 0.54296875 0.0185546875 0.013671875