1 0.65087890625 0.44580078125 0.361328125 0.2578125
1 0.16455078125 0.58349609375 0.3291015625 0.2431640625
1 0.83349609375 0.140625 0.18359375 0.2099609375
3 0.6787109375 0.42724609375 0.02734375 0.02734375
2 0.7392578125 0.47314453125 0.1142578125 0.0478515625
0 0.650390625 0.41162109375 0.0126953125 0.0146484375
0 0.77685546875 0.3642578125 0.0146484375 0.01171875
0 0.14453125 0.5517578125 0.0107421875 0.009765625
0 0.1689453125 0.6474609375 0.0146484375 0.015625
0 0.1552734375 0.65478515625 0.0107421875 0.01171875
0 0.12744140625 0.544921875 0.009765625 0.0126953125
0 0.13720703125 0.54150390625 0.009765625 0.0087890625
3 0.1728515625 0.56982421875 0.029296875 0.029296875
1 0.33154296875 0.28125 0.1875 0.216796875