1 0.87158203125 0.44873046875 0.0966796875 0.091796875
1 0.61865234375 0.14404296875 0.1494140625 0.23046875
1 0.4931640625 0.1298828125 0.1806640625 0.236328125
1 0.58154296875 0.3193359375 0.0986328125 0.1533203125
1 0.494140625 0.3056640625 0.1220703125 0.1552734375
1 0.45751953125 0.4091796875 0.1533203125 0.095703125
1 0.5791015625 0.42724609375 0.126953125 0.0927734375
1 0.50927734375 0.4482421875 0.2373046875 0.1181640625
1 0.50048828125 0.537109375 0.263671875 0.1494140625
1 0.56494140625 0.55908203125 0.12109375 0.0859375
1 0.4423828125 0.54248046875 0.1494140625 0.0947265625
1 0.4716796875 0.626953125 0.236328125 0.1318359375
1 0.43701171875 0.7568359375 0.3349609375 0.1826171875
1 0.42041015625 0.8828125 0.3310546875 0.1806640625
0 0.65185546875 0.13232421875 0.0146484375 0.015625
0 0.640625 0.15234375 0.0244140625 0.0283203125
0 0.5556640625 0.05517578125 0.0341796875 0.03515625
3 0.56103515625 0.4208984375 0.0263671875 0.0263671875
0 0.59765625 0.50390625 0.0185546875 0.0166015625
0 0.5966796875 0.5859375 0.0185546875 0.0185546875
0 0.41015625 0.45361328125 0.0234375 0.025390625
3 0.5048828125 0.75146484375 0.048828125 0.0458984375
0 0.48681640625 0.81884765625 0.0263671875 0.03125
0 0.3408203125 0.9013671875 0.0322265625 0.0322265625
0 0.498046875 0.90771484375 0.0283203125 0.0322265625