1 0.826171875 0.35986328125 0.154296875 0.1044921875
1 0.77294921875 0.45947265625 0.1591796875 0.0986328125
1 0.74609375 0.38232421875 0.10546875 0.1494140625
1 0.8505859375 0.43408203125 0.103515625 0.1474609375
1 0.486328125 0.69580078125 0.208984375 0.1396484375
1 0.47216796875 0.59765625 0.1845703125 0.18359375
1 0.6142578125 0.59765625 0.177734375 0.3359375
1 0.5263671875 0.408203125 0.35546875 0.197265625
1 0.34228515625 0.4150390625 0.1376953125 0.208984375
1 0.0654296875 0.3876953125 0.130859375 0.27734375
3 0.01806640625 0.390625 0.0263671875 0.02734375
3 0.44091796875 0.5224609375 0.0400390625 0.0390625
0 0.5087890625 0.50341796875 0.0234375 0.0244140625