1 0.4384765625 0.47119140625 0.876953125 0.9423828125
3 0.2021484375 0.56201171875 0.08203125 0.0791015625
3 0.2509765625 0.52001953125 0.0595703125 0.0576171875
3 0.310546875 0.427734375 0.078125 0.0791015625
3 0.34765625 0.3798828125 0.0791015625 0.08203125
3 0.42626953125 0.30517578125 0.060546875 0.05859375
3 0.4599609375 0.24609375 0.0810546875 0.08203125
3 0.62890625 0.3017578125 0.0341796875 0.03515625
0 0.58837890625 0.318359375 0.0390625 0.0390625
3 0.5791015625 0.36181640625 0.0625 0.0625
3 0.552734375 0.396484375 0.0625 0.064453125
3 0.5126953125 0.36376953125 0.0439453125 0.046875
3 0.513671875 0.4462890625 0.0322265625 0.03125
0 0.47900390625 0.45361328125 0.0380859375 0.0390625
3 0.47021484375 0.4970703125 0.0615234375 0.0634765625
3 0.443359375 0.52880859375 0.0625 0.064453125
0 0.40478515625 0.544921875 0.0390625 0.0400390625
3 0.40478515625 0.58154296875 0.0302734375 0.033203125
3 0.361328125 0.630859375 0.0615234375 0.06640625
3 0.33349609375 0.6640625 0.064453125 0.0654296875
0 0.29345703125 0.68212890625 0.0400390625 0.0400390625
3 0.28466796875 0.7275390625 0.03125 0.0322265625
3 0.3232421875 0.59619140625 0.046875 0.046875
2 0.38720703125 0.75146484375 0.1181640625 0.048828125
2 0.49853515625 0.615234375 0.12109375 0.0537109375
2 0.60205078125 0.4833984375 0.12109375 0.0615234375
2 0.7109375 0.34912109375 0.1240234375 0.0556640625