1 0.58642578125 0.38134765625 0.3876953125 0.4638671875
1 0.19580078125 0.55615234375 0.3603515625 0.482421875
2 0.2177734375 0.70166015625 0.0615234375 0.0751953125
2 0.16015625 0.69287109375 0.080078125 0.1279296875
2 0.11572265625 0.72607421875 0.0712890625 0.099609375
2 0.23046875 0.56884765625 0.12109375 0.2412109375
2 0.28076171875 0.55029296875 0.1201171875 0.2373046875
2 0.14013671875 0.529296875 0.080078125 0.12890625
2 0.095703125 0.42431640625 0.0732421875 0.0986328125
2 0.14697265625 0.404296875 0.0673828125 0.1005859375
2 0.55615234375 0.3857421875 0.2451171875 0.4228515625
2 0.70751953125 0.47607421875 0.111328125 0.146484375
1 0.09423828125 0.1142578125 0.1650390625 0.162109375
2 0.0458984375 0.142578125 0.0478515625 0.0712890625
2 0.12255859375 0.0751953125 0.06640625 0.08203125
2 0.0625 0.06103515625 0.05078125 0.0400390625