1 0.4736328125 0.4501953125 0.3193359375 0.3583984375
1 0.58935546875 0.50439453125 0.2744140625 0.3359375
1 0.47900390625 0.45166015625 0.1328125 0.123046875
1 0.60791015625 0.638671875 0.18359375 0.119140625
1 0.57958984375 0.68310546875 0.1708984375 0.15625
1 0.52392578125 0.7412109375 0.1630859375 0.15625
1 0.57470703125 0.76953125 0.1181640625 0.1748046875
1 0.6083984375 0.4931640625 0.10546875 0.1123046875
0 0.62255859375 0.36669921875 0.02734375 0.029296875
0 0.57080078125 0.55810546875 0.0302734375 0.0302734375
0 0.58251953125 0.77783203125 0.021484375 0.021484375