1 0.61865234375 0.412109375 0.4609375 0.4326171875
1 0.41943359375 0.7978515625 0.4931640625 0.404296875
2 0.2900390625 0.77587890625 0.0791015625 0.0693359375
2 0.29541015625 0.833984375 0.126953125 0.0966796875
2 0.26123046875 0.876953125 0.1025390625 0.0859375
2 0.421875 0.7685546875 0.2333984375 0.1611328125
2 0.4404296875 0.71728515625 0.23046875 0.16015625
2 0.458984375 0.85791015625 0.1279296875 0.0986328125
2 0.5615234375 0.9072265625 0.1015625 0.0859375
2 0.5830078125 0.8564453125 0.1015625 0.080078125
2 0.62109375 0.435546875 0.412109375 0.291015625
2 0.53076171875 0.29345703125 0.1484375 0.130859375
1 0.8896484375 0.904296875 0.220703125 0.14453125
2 0.84033203125 0.95654296875 0.072265625 0.037109375
2 0.93408203125 0.908203125 0.1318359375 0.12109375
2 0.9453125 0.9443359375 0.08984375 0.044921875