1 0.4169921875 0.35302734375 0.625 0.7060546875
1 0.546875 0.31201171875 0.572265625 0.6240234375
1 0.69970703125 0.45166015625 0.1298828125 0.1435546875
1 0.6044921875 0.3251953125 0.1298828125 0.142578125
1 0.45068359375 0.126953125 0.1298828125 0.1396484375
1 0.36669921875 0.0400390625 0.107421875 0.0732421875
3 0.2197265625 0.05859375 0.0341796875 0.03515625
3 0.32421875 0.19580078125 0.0283203125 0.02734375
3 0.51220703125 0.4375 0.03125 0.02734375
3 0.6162109375 0.572265625 0.029296875 0.0302734375
0 0.18505859375 0.08544921875 0.01953125 0.01953125
0 0.333984375 0.2724609375 0.009765625 0.01171875
0 0.453125 0.4296875 0.013671875 0.0244140625
0 0.5830078125 0.60009765625 0.01953125 0.021484375
1 0.845703125 0.12255859375 0.2421875 0.2451171875
1 0.92431640625 0.142578125 0.1337890625 0.28515625
3 0.95166015625 0.2158203125 0.037109375 0.0390625
3 0.8056640625 0.15966796875 0.0380859375 0.037109375
0 0.9248046875 0.03759765625 0.025390625 0.0244140625
1 0.8359375 0.0771484375 0.119140625 0.1318359375
3 0.970703125 0.14013671875 0.021484375 0.025390625
3 0.97900390625 0.107421875 0.0146484375 0.0224609375