1 0.794921875 0.8193359375 0.39453125 0.361328125
1 0.654296875 0.86279296875 0.263671875 0.2744140625
1 0.5390625 0.4267578125 0.3466796875 0.240234375
1 0.46826171875 0.3212890625 0.3408203125 0.3017578125
1 0.51220703125 0.5615234375 0.2138671875 0.2158203125
1 0.98291015625 0.1875 0.0341796875 0.275390625
1 0.94091796875 0.11669921875 0.1181640625 0.1943359375
1 0.8720703125 0.18359375 0.236328125 0.2607421875
3 0.8447265625 0.94873046875 0.0966796875 0.080078125
3 0.69384765625 0.94482421875 0.03515625 0.0361328125
3 0.65869140625 0.876953125 0.0341796875 0.033203125
3 0.61474609375 0.80859375 0.03515625 0.0322265625
0 0.78271484375 0.9345703125 0.0419921875 0.04296875
0 0.64697265625 0.9423828125 0.0390625 0.0439453125
0 0.51806640625 0.56982421875 0.0703125 0.08203125
0 0.40087890625 0.283203125 0.087890625 0.0830078125
0 0.5107421875 0.44873046875 0.05078125 0.0458984375
0 0.57275390625 0.42236328125 0.0634765625 0.052734375
0 0.40771484375 0.4111328125 0.0244140625 0.0263671875
0 0.49267578125 0.34033203125 0.0263671875 0.0283203125
0 0.4873046875 0.2666015625 0.060546875 0.0595703125