1 0.50146484375 0.75537109375 0.3798828125 0.4892578125
1 0.26708984375 0.32763671875 0.48046875 0.6474609375
3 0.373046875 0.53857421875 0.0341796875 0.0322265625
3 0.322265625 0.43603515625 0.0205078125 0.021484375
3 0.2880859375 0.35791015625 0.021484375 0.0234375
3 0.25830078125 0.294921875 0.0341796875 0.0302734375
3 0.21875 0.19775390625 0.0234375 0.01953125
3 0.1884765625 0.13916015625 0.037109375 0.0322265625
3 0.1533203125 0.06640625 0.0166015625 0.0234375
1 0.48876953125 0.26953125 0.4013671875 0.5390625
3 0.41455078125 0.0263671875 0.017578125 0.0234375
3 0.4501953125 0.099609375 0.0283203125 0.0244140625
3 0.47802734375 0.16650390625 0.029296875 0.029296875
3 0.50439453125 0.22265625 0.0224609375 0.0302734375
3 0.5703125 0.3056640625 0.041015625 0.04296875
3 0.5771484375 0.37841796875 0.0361328125 0.0390625
1 0.72607421875 0.71142578125 0.451171875 0.5693359375
3 0.6083984375 0.4326171875 0.0546875 0.048828125
3 0.41796875 0.62109375 0.02734375 0.0419921875
3 0.6494140625 0.52880859375 0.0380859375 0.03515625
3 0.6884765625 0.61328125 0.025390625 0.029296875
3 0.79541015625 0.6904296875 0.044921875 0.044921875
3 0.77734375 0.79833984375 0.0361328125 0.041015625
3 0.8232421875 0.8984375 0.04296875 0.037109375
3 0.56103515625 0.9326171875 0.0283203125 0.025390625
3 0.52099609375 0.8583984375 0.0380859375 0.03515625
3 0.4541015625 0.71240234375 0.03125 0.0341796875
3 0.49755859375 0.7978515625 0.033203125 0.0302734375
0 0.646484375 0.7822265625 0.0537109375 0.04296875
0 0.36962890625 0.18603515625 0.048828125 0.048828125
0 0.392578125 0.16845703125 0.0224609375 0.0244140625
0 0.3759765625 0.14599609375 0.0263671875 0.029296875
1 0.736328125 0.94970703125 0.1572265625 0.068359375
0 0.701171875 0.8994140625 0.0390625 0.02734375
0 0.52392578125 0.50244140625 0.0205078125 0.0244140625
0 0.5439453125 0.50927734375 0.01953125 0.025390625
0 0.376953125 0.33154296875 0.0341796875 0.0302734375
0 0.20263671875 0.0576171875 0.033203125 0.052734375
1 0.6044921875 0.2880859375 0.044921875 0.0791015625
1 0.2607421875 0.04931640625 0.087890625 0.048828125