1 0.56787109375 0.60107421875 0.1259765625 0.1455078125
1 0.41162109375 0.50390625 0.1708984375 0.1015625
1 0.4091796875 0.6123046875 0.177734375 0.181640625
1 0.474609375 0.63330078125 0.134765625 0.2216796875
1 0.525390625 0.4814453125 0.306640625 0.232421875
1 0.5576171875 0.412109375 0.166015625 0.16796875
1 0.4716796875 0.34619140625 0.12109375 0.1240234375
3 0.43505859375 0.40771484375 0.0263671875 0.0283203125
2 0.6337890625 0.51318359375 0.021484375 0.0244140625
2 0.478515625 0.4189453125 0.015625 0.01953125
2 0.59912109375 0.48388671875 0.0166015625 0.0146484375
1 0.26220703125 0.64990234375 0.1318359375 0.1181640625