1 0.39990234375 0.4619140625 0.5595703125 0.677734375
1 0.67626953125 0.53857421875 0.431640625 0.4462890625
1 0.4912109375 0.740234375 0.3076171875 0.3310546875
0 0.44482421875 0.357421875 0.0380859375 0.041015625
0 0.34375 0.453125 0.0361328125 0.0341796875
0 0.36474609375 0.7080078125 0.025390625 0.0283203125
3 0.41845703125 0.21240234375 0.0341796875 0.0322265625
3 0.39501953125 0.2412109375 0.033203125 0.03125
3 0.3701171875 0.27197265625 0.033203125 0.03515625
0 0.40283203125 0.49560546875 0.03125 0.0283203125
0 0.275390625 0.66650390625 0.01953125 0.0185546875
0 0.6728515625 0.59326171875 0.01953125 0.0205078125