1 0.64697265625 0.24951171875 0.298828125 0.3544921875
1 0.560546875 0.2939453125 0.263671875 0.3212890625
1 0.45849609375 0.2431640625 0.158203125 0.1318359375
1 0.57568359375 0.40380859375 0.099609375 0.19140625
1 0.49658203125 0.39013671875 0.0966796875 0.1591796875
1 0.4619140625 0.3017578125 0.1376953125 0.125
1 0.43701171875 0.48388671875 0.298828125 0.2705078125
1 0.3330078125 0.3095703125 0.2607421875 0.3076171875
1 0.1494140625 0.322265625 0.1865234375 0.1826171875
1 0.19677734375 0.40673828125 0.1767578125 0.1513671875
1 0.0927734375 0.42041015625 0.1298828125 0.1513671875
0 0.08056640625 0.37109375 0.0263671875 0.0234375
0 0.11962890625 0.43505859375 0.02734375 0.0283203125
0 0.080078125 0.32958984375 0.0234375 0.0244140625
1 0.36328125 0.27734375 0.0693359375 0.080078125
1 0.42041015625 0.52734375 0.107421875 0.1103515625
1 0.50537109375 0.47900390625 0.09765625 0.1025390625
0 0.4365234375 0.373046875 0.021484375 0.0234375
0 0.46337890625 0.34033203125 0.0263671875 0.02734375
0 0.32958984375 0.28173828125 0.0244140625 0.0244140625
0 0.32958984375 0.251953125 0.013671875 0.015625
0 0.3681640625 0.29736328125 0.013671875 0.0146484375
0 0.61279296875 0.197265625 0.0146484375 0.017578125
0 0.6416015625 0.24755859375 0.015625 0.017578125
0 0.6767578125 0.306640625 0.017578125 0.0166015625
1 0.85546875 0.162109375 0.2890625 0.302734375
1 0.9853515625 0.3037109375 0.029296875 0.11328125
1 0.82080078125 0.13037109375 0.0791015625 0.08984375
1 0.89697265625 0.17919921875 0.078125 0.0908203125
0 0.919921875 0.0751953125 0.0595703125 0.0458984375
0 0.974609375 0.240234375 0.03125 0.02734375
0 0.9228515625 0.1328125 0.013671875 0.0146484375
1 0.96630859375 0.06005859375 0.0673828125 0.0771484375
1 0.0810546875 0.91748046875 0.162109375 0.1298828125
1 0.2900390625 0.91845703125 0.2890625 0.1572265625
1 0.57373046875 0.9287109375 0.2978515625 0.142578125
1 0.83251953125 0.92626953125 0.2333984375 0.1474609375
1 0.955078125 0.92626953125 0.052734375 0.1474609375
0 0.9404296875 0.96728515625 0.017578125 0.0205078125
0 0.310546875 0.29541015625 0.013671875 0.0146484375