2 0.544921875 0.3857421875 0.7119140625 0.2353515625
2 0.52490234375 0.529296875 0.703125 0.21875
3 0.6728515625 0.50244140625 0.0244140625 0.02734375
3 0.6767578125 0.56396484375 0.021484375 0.025390625
3 0.58056640625 0.556640625 0.0244140625 0.0283203125
3 0.53759765625 0.5361328125 0.0185546875 0.021484375
3 0.48193359375 0.541015625 0.017578125 0.01953125
3 0.38671875 0.52197265625 0.021484375 0.0244140625
3 0.4140625 0.462890625 0.0283203125 0.0263671875
3 0.41748046875 0.5244140625 0.0224609375 0.025390625
1 0.53515625 0.45068359375 0.751953125 0.396484375