1 0.5517578125 0.52294921875 0.181640625 0.2529296875
1 0.4365234375 0.49072265625 0.1796875 0.2529296875
1 0.81591796875 0.63916015625 0.2041015625 0.3193359375
1 0.91748046875 0.6689453125 0.1630859375 0.30859375
1 0.9599609375 0.68603515625 0.080078125 0.2998046875
1 0.11181640625 0.384765625 0.1806640625 0.25
1 0.23046875 0.419921875 0.1796875 0.240234375
3 0.45849609375 0.45166015625 0.0908203125 0.0654296875
0 0.48974609375 0.4765625 0.0185546875 0.01953125
3 0.20556640625 0.42919921875 0.0361328125 0.0380859375
3 0.947265625 0.57958984375 0.033203125 0.0322265625
3 0.9287109375 0.6494140625 0.037109375 0.03515625
3 0.8076171875 0.5595703125 0.01953125 0.017578125
1 0.74853515625 0.947265625 0.1181640625 0.0703125
1 0.77392578125 0.9716796875 0.0654296875 0.056640625
1 0.701171875 0.9560546875 0.07421875 0.087890625
1 0.708984375 0.99072265625 0.091796875 0.0185546875
1 0.17724609375 0.56982421875 0.1044921875 0.0673828125
1 0.19677734375 0.62890625 0.0712890625 0.11328125
1 0.13427734375 0.6416015625 0.1201171875 0.078125
1 0.11572265625 0.58935546875 0.0849609375 0.1142578125
2 0.8759765625 0.091796875 0.2265625 0.18359375
3 0.18603515625 0.61083984375 0.0263671875 0.0224609375
3 0.1455078125 0.63525390625 0.02734375 0.0361328125