1 0.49609375 0.40380859375 0.9921875 0.8076171875
0 0.19775390625 0.1435546875 0.0302734375 0.02734375
0 0.46533203125 0.4599609375 0.0283203125 0.02734375
0 0.29345703125 0.0498046875 0.0166015625 0.017578125
0 0.341796875 0.01806640625 0.015625 0.0126953125
0 0.37890625 0.12548828125 0.015625 0.0166015625
0 0.41650390625 0.1845703125 0.0283203125 0.02734375
0 0.47119140625 0.22705078125 0.0205078125 0.0185546875
0 0.54248046875 0.333984375 0.0166015625 0.015625
0 0.57421875 0.38671875 0.01171875 0.013671875
0 0.625 0.34619140625 0.017578125 0.0126953125
0 0.65771484375 0.466796875 0.0126953125 0.01171875
0 0.68359375 0.5322265625 0.015625 0.01953125
0 0.69921875 0.546875 0.015625 0.013671875
0 0.732421875 0.560546875 0.017578125 0.015625
0 0.86865234375 0.46142578125 0.0146484375 0.0107421875