1 0.16259765625 0.4365234375 0.2275390625 0.2080078125
1 0.31396484375 0.46826171875 0.14453125 0.2978515625
1 0.47265625 0.65771484375 0.310546875 0.2734375
1 0.5166015625 0.45751953125 0.1767578125 0.1904296875
1 0.4033203125 0.48876953125 0.1083984375 0.23046875
1 0.2197265625 0.65478515625 0.3056640625 0.3291015625
1 0.232421875 0.6787109375 0.095703125 0.0419921875
1 0.22119140625 0.72021484375 0.076171875 0.07421875
1 0.26513671875 0.71142578125 0.0419921875 0.0869140625
1 0.11376953125 0.1357421875 0.087890625 0.0771484375
1 0.1123046875 0.072265625 0.18359375 0.0869140625
1 0.04638671875 0.13623046875 0.0927734375 0.1884765625
3 0.1171875 0.04833984375 0.0361328125 0.025390625
2 0.03466796875 0.0849609375 0.0634765625 0.0830078125
2 0.0185546875 0.18212890625 0.037109375 0.0615234375
0 0.30859375 0.5283203125 0.0126953125 0.01171875
3 0.33251953125 0.52685546875 0.03515625 0.037109375
0 0.439453125 0.62744140625 0.013671875 0.013671875
0 0.26171875 0.64453125 0.013671875 0.017578125
0 0.201171875 0.61962890625 0.021484375 0.021484375
0 0.17138671875 0.5625 0.0185546875 0.0205078125
0 0.36962890625 0.64208984375 0.0146484375 0.015625
0 0.39697265625 0.615234375 0.017578125 0.0166015625
0 0.35498046875 0.57421875 0.0166015625 0.0185546875
0 0.396484375 0.5537109375 0.0146484375 0.013671875
0 0.4228515625 0.58935546875 0.0146484375 0.0146484375
0 0.451171875 0.5615234375 0.01171875 0.01171875
0 0.45751953125 0.521484375 0.017578125 0.0166015625
0 0.2880859375 0.50439453125 0.0205078125 0.01953125
1 0.8486328125 0.85302734375 0.2763671875 0.25
1 0.716796875 0.923828125 0.224609375 0.1328125
2 0.8271484375 0.87451171875 0.2099609375 0.205078125
2 0.74560546875 0.92333984375 0.1416015625 0.119140625
3 0.93896484375 0.93359375 0.0361328125 0.0390625