1 0.16552734375 0.51953125 0.3310546875 0.234375
1 0.14453125 0.35546875 0.2890625 0.17578125
1 0.21484375 0.31298828125 0.142578125 0.1708984375
1 0.08984375 0.32763671875 0.14453125 0.171875
1 0.0126953125 0.2666015625 0.025390625 0.1796875
1 0.0185546875 0.38037109375 0.037109375 0.0732421875
1 0.486328125 0.40380859375 0.4150390625 0.287109375
1 0.46142578125 0.24658203125 0.3974609375 0.2138671875
1 0.92333984375 0.13916015625 0.091796875 0.1796875
1 0.83740234375 0.1630859375 0.1826171875 0.2138671875
1 0.70263671875 0.70556640625 0.216796875 0.26171875
1 0.5087890625 0.70654296875 0.255859375 0.220703125
1 0.486328125 0.75634765625 0.154296875 0.1064453125
1 0.72998046875 0.66796875 0.060546875 0.0537109375
3 0.49609375 0.685546875 0.0390625 0.021484375
1 0.490234375 0.88916015625 0.3046875 0.2216796875
3 0.5791015625 0.75634765625 0.025390625 0.025390625
1 0.7041015625 0.8798828125 0.2138671875 0.2177734375
3 0.689453125 0.75439453125 0.03125 0.0380859375
0 0.7392578125 0.900390625 0.0263671875 0.0263671875
1 0.61767578125 0.404296875 0.0498046875 0.05859375
1 0.52783203125 0.4287109375 0.0517578125 0.0615234375
1 0.43896484375 0.44775390625 0.0517578125 0.0546875
1 0.36767578125 0.46728515625 0.048828125 0.0595703125
1 0.259765625 0.5361328125 0.0458984375 0.068359375
1 0.1318359375 0.5498046875 0.0478515625 0.0693359375
1 0.18701171875 0.54638671875 0.0439453125 0.064453125
1 0.072265625 0.556640625 0.048828125 0.0693359375
1 0.37353515625 0.24658203125 0.048828125 0.052734375
1 0.43212890625 0.22509765625 0.044921875 0.0498046875
1 0.48828125 0.208984375 0.048828125 0.0458984375
1 0.5478515625 0.1962890625 0.046875 0.048828125
1 0.3076171875 0.25146484375 0.048828125 0.0302734375
3 0.00439453125 0.314453125 0.0087890625 0.02734375