1 0.681640625 0.67529296875 0.296875 0.5166015625
1 0.3857421875 0.49072265625 0.296875 0.9306640625
1 0.5078125 0.345703125 0.23828125 0.16015625
1 0.4462890625 0.1552734375 0.1484375 0.267578125
1 0.55615234375 0.81787109375 0.5439453125 0.2939453125
1 0.52001953125 0.75244140625 0.1376953125 0.1201171875
0 0.5029296875 0.64697265625 0.029296875 0.0341796875
3 0.46923828125 0.619140625 0.0361328125 0.037109375
3 0.396484375 0.68212890625 0.033203125 0.0361328125
3 0.62646484375 0.71337890625 0.0380859375 0.0322265625
3 0.6396484375 0.57177734375 0.029296875 0.0224609375
0 0.42431640625 0.45166015625 0.0302734375 0.0244140625
0 0.40771484375 0.64697265625 0.0263671875 0.0283203125
0 0.38671875 0.451171875 0.017578125 0.015625
0 0.40087890625 0.41845703125 0.0185546875 0.0205078125
0 0.3525390625 0.64453125 0.029296875 0.01953125
0 0.556640625 0.505859375 0.03125 0.0390625
0 0.58154296875 0.671875 0.0205078125 0.02734375
0 0.30908203125 0.1923828125 0.0302734375 0.029296875
0 0.6650390625 0.900390625 0.02734375 0.01953125
0 0.4697265625 0.91162109375 0.025390625 0.0166015625
1 0.3798828125 0.3349609375 0.087890625 0.09375