1 0.34765625 0.49853515625 0.208984375 0.4345703125
1 0.51416015625 0.46044921875 0.3095703125 0.4228515625
1 0.50390625 0.5078125 0.1015625 0.095703125
1 0.3486328125 0.576171875 0.103515625 0.15625
0 0.29345703125 0.44677734375 0.0380859375 0.0732421875
0 0.4150390625 0.6044921875 0.015625 0.015625
3 0.43994140625 0.41748046875 0.0263671875 0.0166015625
0 0.43994140625 0.55712890625 0.0205078125 0.0185546875
0 0.41357421875 0.44921875 0.0107421875 0.01171875
1 0.39501953125 0.30224609375 0.0400390625 0.0302734375
3 0.53662109375 0.59912109375 0.0380859375 0.0341796875
0 0.6318359375 0.62548828125 0.009765625 0.0146484375
1 0.46240234375 0.880859375 0.2998046875 0.23828125
0 0.5078125 0.63671875 0.013671875 0.01171875
1 0.908203125 0.31396484375 0.18359375 0.1435546875
1 0.9052734375 0.21337890625 0.189453125 0.1220703125
1 0.74658203125 0.0634765625 0.1943359375 0.083984375
1 0.16357421875 0.083984375 0.1748046875 0.16796875
1 0.34716796875 0.07421875 0.2353515625 0.1484375
0 0.337890625 0.03271484375 0.03515625 0.0361328125
0 0.29345703125 0.0341796875 0.0205078125 0.015625
3 0.158203125 0.02294921875 0.021484375 0.0224609375
1 0.90283203125 0.85009765625 0.1181640625 0.2705078125
3 0.9189453125 0.8662109375 0.021484375 0.03125
0 0.88916015625 0.919921875 0.0146484375 0.013671875
0 0.90576171875 0.74560546875 0.0107421875 0.0146484375