1 0.08251953125 0.3544921875 0.1650390625 0.439453125
1 0.0166015625 0.3564453125 0.033203125 0.42578125
1 0.10107421875 0.65283203125 0.1103515625 0.17578125
1 0.03564453125 0.65966796875 0.0625 0.1748046875
1 0.42724609375 0.4462890625 0.123046875 0.134765625
1 0.4306640625 0.4453125 0.1259765625 0.1328125
1 0.546875 0.44189453125 0.12890625 0.126953125
1 0.5478515625 0.439453125 0.12890625 0.1298828125
1 0.55029296875 0.56298828125 0.1220703125 0.1328125
1 0.55419921875 0.56396484375 0.1279296875 0.1328125
1 0.43505859375 0.568359375 0.1328125 0.1279296875
1 0.43359375 0.5703125 0.1328125 0.1298828125
1 0.7431640625 0.55712890625 0.1337890625 0.130859375
1 0.7421875 0.55224609375 0.1328125 0.134765625
1 0.86181640625 0.5498046875 0.1298828125 0.1376953125
1 0.859375 0.5498046875 0.126953125 0.1337890625
1 0.85400390625 0.42529296875 0.125 0.12890625
1 0.8564453125 0.42626953125 0.126953125 0.1328125
1 0.73486328125 0.43310546875 0.125 0.1337890625
1 0.73681640625 0.4306640625 0.12890625 0.126953125
1 0.4794921875 0.13525390625 0.1640625 0.2705078125
1 0.6162109375 0.13671875 0.15625 0.2734375
1 0.54248046875 0.009765625 0.0517578125 0.01953125
1 0.54248046875 0.21728515625 0.2724609375 0.1337890625
0 0.55859375 0.13623046875 0.0322265625 0.0439453125
0 0.41162109375 0.580078125 0.0205078125 0.021484375
0 0.88623046875 0.556640625 0.0185546875 0.02734375
0 0.44140625 0.052734375 0.0146484375 0.0166015625