1 0.39306640625 0.5439453125 0.2568359375 0.201171875
1 0.46630859375 0.49462890625 0.1982421875 0.2861328125
1 0.5693359375 0.5556640625 0.091796875 0.173828125
1 0.4375 0.66943359375 0.162109375 0.0986328125
1 0.60595703125 0.6064453125 0.1689453125 0.08203125
1 0.47607421875 0.72314453125 0.0927734375 0.1611328125
1 0.57373046875 0.779296875 0.2099609375 0.26953125
1 0.6513671875 0.72900390625 0.2578125 0.2138671875
3 0.4677734375 0.4443359375 0.03125 0.029296875
3 0.3701171875 0.5771484375 0.033203125 0.029296875
3 0.548828125 0.79931640625 0.029296875 0.0283203125
3 0.693359375 0.732421875 0.033203125 0.029296875
0 0.71826171875 0.7138671875 0.0185546875 0.015625
0 0.6474609375 0.63818359375 0.0234375 0.0185546875
0 0.47216796875 0.599609375 0.0205078125 0.017578125
0 0.4638671875 0.39306640625 0.013671875 0.0146484375