1 0.4697265625 0.40966796875 0.205078125 0.3310546875
1 0.392578125 0.45947265625 0.2626953125 0.275390625
1 0.6484375 0.384765625 0.337890625 0.3388671875
1 0.69921875 0.49462890625 0.384765625 0.259765625
1 0.64404296875 0.63916015625 0.244140625 0.25
1 0.56591796875 0.67431640625 0.1845703125 0.2607421875
1 0.40234375 0.7109375 0.3369140625 0.306640625
1 0.349609375 0.59912109375 0.396484375 0.30078125
3 0.6728515625 0.32666015625 0.0400390625 0.0458984375
3 0.59521484375 0.37744140625 0.08984375 0.076171875
3 0.33935546875 0.5517578125 0.08984375 0.076171875
3 0.2666015625 0.60546875 0.048828125 0.0556640625
3 0.4853515625 0.35009765625 0.0302734375 0.0322265625
0 0.45068359375 0.4423828125 0.046875 0.046875
0 0.49755859375 0.5 0.02734375 0.0244140625
0 0.48095703125 0.513671875 0.0263671875 0.0263671875
0 0.43212890625 0.53369140625 0.0341796875 0.0283203125
2 0.3896484375 0.68310546875 0.271484375 0.1875
3 0.30908203125 0.6708984375 0.0302734375 0.0361328125
3 0.3828125 0.61572265625 0.0458984375 0.046875
3 0.4560546875 0.5791015625 0.03515625 0.0380859375
3 0.57421875 0.4990234375 0.0302734375 0.033203125
3 0.54736328125 0.45654296875 0.03125 0.0361328125
2 0.6953125 0.47705078125 0.26953125 0.1845703125
3 0.6376953125 0.4453125 0.052734375 0.0498046875
1 0.7802734375 0.48974609375 0.07421875 0.0791015625
1 0.70361328125 0.54150390625 0.0732421875 0.078125
0 0.5673828125 0.59326171875 0.0400390625 0.04296875
0 0.5478515625 0.61474609375 0.0322265625 0.03515625
1 0.45947265625 0.71240234375 0.0771484375 0.0830078125
1 0.37939453125 0.7666015625 0.076171875 0.0810546875