1 0.1044921875 0.056640625 0.208984375 0.11328125
1 0.09375 0.17626953125 0.1875 0.1904296875
1 0.42236328125 0.529296875 0.3505859375 0.203125
1 0.4501953125 0.3935546875 0.349609375 0.177734375
1 0.5068359375 0.2880859375 0.216796875 0.201171875
1 0.458984375 0.2763671875 0.166015625 0.22265625
1 0.87548828125 0.5322265625 0.2490234375 0.232421875
1 0.86376953125 0.69140625 0.2724609375 0.185546875
0 0.873046875 0.59765625 0.01171875 0.013671875
0 0.818359375 0.5810546875 0.0234375 0.01953125
3 0.05517578125 0.1982421875 0.0322265625 0.03515625
1 0.4072265625 0.63037109375 0.21484375 0.0849609375
1 0.02392578125 0.16162109375 0.0283203125 0.0263671875
0 0.455078125 0.48828125 0.021484375 0.02734375
0 0.40478515625 0.47802734375 0.0244140625 0.0283203125