1 0.09814453125 0.16357421875 0.1962890625 0.2060546875
1 0.63134765625 0.42333984375 0.26171875 0.5146484375
1 0.49755859375 0.40234375 0.2958984375 0.5
1 0.4541015625 0.45263671875 0.130859375 0.0947265625
1 0.44482421875 0.49365234375 0.1572265625 0.0751953125
2 0.4609375 0.57373046875 0.0595703125 0.064453125
0 0.49462890625 0.52685546875 0.046875 0.03125
0 0.52783203125 0.458984375 0.0439453125 0.0419921875
0 0.478515625 0.4462890625 0.0185546875 0.0166015625
0 0.60009765625 0.47265625 0.03125 0.0380859375
0 0.63525390625 0.51611328125 0.0263671875 0.044921875
1 0.078125 0.35546875 0.15625 0.28515625
1 0.13232421875 0.1142578125 0.087890625 0.056640625
1 0.0849609375 0.29541015625 0.080078125 0.0654296875