1 0.169921875 0.19873046875 0.318359375 0.32421875
1 0.1826171875 0.25244140625 0.107421875 0.095703125
1 0.14208984375 0.2890625 0.044921875 0.0498046875
1 0.078125 0.2275390625 0.05078125 0.0498046875
1 0.115234375 0.19091796875 0.1064453125 0.0986328125
1 0.0849609375 0.1259765625 0.169921875 0.1640625
1 0.29248046875 0.11962890625 0.31640625 0.2255859375
1 0.28271484375 0.30908203125 0.236328125 0.2236328125
1 0.2548828125 0.33251953125 0.0732421875 0.072265625
1 0.24755859375 0.32470703125 0.0869140625 0.0546875
1 0.44140625 0.14892578125 0.283203125 0.2685546875
1 0.4765625 0.08642578125 0.1240234375 0.1376953125
1 0.494140625 0.10791015625 0.1484375 0.099609375
1 0.3115234375 0.56884765625 0.173828125 0.185546875
1 0.365234375 0.48193359375 0.1494140625 0.16015625
1 0.4443359375 0.6162109375 0.2431640625 0.2294921875
1 0.5234375 0.43701171875 0.3017578125 0.302734375
1 0.56201171875 0.66455078125 0.1748046875 0.1962890625
1 0.56591796875 0.66943359375 0.0966796875 0.1142578125
1 0.68994140625 0.69482421875 0.25390625 0.2412109375
1 0.74169921875 0.55712890625 0.248046875 0.2255859375
1 0.64306640625 0.4775390625 0.267578125 0.279296875
1 0.65869140625 0.45068359375 0.1015625 0.1689453125
1 0.6865234375 0.4580078125 0.134765625 0.1494140625
1 0.85498046875 0.76025390625 0.2900390625 0.3193359375
1 0.89599609375 0.6103515625 0.2080078125 0.220703125
3 0.96728515625 0.63818359375 0.02734375 0.03125
3 0.89990234375 0.61181640625 0.0263671875 0.033203125
3 0.86376953125 0.599609375 0.0322265625 0.033203125
3 0.732421875 0.49755859375 0.0546875 0.052734375
3 0.48974609375 0.59130859375 0.0498046875 0.05078125
0 0.248046875 0.10693359375 0.029296875 0.0263671875
0 0.3173828125 0.0693359375 0.0244140625 0.0224609375
1 0.216796875 0.35400390625 0.033203125 0.0380859375
3 0.57470703125 0.39501953125 0.0283203125 0.0302734375
3 0.61962890625 0.5634765625 0.03125 0.0322265625
0 0.6572265625 0.57666015625 0.02734375 0.0283203125
0 0.5595703125 0.5498046875 0.0380859375 0.0380859375
0 0.810546875 0.658203125 0.025390625 0.02734375
0 0.39453125 0.626953125 0.015625 0.0166015625
1 0.74072265625 0.1943359375 0.4794921875 0.388671875
1 0.748046875 0.26708984375 0.2021484375 0.205078125
1 0.77880859375 0.29833984375 0.1630859375 0.193359375
1 0.84716796875 0.1484375 0.05859375 0.0556640625
1 0.8544921875 0.1572265625 0.048828125 0.0693359375
1 0.80419921875 0.1240234375 0.0625 0.056640625
1 0.81298828125 0.12841796875 0.048828125 0.0673828125
1 0.759765625 0.09619140625 0.0634765625 0.0576171875
1 0.76806640625 0.1015625 0.0498046875 0.0673828125
1 0.70654296875 0.0654296875 0.0576171875 0.0537109375
1 0.716796875 0.0693359375 0.0478515625 0.0673828125
1 0.66796875 0.0380859375 0.0615234375 0.056640625
1 0.67333984375 0.04345703125 0.05078125 0.0625
1 0.6220703125 0.0166015625 0.060546875 0.033203125
1 0.62841796875 0.0244140625 0.0498046875 0.048828125
3 0.7021484375 0.0078125 0.03515625 0.015625
0 0.74951171875 0.02880859375 0.021484375 0.021484375
3 0.798828125 0.01025390625 0.03125 0.0205078125
3 0.94189453125 0.248046875 0.029296875 0.029296875
0 0.85791015625 0.259765625 0.017578125 0.0146484375