1 0.3203125 0.55322265625 0.513671875 0.236328125
1 0.474609375 0.5859375 0.1181640625 0.111328125
1 0.38623046875 0.58154296875 0.107421875 0.1201171875
1 0.22607421875 0.5830078125 0.119140625 0.115234375
1 0.1396484375 0.57763671875 0.10546875 0.1240234375
1 0.32421875 0.4296875 0.5107421875 0.2451171875
1 0.224609375 0.4140625 0.1064453125 0.1259765625
1 0.13134765625 0.40869140625 0.123046875 0.1181640625
1 0.38427734375 0.41015625 0.1171875 0.1171875
1 0.4736328125 0.416015625 0.1064453125 0.1259765625
0 0.361328125 0.60546875 0.0234375 0.01953125
3 0.3837890625 0.51953125 0.025390625 0.025390625
3 0.35205078125 0.52099609375 0.025390625 0.0244140625
3 0.474609375 0.52099609375 0.0263671875 0.03125
3 0.5078125 0.5234375 0.0322265625 0.0283203125
3 0.53955078125 0.431640625 0.01953125 0.0244140625
3 0.484375 0.466796875 0.03515625 0.0234375
3 0.375 0.46630859375 0.033203125 0.0244140625
3 0.2373046875 0.4658203125 0.025390625 0.0244140625
3 0.126953125 0.46484375 0.0302734375 0.0224609375
3 0.134765625 0.51708984375 0.0263671875 0.0263671875
3 0.10302734375 0.517578125 0.02734375 0.025390625
3 0.22509765625 0.51904296875 0.0263671875 0.025390625
3 0.2578125 0.5205078125 0.03125 0.0283203125
0 0.2421875 0.6025390625 0.015625 0.0205078125
0 0.11376953125 0.60595703125 0.0234375 0.0234375
0 0.32080078125 0.43017578125 0.01953125 0.0205078125
0 0.29248046875 0.42919921875 0.0166015625 0.017578125
0 0.49560546875 0.60693359375 0.01953125 0.017578125
1 0.03955078125 0.5625 0.0791015625 0.154296875
1 0.04052734375 0.42626953125 0.0810546875 0.1455078125
1 0.08203125 0.052734375 0.07421875 0.10546875
3 0.01025390625 0.51708984375 0.0205078125 0.0224609375
0 0.044921875 0.4306640625 0.01171875 0.015625
1 0.2685546875 0.67822265625 0.0888671875 0.1025390625