1 0.580078125 0.63525390625 0.232421875 0.3271484375
1 0.4375 0.57470703125 0.341796875 0.3583984375
1 0.5791015625 0.65087890625 0.0859375 0.0888671875
1 0.4345703125 0.58740234375 0.115234375 0.0830078125
1 0.3935546875 0.6455078125 0.107421875 0.087890625
0 0.4326171875 0.54638671875 0.041015625 0.0361328125
1 0.3359375 0.8505859375 0.216796875 0.263671875
1 0.43359375 0.75341796875 0.078125 0.0986328125
1 0.2177734375 0.7822265625 0.27734375 0.3046875
1 0.34375 0.86083984375 0.091796875 0.0869140625
1 0.37890625 0.80126953125 0.08984375 0.0908203125
1 0.1669921875 0.8427734375 0.095703125 0.078125
1 0.21142578125 0.7744140625 0.1005859375 0.087890625
0 0.224609375 0.71240234375 0.048828125 0.0380859375
1 0.08984375 0.88916015625 0.1796875 0.1396484375
1 0.05810546875 0.921875 0.1162109375 0.052734375
1 0.11181640625 0.42626953125 0.2236328125 0.2333984375
1 0.1376953125 0.291015625 0.236328125 0.275390625
1 0.0517578125 0.42529296875 0.09765625 0.0986328125
1 0.13818359375 0.296875 0.0712890625 0.1015625
1 0.07763671875 0.259765625 0.0751953125 0.09765625
1 0.580078125 0.1796875 0.333984375 0.244140625
1 0.576171875 0.18408203125 0.1015625 0.1025390625
1 0.65771484375 0.09619140625 0.2568359375 0.1865234375
1 0.6640625 0.05712890625 0.072265625 0.0849609375
1 0.60009765625 0.037109375 0.0693359375 0.060546875
1 0.51025390625 0.166015625 0.0400390625 0.03515625
1 0.70263671875 0.06103515625 0.0166015625 0.0244140625
1 0.3935546875 0.06787109375 0.29296875 0.1357421875
1 0.408203125 0.03759765625 0.115234375 0.0751953125
1 0.32373046875 0.0126953125 0.0634765625 0.025390625
1 0.36181640625 0.01318359375 0.0341796875 0.0263671875