1 0.4609375 0.4169921875 0.447265625 0.2890625
1 0.51416015625 0.5458984375 0.4423828125 0.279296875
1 0.59375 0.58154296875 0.208984375 0.1962890625
1 0.486328125 0.587890625 0.162109375 0.212890625
3 0.47705078125 0.37890625 0.0341796875 0.033203125
3 0.42529296875 0.40283203125 0.0361328125 0.0380859375
3 0.345703125 0.431640625 0.048828125 0.041015625
0 0.39990234375 0.50927734375 0.0361328125 0.0224609375
0 0.49267578125 0.59033203125 0.0322265625 0.0263671875
0 0.4599609375 0.60791015625 0.017578125 0.0126953125
0 0.42626953125 0.44677734375 0.0185546875 0.0166015625
1 0.1533203125 0.05810546875 0.13671875 0.1162109375
1 0.240234375 0.0390625 0.11328125 0.078125