1 0.43896484375 0.4189453125 0.2373046875 0.2734375
1 0.556640625 0.5078125 0.3134765625 0.3779296875
3 0.47265625 0.52197265625 0.04296875 0.0478515625
0 0.533203125 0.46923828125 0.029296875 0.0322265625
1 0.73583984375 0.08154296875 0.2001953125 0.1630859375
1 0.8173828125 0.15234375 0.251953125 0.3046875
2 0.8427734375 0.0791015625 0.14453125 0.158203125
0 0.88330078125 0.15673828125 0.052734375 0.048828125
0 0.58740234375 0.4013671875 0.0166015625 0.0166015625
1 0.24462890625 0.87109375 0.2763671875 0.2578125
1 0.1728515625 0.83837890625 0.220703125 0.3232421875
1 0.3779296875 0.96875 0.08203125 0.0625
1 0.42529296875 0.98046875 0.0693359375 0.0390625