1 0.6826171875 0.46240234375 0.634765625 0.6005859375
1 0.43359375 0.28662109375 0.861328125 0.5712890625
0 0.4736328125 0.6435546875 0.017578125 0.017578125
0 0.49658203125 0.59521484375 0.0126953125 0.0166015625
0 0.56884765625 0.6142578125 0.0224609375 0.029296875
0 0.60400390625 0.546875 0.0166015625 0.017578125
0 0.533203125 0.64013671875 0.025390625 0.0341796875
0 0.630859375 0.49658203125 0.01953125 0.0205078125
0 0.671875 0.46533203125 0.01953125 0.0205078125
0 0.7373046875 0.44921875 0.017578125 0.017578125
0 0.8046875 0.36865234375 0.017578125 0.0185546875
0 0.86572265625 0.35009765625 0.0205078125 0.0205078125
0 0.93505859375 0.2724609375 0.0185546875 0.021484375
0 0.99267578125 0.2548828125 0.0146484375 0.017578125
0 0.11279296875 0.44775390625 0.0146484375 0.0185546875
0 0.17919921875 0.44189453125 0.0185546875 0.0205078125
0 0.24267578125 0.34912109375 0.0146484375 0.0126953125
0 0.3076171875 0.34619140625 0.017578125 0.0185546875
0 0.3740234375 0.2509765625 0.01953125 0.01953125
0 0.43896484375 0.24853515625 0.0185546875 0.0185546875
0 0.486328125 0.21630859375 0.017578125 0.0166015625
0 0.50439453125 0.1533203125 0.0126953125 0.0234375
0 0.61474609375 0.11767578125 0.0205078125 0.0166015625
0 0.63671875 0.05859375 0.017578125 0.017578125
0 0.7431640625 0.01953125 0.017578125 0.01953125