1 0.59765625 0.6962890625 0.298828125 0.32421875
1 0.48779296875 0.61328125 0.2958984375 0.34375
1 0.37060546875 0.86962890625 0.4423828125 0.2607421875
1 0.203125 0.93115234375 0.275390625 0.1376953125
3 0.24853515625 0.8232421875 0.0498046875 0.046875
3 0.14892578125 0.962890625 0.0537109375 0.046875
2 0.1884765625 0.93701171875 0.08984375 0.0810546875
3 0.3837890625 0.91845703125 0.076171875 0.0693359375
3 0.49951171875 0.98974609375 0.0439453125 0.0205078125
2 0.52734375 0.74365234375 0.0859375 0.0810546875
3 0.55712890625 0.78076171875 0.0380859375 0.0400390625
2 0.6220703125 0.61767578125 0.08203125 0.0830078125
3 0.67041015625 0.6279296875 0.0439453125 0.041015625
3 0.52685546875 0.52880859375 0.0517578125 0.0537109375
3 0.48583984375 0.5849609375 0.0419921875 0.044921875
3 0.4599609375 0.61962890625 0.044921875 0.0400390625
3 0.41943359375 0.6787109375 0.0517578125 0.05078125
0 0.3046875 0.8916015625 0.025390625 0.021484375
0 0.42919921875 0.9794921875 0.0439453125 0.03125
0 0.59619140625 0.69384765625 0.0341796875 0.0400390625
1 0.89208984375 0.87890625 0.2158203125 0.2421875
3 0.96337890625 0.8447265625 0.0478515625 0.05078125
3 0.92138671875 0.900390625 0.0380859375 0.0390625
3 0.8955078125 0.93505859375 0.046875 0.0380859375
3 0.85400390625 0.98388671875 0.0498046875 0.0322265625
1 0.97900390625 0.74658203125 0.0419921875 0.0927734375