1 0.43701171875 0.44189453125 0.3974609375 0.3408203125
1 0.83447265625 0.70458984375 0.3271484375 0.3701171875
1 0.865234375 0.4853515625 0.26953125 0.22265625
1 0.0244140625 0.62353515625 0.048828125 0.1357421875
1 0.03857421875 0.53466796875 0.0771484375 0.0966796875
1 0.06103515625 0.4248046875 0.1220703125 0.220703125
3 0.78759765625 0.61669921875 0.021484375 0.0283203125
3 0.83447265625 0.62890625 0.0205078125 0.0283203125
3 0.90185546875 0.64697265625 0.0263671875 0.03125
3 0.82958984375 0.48486328125 0.0234375 0.0234375
3 0.88720703125 0.5234375 0.0263671875 0.0322265625
3 0.94091796875 0.51953125 0.025390625 0.0322265625
0 0.90771484375 0.5810546875 0.0380859375 0.033203125
0 0.90869140625 0.76513671875 0.015625 0.0146484375
3 0.37744140625 0.517578125 0.03125 0.033203125
3 0.43896484375 0.53466796875 0.0283203125 0.03125
2 0.46630859375 0.390625 0.2412109375 0.087890625
3 0.07470703125 0.41455078125 0.0302734375 0.029296875