1 0.30078125 0.4345703125 0.275390625 0.373046875
1 0.4423828125 0.37060546875 0.291015625 0.3798828125
1 0.2109375 0.47705078125 0.154296875 0.2626953125
1 0.72119140625 0.15234375 0.2353515625 0.3046875
1 0.86962890625 0.12451171875 0.2080078125 0.2490234375
1 0.8974609375 0.07666015625 0.142578125 0.1494140625
1 0.70263671875 0.146484375 0.1455078125 0.14453125
0 0.728515625 0.0927734375 0.021484375 0.01953125
0 0.201171875 0.31591796875 0.017578125 0.0224609375
0 0.32373046875 0.58740234375 0.0205078125 0.0244140625
0 0.54541015625 0.490234375 0.0185546875 0.021484375
0 0.3974609375 0.3916015625 0.015625 0.01953125
0 0.35009765625 0.404296875 0.0107421875 0.01171875