1 0.455078125 0.56396484375 0.3125 0.3056640625
1 0.55859375 0.4755859375 0.265625 0.30859375
1 0.4091796875 0.5703125 0.162109375 0.07421875
1 0.45263671875 0.61376953125 0.0791015625 0.1533203125
1 0.8330078125 0.6689453125 0.140625 0.150390625
1 0.7890625 0.70654296875 0.13671875 0.1494140625
3 0.6181640625 0.50732421875 0.02734375 0.0244140625
3 0.548828125 0.51416015625 0.0234375 0.0244140625
3 0.564453125 0.44775390625 0.02734375 0.0224609375
0 0.61865234375 0.486328125 0.0244140625 0.02734375
1 0.68994140625 0.0390625 0.0673828125 0.068359375
1 0.66748046875 0.0234375 0.0673828125 0.046875