1 0.4873046875 0.5634765625 0.505859375 0.744140625
1 0.38037109375 0.50537109375 0.4892578125 0.7548828125
3 0.3720703125 0.8359375 0.044921875 0.04296875
3 0.42626953125 0.7490234375 0.0302734375 0.029296875
3 0.4892578125 0.63671875 0.033203125 0.02734375
3 0.5048828125 0.6064453125 0.04296875 0.04296875
3 0.5537109375 0.5244140625 0.033203125 0.03125
3 0.61767578125 0.40625 0.0439453125 0.044921875
3 0.515625 0.21044921875 0.029296875 0.0302734375
3 0.45947265625 0.31591796875 0.0419921875 0.0458984375
3 0.39013671875 0.43408203125 0.0263671875 0.0283203125
3 0.32666015625 0.5458984375 0.0263671875 0.02734375
3 0.2646484375 0.65869140625 0.029296875 0.0322265625
3 0.20361328125 0.765625 0.0419921875 0.046875
0 0.35546875 0.6025390625 0.01953125 0.021484375
0 0.19677734375 0.83837890625 0.0107421875 0.0146484375
0 0.47314453125 0.51806640625 0.0283203125 0.0283203125
0 0.4833984375 0.37841796875 0.017578125 0.0166015625
0 0.5791015625 0.1796875 0.017578125 0.017578125