1 0.564453125 0.5048828125 0.7998046875 0.5927734375
1 0.52001953125 0.6181640625 0.80859375 0.5771484375
3 0.84912109375 0.5859375 0.0478515625 0.0498046875
3 0.75634765625 0.54296875 0.033203125 0.033203125
3 0.63720703125 0.494140625 0.03125 0.0361328125
3 0.60498046875 0.482421875 0.0478515625 0.0478515625
3 0.517578125 0.44384765625 0.03515625 0.037109375
3 0.392578125 0.39453125 0.0498046875 0.048828125
3 0.2109375 0.52001953125 0.033203125 0.033203125
3 0.322265625 0.5625 0.05078125 0.046875
3 0.44775390625 0.6171875 0.03125 0.029296875
3 0.56689453125 0.66650390625 0.0302734375 0.029296875
3 0.68603515625 0.71435546875 0.03515625 0.033203125
3 0.7998046875 0.76171875 0.0517578125 0.0478515625
0 0.61962890625 0.630859375 0.0234375 0.0224609375
0 0.873046875 0.759765625 0.015625 0.0126953125
0 0.52099609375 0.5244140625 0.03125 0.03125
0 0.38134765625 0.53125 0.0185546875 0.01953125
0 0.17236328125 0.46044921875 0.01953125 0.01953125