1 0.45751953125 0.6591796875 0.259765625 0.494140625
1 0.32373046875 0.64013671875 0.25390625 0.49609375
1 0.08203125 0.1533203125 0.1640625 0.259765625
3 0.08642578125 0.0625 0.0458984375 0.05078125
1 0.00634765625 0.1259765625 0.0126953125 0.185546875
3 0.3310546875 0.47412109375 0.0390625 0.0419921875
3 0.30517578125 0.65673828125 0.0380859375 0.044921875
3 0.28662109375 0.80517578125 0.037109375 0.0380859375
3 0.47119140625 0.681640625 0.037109375 0.0400390625
1 0.9482421875 0.51953125 0.103515625 0.177734375
2 0.9443359375 0.66943359375 0.111328125 0.1728515625
1 0.935546875 0.66943359375 0.12890625 0.1826171875
3 0.955078125 0.67822265625 0.037109375 0.0361328125
3 0.9814453125 0.50634765625 0.037109375 0.0478515625
0 0.46484375 0.59326171875 0.013671875 0.0107421875
0 0.466796875 0.57666015625 0.015625 0.0126953125
0 0.44384765625 0.740234375 0.009765625 0.01171875
0 0.05859375 0.12255859375 0.0146484375 0.0166015625