1 0.59521484375 0.43408203125 0.2197265625 0.2880859375
1 0.439453125 0.4365234375 0.146484375 0.291015625
1 0.57421875 0.099609375 0.3203125 0.197265625
1 0.435546875 0.65478515625 0.12890625 0.1533203125
1 0.548828125 0.6591796875 0.103515625 0.150390625
1 0.5107421875 0.71630859375 0.037109375 0.0302734375
1 0.55322265625 0.68994140625 0.0400390625 0.0380859375
1 0.54833984375 0.6064453125 0.0322265625 0.0390625
1 0.6376953125 0.06494140625 0.306640625 0.1142578125
0 0.548828125 0.4169921875 0.021484375 0.025390625
3 0.6552734375 0.14794921875 0.013671875 0.0400390625
3 0.5849609375 0.13037109375 0.029296875 0.0380859375
0 0.46728515625 0.09619140625 0.0380859375 0.0498046875