1 0.46533203125 0.3603515625 0.2021484375 0.2578125
1 0.6318359375 0.41796875 0.177734375 0.25390625
1 0.56591796875 0.30224609375 0.31640625 0.134765625
1 0.51806640625 0.4755859375 0.314453125 0.138671875
1 0.5263671875 0.169921875 0.2041015625 0.12109375
1 0.46044921875 0.18408203125 0.119140625 0.146484375
1 0.56884765625 0.208984375 0.1171875 0.1298828125
1 0.330078125 0.390625 0.1025390625 0.154296875
1 0.3486328125 0.3583984375 0.0869140625 0.0830078125
1 0.3271484375 0.43701171875 0.1015625 0.0791015625
2 0.62353515625 0.40283203125 0.0654296875 0.1064453125
3 0.5341796875 0.466796875 0.03125 0.033203125
3 0.56982421875 0.310546875 0.0283203125 0.029296875