1 0.54931640625 0.59912109375 0.2626953125 0.1630859375
1 0.4169921875 0.623046875 0.06640625 0.111328125
1 0.6259765625 0.52001953125 0.115234375 0.0791015625
1 0.39599609375 0.498046875 0.2041015625 0.2421875
1 0.54150390625 0.42822265625 0.2451171875 0.2353515625
1 0.390625 0.5458984375 0.060546875 0.052734375
1 0.3876953125 0.529296875 0.0625 0.03125
1 0.35888671875 0.47998046875 0.0615234375 0.0537109375
1 0.35693359375 0.4609375 0.0576171875 0.033203125
1 0.3046875 0.3056640625 0.23046875 0.2890625
1 0.3115234375 0.37109375 0.0625 0.060546875
1 0.30615234375 0.35400390625 0.0673828125 0.0322265625
1 0.57373046875 0.45654296875 0.0751953125 0.0380859375
1 0.56982421875 0.42919921875 0.0615234375 0.0693359375
1 0.5458984375 0.390625 0.072265625 0.037109375
1 0.53857421875 0.3662109375 0.0595703125 0.0703125
1 0.4658203125 0.23046875 0.294921875 0.2890625
1 0.50048828125 0.283203125 0.0810546875 0.041015625
1 0.490234375 0.25830078125 0.06640625 0.0693359375
1 0.4580078125 0.1982421875 0.080078125 0.037109375
1 0.4482421875 0.17333984375 0.068359375 0.0712890625
0 0.494140625 0.21826171875 0.02734375 0.0244140625
0 0.4052734375 0.3759765625 0.017578125 0.01953125
0 0.46630859375 0.52099609375 0.0302734375 0.0361328125
3 0.2490234375 0.25927734375 0.04296875 0.0478515625
3 0.27783203125 0.3779296875 0.0263671875 0.03515625
3 0.6123046875 0.4375 0.025390625 0.033203125
3 0.5810546875 0.3740234375 0.0234375 0.03125
3 0.54052734375 0.26025390625 0.0380859375 0.0419921875
3 0.4990234375 0.17626953125 0.041015625 0.0400390625