1 0.36669921875 0.5625 0.3330078125 0.31640625
1 0.45361328125 0.66748046875 0.3408203125 0.3037109375
0 0.30322265625 0.72314453125 0.0185546875 0.0166015625
0 0.3896484375 0.6103515625 0.01171875 0.009765625
0 0.4052734375 0.59326171875 0.013671875 0.0146484375
3 0.39892578125 0.5556640625 0.0322265625 0.033203125
3 0.35595703125 0.5927734375 0.0322265625 0.03125
0 0.63330078125 0.40478515625 0.3037109375 0.2919921875
1 0.83154296875 0.17626953125 0.3369140625 0.3173828125
1 0.87744140625 0.28515625 0.2451171875 0.306640625
3 0.86572265625 0.1728515625 0.0283203125 0.03125
3 0.822265625 0.2080078125 0.025390625 0.025390625
0 0.85693359375 0.22265625 0.0107421875 0.013671875
0 0.8740234375 0.21044921875 0.017578125 0.0146484375
0 0.77978515625 0.3330078125 0.0419921875 0.04296875