1 0.55908203125 0.462890625 0.380859375 0.3818359375
1 0.4404296875 0.521484375 0.3212890625 0.34375
1 0.59619140625 0.6533203125 0.126953125 0.1337890625
1 0.6298828125 0.93408203125 0.181640625 0.1318359375
1 0.7802734375 0.9130859375 0.203125 0.173828125
1 0.88232421875 0.8818359375 0.2080078125 0.236328125
0 0.52978515625 0.396484375 0.0244140625 0.025390625
0 0.5009765625 0.5263671875 0.0234375 0.0283203125
0 0.37353515625 0.408203125 0.0263671875 0.0263671875
0 0.82080078125 0.853515625 0.052734375 0.046875
0 0.88525390625 0.97705078125 0.0673828125 0.0458984375