1 0.5166015625 0.3505859375 0.6728515625 0.3466796875
1 0.26708984375 0.537109375 0.1025390625 0.14453125
1 0.71826171875 0.43408203125 0.306640625 0.189453125
1 0.39013671875 0.7001953125 0.4130859375 0.3916015625
1 0.4208984375 0.525390625 0.30078125 0.177734375
1 0.16650390625 0.578125 0.1650390625 0.1650390625
1 0.216796875 0.6787109375 0.134765625 0.119140625
3 0.203125 0.67529296875 0.0234375 0.025390625
3 0.2373046875 0.66357421875 0.021484375 0.0234375
3 0.326171875 0.73046875 0.017578125 0.021484375
3 0.404296875 0.5810546875 0.0185546875 0.0224609375
0 0.3349609375 0.533203125 0.0322265625 0.0224609375
3 0.34912109375 0.59814453125 0.0224609375 0.0234375
1 0.7490234375 0.560546875 0.3232421875 0.2607421875
1 0.462890625 0.69775390625 0.0634765625 0.0947265625
1 0.49267578125 0.68896484375 0.0595703125 0.08203125
3 0.39599609375 0.7236328125 0.0166015625 0.01953125
0 0.70263671875 0.63818359375 0.021484375 0.017578125
0 0.44921875 0.51904296875 0.0185546875 0.0224609375
0 0.3681640625 0.744140625 0.0146484375 0.0166015625