1 0.48974609375 0.51220703125 0.228515625 0.23828125
1 0.44189453125 0.76611328125 0.376953125 0.431640625
1 0.40869140625 0.61669921875 0.2548828125 0.2802734375
1 0.56689453125 0.64990234375 0.166015625 0.1708984375
1 0.62939453125 0.58203125 0.15234375 0.1669921875
1 0.59326171875 0.7880859375 0.263671875 0.2587890625
1 0.78369140625 0.76611328125 0.3798828125 0.3564453125
1 0.70166015625 0.89794921875 0.2568359375 0.1806640625
3 0.47802734375 0.47216796875 0.0390625 0.0361328125
3 0.51806640625 0.51171875 0.0419921875 0.037109375
3 0.38671875 0.6064453125 0.05078125 0.046875
0 0.41259765625 0.4736328125 0.0234375 0.021484375
3 0.4677734375 0.6865234375 0.052734375 0.048828125
3 0.59521484375 0.669921875 0.04296875 0.0419921875
3 0.53271484375 0.75341796875 0.0380859375 0.0361328125
3 0.75634765625 0.748046875 0.0439453125 0.04296875
3 0.81884765625 0.80712890625 0.0390625 0.0390625
3 0.85595703125 0.849609375 0.0341796875 0.0322265625
3 0.72509765625 0.9375 0.0517578125 0.041015625
0 0.75634765625 0.81005859375 0.015625 0.0166015625
0 0.74267578125 0.79541015625 0.0205078125 0.017578125
0 0.63671875 0.890625 0.0244140625 0.0244140625
1 0.61083984375 0.814453125 0.14453125 0.1474609375