1 0.5927734375 0.44677734375 0.37890625 0.3408203125
1 0.60302734375 0.40576171875 0.12109375 0.1767578125
1 0.6484375 0.44189453125 0.1591796875 0.1337890625
1 0.4755859375 0.58447265625 0.3818359375 0.33984375
1 0.30615234375 0.4091796875 0.302734375 0.2841796875
1 0.42236328125 0.27099609375 0.3251953125 0.32421875
1 0.13720703125 0.6298828125 0.2744140625 0.279296875
3 0.36181640625 0.55712890625 0.0390625 0.0400390625
3 0.384765625 0.58154296875 0.03515625 0.033203125
3 0.41650390625 0.60400390625 0.037109375 0.03515625
3 0.44580078125 0.62646484375 0.037109375 0.0322265625
3 0.333984375 0.462890625 0.060546875 0.0576171875
3 0.23974609375 0.38330078125 0.05859375 0.0556640625
3 0.27685546875 0.4130859375 0.0576171875 0.056640625
3 0.45751953125 0.5048828125 0.03515625 0.04296875
3 0.5068359375 0.5576171875 0.0322265625 0.037109375
0 0.29150390625 0.30859375 0.0380859375 0.0419921875
3 0.34423828125 0.35986328125 0.0380859375 0.033203125
0 0.40234375 0.49267578125 0.0244140625 0.0234375
0 0.25732421875 0.33740234375 0.0224609375 0.0244140625
0 0.6328125 0.5185546875 0.03125 0.041015625
0 0.6708984375 0.5048828125 0.0390625 0.04296875
0 0.50390625 0.5966796875 0.0380859375 0.0380859375
1 0.44384765625 0.2568359375 0.2646484375 0.2236328125
0 0.4365234375 0.3642578125 0.0302734375 0.0322265625
0 0.63623046875 0.5791015625 0.01953125 0.021484375