1 0.4873046875 0.5693359375 0.248046875 0.33203125
1 0.6044921875 0.62939453125 0.248046875 0.3095703125
1 0.45654296875 0.5546875 0.1181640625 0.1484375
1 0.70947265625 0.16552734375 0.3291015625 0.3310546875
0 0.6826171875 0.20703125 0.0546875 0.09765625
0 0.7314453125 0.14013671875 0.021484375 0.0341796875
1 0.29931640625 0.94482421875 0.1259765625 0.1103515625
1 0.439453125 0.9609375 0.21484375 0.078125
0 0.5029296875 0.4345703125 0.0234375 0.0234375
0 0.60205078125 0.2158203125 0.0244140625 0.021484375
0 0.71240234375 0.1455078125 0.0185546875 0.017578125
0 0.712890625 0.056640625 0.017578125 0.015625