1 0.443359375 0.6240234375 0.275390625 0.1884765625
1 0.34716796875 0.490234375 0.2763671875 0.1943359375
1 0.30517578125 0.6181640625 0.1708984375 0.2236328125
1 0.48681640625 0.49560546875 0.1689453125 0.224609375
1 0.48876953125 0.71630859375 0.228515625 0.1611328125
1 0.3955078125 0.732421875 0.1064453125 0.13671875
1 0.52734375 0.654296875 0.138671875 0.1083984375
1 0.2978515625 0.39794921875 0.2294921875 0.166015625
1 0.26318359375 0.45556640625 0.142578125 0.1044921875
1 0.3935546875 0.37744140625 0.103515625 0.142578125
0 0.36572265625 0.3544921875 0.0244140625 0.0234375
0 0.38134765625 0.67041015625 0.01953125 0.0166015625
0 0.24609375 0.4072265625 0.0185546875 0.021484375
0 0.244140625 0.48974609375 0.025390625 0.01953125