1 0.40625 0.48828125 0.369140625 0.37109375
1 0.3076171875 0.5869140625 0.36328125 0.357421875
3 0.24462890625 0.48828125 0.0419921875 0.041015625
3 0.296875 0.54150390625 0.04296875 0.0439453125
3 0.35546875 0.59814453125 0.044921875 0.0439453125
3 0.408203125 0.64990234375 0.04296875 0.0419921875
3 0.4638671875 0.59423828125 0.044921875 0.0478515625
3 0.302734375 0.4296875 0.046875 0.044921875
0 0.47509765625 0.48388671875 0.0166015625 0.0146484375
0 0.4345703125 0.443359375 0.013671875 0.015625
1 0.27783203125 0.615234375 0.0400390625 0.041015625
1 0.537109375 0.88720703125 0.19140625 0.1064453125
1 0.8291015625 0.97705078125 0.23046875 0.0458984375
0 0.8115234375 0.9921875 0.015625 0.013671875
1 0.78955078125 0.1513671875 0.2802734375 0.302734375
1 0.9189453125 0.1953125 0.162109375 0.32421875
0 0.8603515625 0.197265625 0.01953125 0.017578125