1 0.5751953125 0.49951171875 0.224609375 0.310546875
1 0.41845703125 0.50439453125 0.224609375 0.3125
2 0.419921875 0.49951171875 0.2001953125 0.2666015625
3 0.5869140625 0.48876953125 0.0361328125 0.046875
0 0.59033203125 0.42041015625 0.0166015625 0.021484375
0 0.55908203125 0.60107421875 0.01953125 0.025390625
1 0.537109375 0.69921875 0.1025390625 0.138671875
1 0.76904296875 0.05908203125 0.3505859375 0.1181640625
1 0.759765625 0.02294921875 0.349609375 0.0458984375
0 0.72265625 0.009765625 0.033203125 0.01953125
0 0.7001953125 0.001953125 0.0078125 0.00390625
1 0.892578125 0.45361328125 0.13671875 0.333984375
3 0.892578125 0.5576171875 0.0556640625 0.0732421875
3 0.8896484375 0.49169921875 0.0576171875 0.076171875
3 0.88916015625 0.42529296875 0.0595703125 0.0810546875
1 0.94189453125 0.4677734375 0.1162109375 0.302734375
2 0.94287109375 0.4697265625 0.1142578125 0.294921875
1 0.94580078125 0.30908203125 0.0673828125 0.0419921875
1 0.10205078125 0.50146484375 0.2041015625 0.4169921875
1 0.02783203125 0.42431640625 0.0556640625 0.2431640625
0 0.095703125 0.515625 0.0185546875 0.0224609375