1 0.375 0.39013671875 0.26953125 0.2138671875
3 0.34033203125 0.34375 0.0478515625 0.0478515625
1 0.48974609375 0.5986328125 0.3837890625 0.4580078125
3 0.47802734375 0.443359375 0.044921875 0.04296875
3 0.39697265625 0.49462890625 0.04296875 0.0400390625
0 0.39306640625 0.447265625 0.0439453125 0.0400390625
0 0.35302734375 0.47265625 0.033203125 0.0322265625
1 0.62841796875 0.45947265625 0.2275390625 0.248046875
3 0.54052734375 0.5087890625 0.0498046875 0.0478515625
3 0.53466796875 0.6162109375 0.025390625 0.017578125
3 0.49560546875 0.64013671875 0.0234375 0.0166015625
3 0.56396484375 0.63427734375 0.0146484375 0.013671875