1 0.89892578125 0.32275390625 0.1982421875 0.2978515625
1 0.79345703125 0.375 0.2216796875 0.291015625
1 0.69970703125 0.4052734375 0.1240234375 0.158203125
1 0.6376953125 0.4248046875 0.111328125 0.1640625
1 0.5498046875 0.46240234375 0.21484375 0.2724609375
1 0.43017578125 0.515625 0.2158203125 0.26953125
1 0.13720703125 0.5556640625 0.2666015625 0.275390625
1 0.1845703125 0.71728515625 0.2890625 0.2314453125
1 0.77587890625 0.91162109375 0.4384765625 0.1669921875
1 0.75 0.8916015625 0.41796875 0.212890625
1 0.90869140625 0.9521484375 0.1826171875 0.07421875
3 0.1162109375 0.57470703125 0.0234375 0.0283203125
3 0.1796875 0.7265625 0.025390625 0.03515625
3 0.4345703125 0.49755859375 0.02734375 0.0263671875
3 0.54150390625 0.46923828125 0.0322265625 0.0244140625
3 0.69091796875 0.9189453125 0.0283203125 0.025390625
3 0.80712890625 0.8681640625 0.0302734375 0.02734375
3 0.841796875 0.94970703125 0.033203125 0.0380859375
3 0.44189453125 0.603515625 0.0263671875 0.021484375
0 0.02294921875 0.5771484375 0.0166015625 0.013671875
0 0.0751953125 0.6943359375 0.01953125 0.017578125
0 0.24609375 0.619140625 0.01953125 0.015625
0 0.7841796875 0.951171875 0.01171875 0.009765625
0 0.767578125 0.95654296875 0.009765625 0.0087890625
0 0.3984375 0.53173828125 0.01171875 0.0126953125
0 0.56884765625 0.43017578125 0.0146484375 0.0166015625
0 0.75537109375 0.357421875 0.0166015625 0.015625
0 0.97998046875 0.40625 0.0302734375 0.025390625
0 0.96240234375 0.34228515625 0.0146484375 0.0185546875
0 0.25732421875 0.59033203125 0.0107421875 0.0126953125
0 0.2333984375 0.59814453125 0.01171875 0.0146484375
0 0.2080078125 0.609375 0.013671875 0.015625
0 0.17822265625 0.62255859375 0.0146484375 0.0166015625
0 0.154296875 0.634765625 0.015625 0.01171875
0 0.1240234375 0.64697265625 0.01171875 0.0146484375
0 0.08935546875 0.66064453125 0.0107421875 0.0126953125
0 0.06982421875 0.66796875 0.0107421875 0.01171875
0 0.04931640625 0.67724609375 0.0107421875 0.0126953125
0 0.2294921875 0.6318359375 0.013671875 0.009765625
0 0.21044921875 0.63916015625 0.0126953125 0.0126953125
0 0.189453125 0.6494140625 0.009765625 0.01171875
0 0.16943359375 0.65673828125 0.0126953125 0.0126953125
0 0.14697265625 0.666015625 0.0107421875 0.009765625
0 0.12744140625 0.6767578125 0.0146484375 0.01171875
0 0.10693359375 0.68408203125 0.0146484375 0.0107421875