1 0.4619140625 0.6494140625 0.328125 0.25390625
1 0.41943359375 0.60302734375 0.2763671875 0.314453125
1 0.2158203125 0.69775390625 0.2177734375 0.19140625
1 0.25244140625 0.6640625 0.171875 0.232421875
1 0.41162109375 0.79638671875 0.1650390625 0.1240234375
1 0.2724609375 0.869140625 0.189453125 0.2275390625
1 0.37548828125 0.82861328125 0.1279296875 0.173828125
1 0.3017578125 0.90283203125 0.0546875 0.08203125
1 0.3154296875 0.88916015625 0.0693359375 0.0615234375
1 0.2265625 0.81494140625 0.248046875 0.19140625
0 0.41015625 0.806640625 0.01953125 0.015625
0 0.314453125 0.79345703125 0.0234375 0.0302734375
1 0.13232421875 0.8203125 0.041015625 0.046875
1 0.13525390625 0.802734375 0.029296875 0.0341796875
1 0.1611328125 0.83349609375 0.0322265625 0.03515625
1 0.1640625 0.80029296875 0.03125 0.037109375
1 0.16748046875 0.822265625 0.0322265625 0.0390625
1 0.8720703125 0.705078125 0.255859375 0.28515625