1 0.40380859375 0.64404296875 0.244140625 0.3095703125
1 0.57177734375 0.6328125 0.236328125 0.30078125
1 0.58642578125 0.38623046875 0.2314453125 0.279296875
1 0.42236328125 0.40087890625 0.2314453125 0.265625
0 0.46435546875 0.55908203125 0.01953125 0.025390625
3 0.42578125 0.49365234375 0.0361328125 0.0224609375
3 0.40087890625 0.4248046875 0.033203125 0.0224609375
0 0.501953125 0.48828125 0.0224609375 0.03125
3 0.45556640625 0.4501953125 0.0322265625 0.0322265625
3 0.6142578125 0.4501953125 0.0361328125 0.0341796875
3 0.580078125 0.53466796875 0.037109375 0.0283203125
3 0.37890625 0.59912109375 0.0400390625 0.0322265625
3 0.443359375 0.57421875 0.0302734375 0.0205078125
0 0.59033203125 0.48095703125 0.0205078125 0.0205078125