1 0.27978515625 0.10009765625 0.2333984375 0.177734375
1 0.4267578125 0.15185546875 0.189453125 0.3037109375
1 0.3388671875 0.23876953125 0.20703125 0.25390625
1 0.12939453125 0.1416015625 0.2412109375 0.2236328125
1 0.05322265625 0.162109375 0.1064453125 0.228515625
1 0.10107421875 0.3017578125 0.2021484375 0.189453125
1 0.1083984375 0.41162109375 0.216796875 0.2158203125
1 0.21533203125 0.29833984375 0.24609375 0.2509765625
1 0.263671875 0.47314453125 0.2490234375 0.2255859375
1 0.42138671875 0.39697265625 0.228515625 0.2412109375
1 0.44140625 0.5322265625 0.2109375 0.1416015625
1 0.51513671875 0.68896484375 0.2900390625 0.3369140625
1 0.28125 0.5986328125 0.197265625 0.15234375
1 0.29150390625 0.724609375 0.310546875 0.2470703125
1 0.39599609375 0.81884765625 0.2451171875 0.23046875
1 0.6337890625 0.8740234375 0.306640625 0.251953125
1 0.45263671875 0.92431640625 0.2509765625 0.1513671875
1 0.71240234375 0.95751953125 0.07421875 0.0478515625
1 0.7265625 0.96435546875 0.056640625 0.0302734375
1 0.72265625 0.87060546875 0.052734375 0.05859375
1 0.623046875 0.81982421875 0.078125 0.05859375
1 0.63037109375 0.83349609375 0.078125 0.0478515625
1 0.58203125 0.72265625 0.060546875 0.048828125
1 0.58837890625 0.73681640625 0.0595703125 0.041015625
1 0.5556640625 0.67822265625 0.0615234375 0.0439453125
1 0.55029296875 0.66259765625 0.05859375 0.044921875
1 0.5244140625 0.6201171875 0.06640625 0.044921875
1 0.5185546875 0.603515625 0.056640625 0.0439453125
1 0.39697265625 0.9638671875 0.087890625 0.0576171875
1 0.40576171875 0.97412109375 0.0810546875 0.0517578125
1 0.2548828125 0.63232421875 0.08984375 0.068359375
1 0.24560546875 0.6083984375 0.1015625 0.0498046875
1 0.2314453125 0.4931640625 0.1005859375 0.1162109375
1 0.4560546875 0.40869140625 0.0791015625 0.052734375
1 0.4609375 0.421875 0.08203125 0.04296875
0 0.57861328125 0.9306640625 0.0263671875 0.02734375
0 0.5361328125 0.990234375 0.0205078125 0.017578125
0 0.5185546875 0.9453125 0.013671875 0.01171875
3 0.48095703125 0.89990234375 0.0283203125 0.0302734375
0 0.47998046875 0.9208984375 0.0126953125 0.01171875
3 0.43359375 0.9248046875 0.0361328125 0.0341796875
3 0.40380859375 0.91015625 0.02734375 0.0244140625
3 0.3671875 0.8642578125 0.0419921875 0.037109375
3 0.412109375 0.77880859375 0.0361328125 0.0322265625
0 0.47265625 0.8330078125 0.029296875 0.0263671875
0 0.4736328125 0.84716796875 0.0087890625 0.01171875
0 0.49267578125 0.8310546875 0.01953125 0.0205078125
3 0.29052734375 0.75439453125 0.03515625 0.0322265625
3 0.263671875 0.70361328125 0.0341796875 0.0341796875
3 0.23486328125 0.68505859375 0.0205078125 0.017578125
3 0.42724609375 0.341796875 0.037109375 0.037109375
3 0.49951171875 0.55615234375 0.0205078125 0.017578125
0 0.4765625 0.69677734375 0.0234375 0.0234375
0 0.4345703125 0.5146484375 0.0439453125 0.02734375
0 0.4443359375 0.5517578125 0.044921875 0.025390625
1 0.48876953125 0.49462890625 0.0908203125 0.060546875
1 0.49365234375 0.51123046875 0.08984375 0.0439453125
0 0.3056640625 0.4267578125 0.033203125 0.0283203125
0 0.4228515625 0.59228515625 0.0234375 0.0205078125
0 0.13232421875 0.05908203125 0.0244140625 0.0224609375