1 0.52587890625 0.775390625 0.34375 0.337890625
1 0.630859375 0.67138671875 0.3056640625 0.3095703125
1 0.5478515625 0.8212890625 0.1240234375 0.0791015625
1 0.5703125 0.83544921875 0.087890625 0.107421875
1 0.50537109375 0.47119140625 0.43359375 0.228515625
1 0.33544921875 0.58154296875 0.0830078125 0.072265625
1 0.68359375 0.55029296875 0.0869140625 0.0517578125
1 0.52734375 0.47802734375 0.072265625 0.06640625
1 0.47802734375 0.4833984375 0.072265625 0.0673828125
0 0.6162109375 0.71826171875 0.021484375 0.025390625
0 0.3828125 0.47119140625 0.021484375 0.021484375
1 0.7021484375 0.14306640625 0.33984375 0.2861328125
1 0.728515625 0.16455078125 0.1240234375 0.0830078125
1 0.74853515625 0.18017578125 0.087890625 0.109375
1 0.79833984375 0.08447265625 0.2509765625 0.1689453125
0 0.79296875 0.06298828125 0.025390625 0.025390625
0 0.7412109375 0.69189453125 0.01953125 0.01953125
1 0.4775390625 0.63671875 0.10546875 0.0859375