1 0.44970703125 0.45947265625 0.2158203125 0.2841796875
1 0.5751953125 0.50341796875 0.220703125 0.29296875
1 0.61279296875 0.5166015625 0.0654296875 0.123046875
1 0.52197265625 0.6806640625 0.2197265625 0.1875
1 0.15576171875 0.28125 0.2890625 0.25390625
1 0.11376953125 0.41064453125 0.2275390625 0.2373046875
1 0.12060546875 0.2568359375 0.0947265625 0.1298828125
1 0.1708984375 0.275390625 0.1142578125 0.111328125
1 0.08251953125 0.4169921875 0.09375 0.13671875
1 0.04736328125 0.39990234375 0.0888671875 0.109375
0 0.1044921875 0.31396484375 0.0244140625 0.025390625
0 0.53466796875 0.48095703125 0.0322265625 0.029296875
3 0.44580078125 0.50146484375 0.0341796875 0.044921875
3 0.4228515625 0.423828125 0.0263671875 0.0263671875