1 0.669921875 0.375 0.556640625 0.40234375
1 0.71142578125 0.39208984375 0.1259765625 0.166015625
1 0.75634765625 0.3935546875 0.126953125 0.1904296875
1 0.68603515625 0.18212890625 0.5673828125 0.3642578125
1 0.6826171875 0.203125 0.03515625 0.060546875
1 0.70263671875 0.20458984375 0.03125 0.05078125
1 0.703125 0.140625 0.041015625 0.0595703125
1 0.71826171875 0.13916015625 0.0400390625 0.0556640625
1 0.76953125 0.1396484375 0.0400390625 0.046875
1 0.79052734375 0.1416015625 0.0390625 0.0400390625
1 0.75830078125 0.20703125 0.0390625 0.056640625
1 0.775390625 0.20556640625 0.0380859375 0.046875
1 0.57373046875 0.19775390625 0.0595703125 0.0673828125
0 0.52685546875 0.16552734375 0.0341796875 0.033203125
1 0.65234375 0.30712890625 0.0498046875 0.0517578125
1 0.66162109375 0.416015625 0.0380859375 0.05078125
0 0.53076171875 0.1142578125 0.0283203125 0.0380859375