1 0.76953125 0.36083984375 0.36328125 0.4892578125
1 0.6279296875 0.318359375 0.3984375 0.4921875
1 0.7724609375 0.36474609375 0.1708984375 0.22265625
3 0.8134765625 0.22802734375 0.0458984375 0.048828125
2 0.67626953125 0.33154296875 0.1689453125 0.2333984375
1 0.62255859375 0.31787109375 0.1484375 0.1923828125
0 0.6240234375 0.220703125 0.0458984375 0.0419921875
0 0.5703125 0.40771484375 0.0546875 0.0615234375
3 0.65771484375 0.17626953125 0.0546875 0.0537109375
3 0.58154296875 0.455078125 0.044921875 0.0498046875
0 0.7412109375 0.5419921875 0.0166015625 0.015625
1 0.4072265625 0.845703125 0.322265625 0.2763671875
1 0.3837890625 0.93115234375 0.36328125 0.1376953125
3 0.4443359375 0.88525390625 0.0390625 0.044921875
0 0.2880859375 0.93408203125 0.0302734375 0.03515625
3 0.5185546875 0.88525390625 0.0244140625 0.0234375
0 0.39453125 0.89013671875 0.009765625 0.01171875
0 0.7666015625 0.25341796875 0.0166015625 0.0205078125
1 0.83203125 0.0205078125 0.193359375 0.041015625
1 0.904296875 0.02294921875 0.05859375 0.0458984375