1 0.79345703125 0.41162109375 0.2490234375 0.14453125
1 0.77880859375 0.349609375 0.228515625 0.1669921875
1 0.64111328125 0.36865234375 0.2314453125 0.3408203125
1 0.5439453125 0.5009765625 0.224609375 0.20703125
1 0.478515625 0.3671875 0.2451171875 0.216796875
0 0.5390625 0.56494140625 0.0263671875 0.0322265625
0 0.5654296875 0.35400390625 0.0185546875 0.033203125
1 0.66162109375 0.1435546875 0.2216796875 0.1455078125
1 0.63525390625 0.07958984375 0.2275390625 0.1455078125
1 0.8798828125 0.75927734375 0.240234375 0.4228515625
3 0.9873046875 0.646484375 0.025390625 0.03125
3 0.90576171875 0.68310546875 0.033203125 0.0322265625
3 0.94775390625 0.7734375 0.03515625 0.033203125
3 0.94873046875 0.88134765625 0.0380859375 0.0361328125