1 0.583984375 0.4814453125 0.1171875 0.29296875
1 0.5888671875 0.435546875 0.095703125 0.0859375
1 0.59033203125 0.5283203125 0.1005859375 0.109375
1 0.46630859375 0.4853515625 0.1162109375 0.298828125
1 0.16357421875 0.39013671875 0.3056640625 0.1376953125
1 0.1630859375 0.53173828125 0.30859375 0.1533203125
1 0.20751953125 0.537109375 0.0869140625 0.142578125
1 0.11865234375 0.5390625 0.0927734375 0.1484375
3 0.17626953125 0.38330078125 0.0205078125 0.0283203125
0 0.2060546875 0.47265625 0.021484375 0.017578125
2 0.25927734375 0.49853515625 0.0634765625 0.0556640625
2 0.27099609375 0.56884765625 0.0869140625 0.0732421875
2 0.07421875 0.53564453125 0.126953125 0.1416015625
1 0.423828125 0.072265625 0.384765625 0.14453125
0 0.4482421875 0.5048828125 0.0234375 0.017578125
3 0.44970703125 0.4697265625 0.0224609375 0.025390625
0 0.4443359375 0.35888671875 0.013671875 0.0146484375
0 0.4873046875 0.4365234375 0.01171875 0.0078125