1 0.5361328125 0.5830078125 0.3125 0.2109375
1 0.5693359375 0.46826171875 0.306640625 0.1748046875
1 0.74658203125 0.50927734375 0.1103515625 0.1142578125
1 0.7099609375 0.63232421875 0.09765625 0.1533203125
1 0.7470703125 0.58154296875 0.068359375 0.0908203125
1 0.3125 0.70947265625 0.134765625 0.2099609375
1 0.36376953125 0.732421875 0.1337890625 0.22265625
1 0.40380859375 0.82763671875 0.0888671875 0.0810546875
1 0.412109375 0.751953125 0.1171875 0.119140625
1 0.43505859375 0.69140625 0.1494140625 0.072265625
1 0.76318359375 0.26318359375 0.1865234375 0.3037109375
1 0.65185546875 0.23876953125 0.1806640625 0.2900390625
1 0.27685546875 0.35693359375 0.2353515625 0.2998046875
1 0.15771484375 0.31103515625 0.2021484375 0.2744140625
1 0.10888671875 0.23291015625 0.2177734375 0.1923828125
1 0.10400390625 0.3486328125 0.2080078125 0.173828125
1 0.1708984375 0.5830078125 0.234375 0.271484375
1 0.07666015625 0.52978515625 0.1533203125 0.2294921875
0 0.65478515625 0.35400390625 0.0224609375 0.0205078125
0 0.48876953125 0.60498046875 0.0263671875 0.0322265625
0 0.2265625 0.2431640625 0.02734375 0.029296875
0 0.6708984375 0.09228515625 0.029296875 0.0322265625
0 0.15234375 0.36572265625 0.017578125 0.0244140625
0 0.2255859375 0.45654296875 0.013671875 0.0166015625
0 0.2275390625 0.5087890625 0.015625 0.015625
1 0.26806640625 0.36767578125 0.1123046875 0.0791015625