1 0.42138671875 0.39306640625 0.716796875 0.4814453125
1 0.6181640625 0.3154296875 0.4287109375 0.3271484375
1 0.3310546875 0.14208984375 0.3515625 0.2841796875
1 0.6962890625 0.38232421875 0.0341796875 0.0751953125
1 0.70703125 0.38525390625 0.046875 0.0703125
1 0.583984375 0.3330078125 0.0341796875 0.08203125
1 0.59423828125 0.33447265625 0.0478515625 0.072265625
1 0.470703125 0.2802734375 0.03515625 0.0849609375
1 0.48095703125 0.28369140625 0.0478515625 0.0751953125
1 0.376953125 0.19140625 0.0361328125 0.078125
1 0.38525390625 0.1943359375 0.0478515625 0.0703125
1 0.263671875 0.14013671875 0.0361328125 0.080078125
1 0.2724609375 0.1435546875 0.048828125 0.0732421875
3 0.52783203125 0.45068359375 0.05859375 0.0478515625
3 0.41552734375 0.396484375 0.0615234375 0.0517578125
3 0.32080078125 0.3115234375 0.0654296875 0.05078125
0 0.70166015625 0.5048828125 0.017578125 0.0205078125
0 0.78662109375 0.36572265625 0.017578125 0.017578125
0 0.6376953125 0.39208984375 0.0166015625 0.017578125
0 0.4091796875 0.24365234375 0.0146484375 0.01953125
0 0.4755859375 0.3994140625 0.0126953125 0.015625
0 0.4931640625 0.40576171875 0.015625 0.015625
0 0.2783203125 0.26904296875 0.0146484375 0.0166015625
0 0.16845703125 0.21630859375 0.0185546875 0.0185546875
0 0.29833984375 0.19140625 0.0185546875 0.0185546875