1 0.537109375 0.44677734375 0.3017578125 0.2578125
1 0.5029296875 0.576171875 0.3095703125 0.2626953125
1 0.49072265625 0.61376953125 0.125 0.0859375
1 0.322265625 0.53564453125 0.21484375 0.2421875
1 0.70947265625 0.14404296875 0.3271484375 0.2880859375
1 0.5771484375 0.11376953125 0.29296875 0.2275390625
1 0.72021484375 0.1083984375 0.1328125 0.09765625
1 0.70703125 0.15283203125 0.10546875 0.1259765625
1 0.55078125 0.07177734375 0.1396484375 0.09765625
1 0.56494140625 0.04736328125 0.1044921875 0.0947265625
0 0.65771484375 0.09228515625 0.0263671875 0.0263671875
0 0.521484375 0.53271484375 0.03125 0.03515625
3 0.4951171875 0.4462890625 0.048828125 0.041015625
3 0.5703125 0.41748046875 0.029296875 0.029296875