1 0.56640625 0.51025390625 0.134765625 0.2822265625
1 0.4228515625 0.50439453125 0.173828125 0.2802734375
1 0.55615234375 0.884765625 0.1337890625 0.23046875
1 0.41015625 0.88427734375 0.169921875 0.2314453125
3 0.60595703125 0.408203125 0.0146484375 0.015625
3 0.576171875 0.52099609375 0.02734375 0.0380859375
3 0.56298828125 0.9033203125 0.0244140625 0.04296875
3 0.3916015625 0.861328125 0.0234375 0.021484375
3 0.390625 0.900390625 0.025390625 0.021484375
3 0.5185546875 0.54150390625 0.015625 0.0146484375
0 0.5595703125 0.806640625 0.01171875 0.013671875