1 0.587890625 0.3408203125 0.208984375 0.173828125
1 0.39404296875 0.404296875 0.2431640625 0.298828125
1 0.39013671875 0.61376953125 0.2373046875 0.1982421875
1 0.5390625 0.66455078125 0.095703125 0.1162109375
1 0.52783203125 0.6044921875 0.1259765625 0.033203125
1 0.572265625 0.50244140625 0.2421875 0.1982421875
1 0.86962890625 0.150390625 0.1279296875 0.1171875
1 0.71044921875 0.12548828125 0.3388671875 0.2509765625
1 0.8251953125 0.04248046875 0.201171875 0.0849609375
3 0.67529296875 0.0673828125 0.0419921875 0.041015625
1 0.248046875 0.74951171875 0.3984375 0.3173828125
1 0.17578125 0.84716796875 0.3515625 0.3056640625
1 0.15966796875 0.91357421875 0.1044921875 0.1728515625
1 0.095703125 0.8818359375 0.1796875 0.107421875
2 0.0859375 0.77978515625 0.123046875 0.1044921875
3 0.2568359375 0.724609375 0.03515625 0.033203125
3 0.21875 0.697265625 0.03515625 0.03125
0 0.265625 0.97021484375 0.013671875 0.0126953125
0 0.2509765625 0.99560546875 0.013671875 0.0087890625
0 0.4619140625 0.44482421875 0.013671875 0.0126953125