1 0.62255859375 0.5478515625 0.376953125 0.5478515625
1 0.48828125 0.52783203125 0.3173828125 0.458984375
1 0.6845703125 0.32568359375 0.1328125 0.150390625
2 0.4833984375 0.55859375 0.0751953125 0.0751953125
0 0.61474609375 0.5859375 0.0244140625 0.0263671875
0 0.47216796875 0.744140625 0.03515625 0.0302734375
1 0.23583984375 0.33251953125 0.2646484375 0.4814453125
1 0.24560546875 0.1728515625 0.2333984375 0.2900390625
1 0.11767578125 0.212890625 0.22265625 0.3876953125
1 0.111328125 0.3603515625 0.154296875 0.189453125
1 0.06787109375 0.4619140625 0.1357421875 0.19140625
0 0.1083984375 0.4296875 0.0166015625 0.0126953125
0 0.017578125 0.36572265625 0.01171875 0.015625
0 0.6884765625 0.4248046875 0.0146484375 0.017578125
1 0.8916015625 0.095703125 0.1943359375 0.1513671875
3 0.91943359375 0.03857421875 0.03125 0.0224609375
0 0.93359375 0.07470703125 0.01171875 0.009765625
1 0.75146484375 0.048828125 0.1728515625 0.076171875
2 0.775390625 0.044921875 0.095703125 0.0595703125