1 0.34130859375 0.48388671875 0.4833984375 0.2783203125
1 0.29736328125 0.6123046875 0.4853515625 0.271484375
1 0.48681640625 0.09326171875 0.4833984375 0.1865234375
1 0.65087890625 0.03125 0.1826171875 0.0546875
3 0.34375 0.01806640625 0.037109375 0.0361328125
3 0.501953125 0.0712890625 0.0390625 0.0390625
3 0.64111328125 0.11669921875 0.0419921875 0.0361328125
3 0.3642578125 0.47705078125 0.041015625 0.0400390625
3 0.45068359375 0.677734375 0.0458984375 0.04296875
3 0.3125 0.630859375 0.044921875 0.046875
3 0.193359375 0.59716796875 0.0234375 0.0283203125
3 0.13427734375 0.57373046875 0.0419921875 0.0400390625
0 0.39794921875 0.58837890625 0.0224609375 0.0244140625
0 0.25537109375 0.54345703125 0.0224609375 0.0244140625
0 0.279296875 0.4677734375 0.015625 0.013671875
0 0.26171875 0.45947265625 0.013671875 0.0146484375
0 0.41552734375 0.5146484375 0.0068359375 0.0078125