1 0.22509765625 0.869140625 0.1767578125 0.26171875
1 0.30859375 0.869140625 0.193359375 0.26171875
1 0.3994140625 0.6279296875 0.263671875 0.3115234375
1 0.55908203125 0.63037109375 0.2939453125 0.3515625
1 0.51220703125 0.36279296875 0.2939453125 0.3427734375
1 0.36083984375 0.365234375 0.2783203125 0.3671875
1 0.17578125 0.6904296875 0.1826171875 0.1689453125
1 0.88037109375 0.2548828125 0.2392578125 0.478515625
3 0.56103515625 0.6962890625 0.0498046875 0.06640625
0 0.529296875 0.623046875 0.017578125 0.0185546875
3 0.57080078125 0.59912109375 0.0439453125 0.0458984375
3 0.576171875 0.54833984375 0.0390625 0.0390625
3 0.5224609375 0.44921875 0.060546875 0.0654296875
0 0.5029296875 0.38427734375 0.0244140625 0.0283203125
3 0.529296875 0.3583984375 0.0537109375 0.056640625
3 0.3623046875 0.4697265625 0.033203125 0.0341796875
3 0.369140625 0.40966796875 0.0341796875 0.03515625
3 0.3525390625 0.34912109375 0.0380859375 0.037109375
3 0.3564453125 0.31005859375 0.04296875 0.04296875
3 0.35986328125 0.26904296875 0.0419921875 0.0390625
3 0.388671875 0.57275390625 0.0498046875 0.052734375
3 0.39404296875 0.5390625 0.04296875 0.0419921875
0 0.5322265625 0.52587890625 0.0234375 0.0244140625
3 0.93115234375 0.32177734375 0.03515625 0.0361328125
0 0.46044921875 0.54833984375 0.02734375 0.03515625
0 0.4375 0.4501953125 0.013671875 0.0166015625
0 0.3818359375 0.44287109375 0.013671875 0.0146484375