1 0.6240234375 0.49169921875 0.751953125 0.9833984375
1 0.4287109375 0.8740234375 0.458984375 0.251953125
3 0.57177734375 0.20458984375 0.0625 0.0634765625
0 0.732421875 0.05859375 0.203125 0.1171875
0 0.72314453125 0.1875 0.1708984375 0.1650390625
0 0.70361328125 0.31005859375 0.0361328125 0.0419921875
0 0.68408203125 0.38134765625 0.04296875 0.04296875
0 0.6220703125 0.369140625 0.044921875 0.041015625
0 0.587890625 0.34033203125 0.0361328125 0.0439453125
0 0.45703125 0.9755859375 0.01953125 0.021484375
0 0.40869140625 0.95703125 0.0205078125 0.017578125