1 0.5146484375 0.34814453125 0.451171875 0.24609375
1 0.5380859375 0.517578125 0.4482421875 0.345703125
1 0.49169921875 0.50341796875 0.1044921875 0.109375
1 0.4375 0.3427734375 0.1650390625 0.1171875
0 0.57080078125 0.298828125 0.076171875 0.0439453125
0 0.4033203125 0.40625 0.0166015625 0.0166015625
3 0.58740234375 0.447265625 0.0185546875 0.02734375
0 0.4482421875 0.43505859375 0.0205078125 0.0224609375
0 0.55810546875 0.41845703125 0.0126953125 0.01171875
1 0.7060546875 0.41259765625 0.033203125 0.04296875
3 0.39794921875 0.52783203125 0.037109375 0.041015625
0 0.36328125 0.62060546875 0.015625 0.0107421875
1 0.1279296875 0.42919921875 0.255859375 0.3193359375
0 0.36328125 0.49609375 0.0126953125 0.0146484375
1 0.64990234375 0.91259765625 0.1591796875 0.1748046875
1 0.74951171875 0.91455078125 0.1376953125 0.1708984375
1 0.91357421875 0.78369140625 0.1005859375 0.201171875
1 0.92626953125 0.20068359375 0.1474609375 0.1884765625
1 0.9267578125 0.38427734375 0.146484375 0.2470703125
0 0.9794921875 0.37939453125 0.0390625 0.0380859375
0 0.98193359375 0.3349609375 0.017578125 0.021484375
3 0.99609375 0.201171875 0.0078125 0.0234375
1 0.1279296875 0.87060546875 0.255859375 0.1416015625
3 0.0986328125 0.88525390625 0.033203125 0.0244140625
0 0.0478515625 0.85107421875 0.0146484375 0.015625
0 0.2197265625 0.8828125 0.015625 0.01171875