1 0.306640625 0.8671875 0.33203125 0.22265625
1 0.34814453125 0.76904296875 0.3193359375 0.2255859375
1 0.38232421875 0.49462890625 0.3701171875 0.3525390625
1 0.61767578125 0.61279296875 0.3193359375 0.3408203125
1 0.6923828125 0.40234375 0.23828125 0.275390625
1 0.7734375 0.5078125 0.0703125 0.0859375
1 0.7705078125 0.25 0.236328125 0.240234375
1 0.62060546875 0.1357421875 0.2998046875 0.267578125
1 0.86572265625 0.14208984375 0.2685546875 0.1904296875
1 0.513671875 0.3056640625 0.287109375 0.271484375
1 0.41015625 0.49169921875 0.158203125 0.1572265625
1 0.5048828125 0.29541015625 0.14453125 0.1533203125
1 0.60498046875 0.58642578125 0.1240234375 0.1474609375
1 0.7099609375 0.40380859375 0.1328125 0.1513671875
1 0.8056640625 0.25390625 0.11328125 0.12109375
0 0.42333984375 0.7763671875 0.0244140625 0.025390625
0 0.45654296875 0.5224609375 0.0439453125 0.0390625
3 0.85693359375 0.12255859375 0.0263671875 0.0244140625
0 0.849609375 0.193359375 0.02734375 0.025390625
0 0.3232421875 0.5810546875 0.033203125 0.0234375
0 0.44287109375 0.345703125 0.0322265625 0.033203125
3 0.6943359375 0.14013671875 0.044921875 0.0478515625
3 0.75732421875 0.15966796875 0.0283203125 0.0322265625
3 0.763671875 0.353515625 0.02734375 0.021484375
3 0.6982421875 0.48193359375 0.01953125 0.0244140625
3 0.611328125 0.48291015625 0.02734375 0.0302734375
3 0.57275390625 0.54248046875 0.0205078125 0.0224609375
3 0.556640625 0.279296875 0.021484375 0.0234375
0 0.69970703125 0.3134765625 0.0166015625 0.017578125
0 0.6708984375 0.34130859375 0.01953125 0.0205078125
0 0.54833984375 0.6884765625 0.0283203125 0.0234375
0 0.45654296875 0.791015625 0.0205078125 0.01953125