1 0.47900390625 0.3447265625 0.2197265625 0.25
1 0.65185546875 0.44873046875 0.1943359375 0.24609375
1 0.60205078125 0.30224609375 0.3056640625 0.1572265625
1 0.51611328125 0.4921875 0.3037109375 0.15625
1 0.5849609375 0.17041015625 0.197265625 0.1337890625
1 0.5009765625 0.18115234375 0.123046875 0.15625
1 0.61376953125 0.22998046875 0.1328125 0.1259765625
1 0.34375 0.3603515625 0.1123046875 0.1484375
1 0.37841796875 0.33642578125 0.0869140625 0.09375
1 0.33935546875 0.41748046875 0.1103515625 0.078125
2 0.63671875 0.423828125 0.0791015625 0.111328125
3 0.5390625 0.47265625 0.0341796875 0.03515625
3 0.5986328125 0.32470703125 0.0322265625 0.0322265625