2 0.625 0.49560546875 0.263671875 0.7099609375
2 0.47900390625 0.46728515625 0.2392578125 0.7041015625
3 0.5546875 0.33544921875 0.02734375 0.0244140625
3 0.49658203125 0.3125 0.0263671875 0.021484375
3 0.47314453125 0.40576171875 0.0244140625 0.0185546875
3 0.47802734375 0.4541015625 0.0166015625 0.017578125
3 0.45458984375 0.50341796875 0.0166015625 0.0185546875
3 0.44384765625 0.60205078125 0.0244140625 0.0205078125
3 0.5078125 0.59326171875 0.01953125 0.0224609375
3 0.44970703125 0.57080078125 0.0205078125 0.0166015625
1 0.56005859375 0.48046875 0.4248046875 0.759765625