1 0.59326171875 0.8388671875 0.322265625 0.2763671875
1 0.5400390625 0.70166015625 0.298828125 0.2236328125
1 0.52783203125 0.556640625 0.3125 0.2265625
1 0.4775390625 0.44384765625 0.296875 0.2216796875
1 0.46142578125 0.296875 0.31640625 0.2275390625
1 0.41748046875 0.185546875 0.294921875 0.224609375
3 0.65380859375 0.8076171875 0.0498046875 0.046875
3 0.56494140625 0.84619140625 0.0498046875 0.0478515625
3 0.552734375 0.68017578125 0.0224609375 0.0283203125
3 0.48583984375 0.70947265625 0.021484375 0.0283203125
3 0.4873046875 0.421875 0.0234375 0.0263671875
3 0.42578125 0.16259765625 0.0205078125 0.0244140625
0 0.37939453125 0.359375 0.041015625 0.0341796875
0 0.4423828125 0.61767578125 0.0390625 0.0322265625
0 0.50634765625 0.876953125 0.037109375 0.0302734375
0 0.625 0.74853515625 0.0185546875 0.017578125
0 0.47314453125 0.11962890625 0.0185546875 0.0263671875