1 0.4296875 0.603515625 0.423828125 0.55078125
2 0.32373046875 0.56396484375 0.2041015625 0.2197265625
2 0.4013671875 0.49462890625 0.181640625 0.2099609375
2 0.46630859375 0.7529296875 0.2197265625 0.248046875
2 0.517578125 0.66845703125 0.15625 0.2392578125
3 0.505859375 0.79443359375 0.068359375 0.0732421875
3 0.2939453125 0.5302734375 0.068359375 0.06640625
1 0.662109375 0.66015625 0.10546875 0.1640625
1 0.5224609375 0.396484375 0.197265625 0.43359375
1 0.388671875 0.25927734375 0.0859375 0.1591796875
1 0.3388671875 0.3271484375 0.14453125 0.146484375
1 0.28125 0.38525390625 0.11328125 0.1142578125
1 0.24853515625 0.4150390625 0.0732421875 0.083984375
0 0.2890625 0.59619140625 0.01171875 0.0126953125
0 0.61767578125 0.7822265625 0.0146484375 0.013671875
0 0.47412109375 0.44775390625 0.0087890625 0.0107421875