1 0.91650390625 0.314453125 0.1669921875 0.20703125
1 0.81103515625 0.1552734375 0.2998046875 0.30078125
1 0.6845703125 0.31982421875 0.30859375 0.3115234375
1 0.8310546875 0.47216796875 0.20703125 0.2080078125
1 0.56396484375 0.68603515625 0.2138671875 0.2041015625
1 0.43505859375 0.51611328125 0.2978515625 0.3232421875
1 0.31005859375 0.68798828125 0.3154296875 0.3173828125
1 0.45751953125 0.84033203125 0.2080078125 0.2060546875
1 0.1552734375 0.9111328125 0.201171875 0.166015625
1 0.06396484375 0.8291015625 0.1279296875 0.228515625
0 0.00634765625 0.80419921875 0.0126953125 0.0302734375
0 0.296875 0.66357421875 0.037109375 0.0693359375
0 0.33251953125 0.68798828125 0.0380859375 0.0380859375
0 0.42578125 0.5400390625 0.04296875 0.052734375
0 0.41748046875 0.484375 0.0478515625 0.076171875
0 0.6708984375 0.28515625 0.0234375 0.064453125
0 0.7021484375 0.3212890625 0.0390625 0.041015625
0 0.791015625 0.1064453125 0.025390625 0.0703125
0 0.80908203125 0.17138671875 0.0380859375 0.0458984375
1 0.06005859375 0.21484375 0.1142578125 0.23046875
1 0.24658203125 0.1005859375 0.3076171875 0.201171875
2 0.24755859375 0.0908203125 0.2685546875 0.181640625