1 0.517578125 0.634765625 0.96484375 0.638671875
1 0.1181640625 0.3740234375 0.236328125 0.431640625
3 0.78271484375 0.6123046875 0.056640625 0.0556640625
0 0.9287109375 0.7958984375 0.142578125 0.185546875
0 0.77880859375 0.7646484375 0.146484375 0.1533203125
0 0.65966796875 0.72802734375 0.0390625 0.03125
0 0.591796875 0.69873046875 0.0390625 0.0380859375
0 0.61279296875 0.63916015625 0.0361328125 0.041015625
0 0.64599609375 0.609375 0.041015625 0.03125
0 0.03515625 0.3916015625 0.01953125 0.0166015625
0 0.06005859375 0.34619140625 0.0146484375 0.0185546875
0 0.00927734375 0.33544921875 0.0185546875 0.0205078125