1 0.51416015625 0.0927734375 0.4619140625 0.185546875
1 0.375 0.02880859375 0.1796875 0.056640625
1 0.23828125 0.1640625 0.19921875 0.1455078125
1 0.2119140625 0.09814453125 0.1787109375 0.09765625
1 0.51806640625 0.4189453125 0.142578125 0.1494140625
1 0.5419921875 0.4150390625 0.134765625 0.1552734375
1 0.5703125 0.5390625 0.1572265625 0.1328125
1 0.56884765625 0.51513671875 0.158203125 0.1357421875
1 0.4443359375 0.57080078125 0.1376953125 0.150390625
1 0.466796875 0.56787109375 0.13671875 0.1572265625
1 0.41455078125 0.447265625 0.1591796875 0.134765625
1 0.416015625 0.46875 0.1591796875 0.138671875
1 0.51904296875 0.76025390625 0.1591796875 0.13671875
1 0.517578125 0.73779296875 0.1611328125 0.1337890625
1 0.5703125 0.85888671875 0.142578125 0.162109375
1 0.54736328125 0.8623046875 0.138671875 0.154296875
1 0.67333984375 0.8046875 0.158203125 0.130859375
1 0.677734375 0.83154296875 0.1611328125 0.1318359375
1 0.623046875 0.7060546875 0.134765625 0.15625
1 0.64892578125 0.70361328125 0.1337890625 0.158203125
1 0.84033203125 0.36474609375 0.3037109375 0.19921875
1 0.87646484375 0.501953125 0.2470703125 0.208984375
1 0.9814453125 0.39208984375 0.0224609375 0.044921875
1 0.77685546875 0.47021484375 0.16796875 0.2763671875
0 0.86572265625 0.4501953125 0.0517578125 0.0419921875
0 0.39794921875 0.439453125 0.0263671875 0.0263671875
0 0.55859375 0.88623046875 0.03125 0.025390625
0 0.91064453125 0.3134765625 0.01953125 0.0185546875