1 0.50439453125 0.45751953125 0.3193359375 0.2587890625
1 0.43212890625 0.5615234375 0.3232421875 0.28125
1 0.482421875 0.6484375 0.08203125 0.15625
1 0.4423828125 0.62060546875 0.140625 0.1025390625
1 0.33740234375 0.3623046875 0.1455078125 0.1484375
1 0.07470703125 0.125 0.1494140625 0.16015625
1 0.08837890625 0.23193359375 0.0537109375 0.0869140625
1 0.03369140625 0.25634765625 0.0673828125 0.1708984375
3 0.01416015625 0.09228515625 0.0283203125 0.0400390625
3 0.4697265625 0.41650390625 0.03515625 0.0302734375
3 0.5234375 0.45703125 0.03125 0.029296875
3 0.36474609375 0.54296875 0.0322265625 0.03125
3 0.408203125 0.57373046875 0.03125 0.0322265625
0 0.4462890625 0.50146484375 0.01953125 0.0166015625
1 0.8974609375 0.89892578125 0.205078125 0.2021484375
1 0.92724609375 0.78564453125 0.1455078125 0.1865234375
2 0.91162109375 0.90771484375 0.1767578125 0.1845703125
1 0.712890625 0.1103515625 0.275390625 0.20703125
1 0.76806640625 0.064453125 0.3232421875 0.126953125
3 0.7080078125 0.1025390625 0.169921875 0.111328125
0 0.50927734375 0.52294921875 0.0146484375 0.0107421875
0 0.62109375 0.4912109375 0.013671875 0.01171875