1 0.541015625 0.51318359375 0.236328125 0.36328125
1 0.5283203125 0.32421875 0.2412109375 0.169921875
1 0.37548828125 0.4267578125 0.205078125 0.357421875
1 0.39892578125 0.61474609375 0.2314453125 0.173828125
1 0.30810546875 0.427734375 0.216796875 0.4033203125
1 0.30517578125 0.5927734375 0.1435546875 0.1748046875
2 0.630859375 0.52001953125 0.2412109375 0.380859375
1 0.62841796875 0.5205078125 0.248046875 0.3857421875
2 0.56591796875 0.51025390625 0.125 0.23828125
2 0.52685546875 0.49658203125 0.0986328125 0.18359375
2 0.48876953125 0.48291015625 0.07421875 0.123046875
2 0.40283203125 0.6259765625 0.1474609375 0.091796875
2 0.41259765625 0.58984375 0.0771484375 0.0634765625
0 0.46142578125 0.46484375 0.0185546875 0.017578125