1 0.8662109375 0.74560546875 0.267578125 0.4599609375
1 0.53369140625 0.8134765625 0.1328125 0.0947265625
1 0.572265625 0.75341796875 0.123046875 0.12109375
1 0.42431640625 0.69189453125 0.28515625 0.2177734375
1 0.5380859375 0.6103515625 0.1748046875 0.1611328125
1 0.39892578125 0.54248046875 0.1103515625 0.201171875
1 0.4697265625 0.5458984375 0.09375 0.1865234375
1 0.52294921875 0.57421875 0.1484375 0.1318359375
3 0.375 0.6982421875 0.052734375 0.0458984375
0 0.4296875 0.609375 0.01953125 0.013671875
0 0.5 0.77197265625 0.015625 0.015625
0 0.87548828125 0.84130859375 0.0224609375 0.02734375
0 0.86181640625 0.7646484375 0.0166015625 0.0185546875
0 0.94287109375 0.80224609375 0.0166015625 0.0146484375
0 0.9873046875 0.79541015625 0.0224609375 0.01953125
1 0.169921875 0.486328125 0.0966796875 0.1123046875
1 0.0888671875 0.4921875 0.177734375 0.251953125
1 0.1171875 0.32666015625 0.234375 0.2529296875
1 0.14599609375 0.212890625 0.2197265625 0.1611328125
2 0.09375 0.3427734375 0.115234375 0.1044921875
0 0.04638671875 0.3837890625 0.0224609375 0.0185546875
0 0.02392578125 0.28173828125 0.015625 0.015625