1 0.55517578125 0.34130859375 0.189453125 0.2333984375
1 0.37939453125 0.31396484375 0.2197265625 0.1943359375
1 0.41015625 0.56689453125 0.3134765625 0.3994140625
1 0.609375 0.6845703125 0.1904296875 0.16796875
1 0.58203125 0.54345703125 0.255859375 0.197265625
1 0.5537109375 0.45068359375 0.18359375 0.0673828125
1 0.42724609375 0.75537109375 0.2548828125 0.2822265625
1 0.72314453125 0.48046875 0.18359375 0.20703125
3 0.5673828125 0.55078125 0.0244140625 0.025390625
3 0.42822265625 0.3662109375 0.0283203125 0.03125
0 0.560546875 0.484375 0.015625 0.0205078125
0 0.494140625 0.5009765625 0.0244140625 0.0224609375
0 0.419921875 0.58447265625 0.0224609375 0.021484375