1 0.3798828125 0.09912109375 0.322265625 0.1982421875
1 0.4169921875 0.19189453125 0.3193359375 0.259765625
1 0.43408203125 0.2890625 0.173828125 0.14453125
1 0.44482421875 0.35302734375 0.177734375 0.1328125
1 0.4697265625 0.4453125 0.2998046875 0.2509765625
1 0.505859375 0.5712890625 0.296875 0.2509765625
1 0.50439453125 0.85791015625 0.3095703125 0.2841796875
1 0.6708984375 0.841796875 0.26953125 0.31640625
1 0.916015625 0.2841796875 0.16796875 0.45703125
1 0.89404296875 0.306640625 0.2119140625 0.443359375
1 0.9775390625 0.158203125 0.044921875 0.19140625
3 0.5205078125 0.890625 0.03125 0.02734375
3 0.6796875 0.8486328125 0.0380859375 0.0302734375
3 0.48828125 0.564453125 0.0302734375 0.0302734375
3 0.47509765625 0.45458984375 0.0283203125 0.03515625
3 0.94140625 0.369140625 0.029296875 0.03125
3 0.9072265625 0.2470703125 0.03125 0.0341796875
3 0.98583984375 0.22412109375 0.0283203125 0.0380859375
3 0.59423828125 0.57177734375 0.025390625 0.029296875
0 0.509765625 0.98291015625 0.015625 0.0185546875
0 0.63330078125 0.94775390625 0.0205078125 0.021484375
0 0.58251953125 0.76806640625 0.0185546875 0.021484375
0 0.986328125 0.28125 0.01171875 0.0126953125
0 0.9892578125 0.29833984375 0.009765625 0.0107421875
0 0.51708984375 0.60498046875 0.0146484375 0.013671875
0 0.4404296875 0.421875 0.0185546875 0.0166015625
0 0.39453125 0.22705078125 0.017578125 0.0185546875
0 0.4736328125 0.01416015625 0.029296875 0.0283203125
0 0.408203125 0.02001953125 0.0205078125 0.0166015625
0 0.5556640625 0.7529296875 0.013671875 0.0126953125
0 0.56005859375 0.77783203125 0.0166015625 0.013671875
0 0.56787109375 0.80419921875 0.017578125 0.015625
0 0.57666015625 0.8359375 0.0185546875 0.0166015625
0 0.58544921875 0.861328125 0.013671875 0.017578125
0 0.59326171875 0.892578125 0.0166015625 0.013671875
0 0.60205078125 0.92919921875 0.013671875 0.0126953125
0 0.6064453125 0.94921875 0.0126953125 0.0126953125
0 0.61279296875 0.97119140625 0.013671875 0.0126953125
0 0.5927734375 0.7861328125 0.01171875 0.0146484375
0 0.59765625 0.80615234375 0.0146484375 0.0146484375
0 0.60498046875 0.828125 0.0126953125 0.01171875
0 0.609375 0.84912109375 0.0146484375 0.0146484375
0 0.615234375 0.87255859375 0.0107421875 0.01171875
0 0.623046875 0.8935546875 0.013671875 0.0166015625
0 0.62744140625 0.9150390625 0.0126953125 0.015625