1 0.3896484375 0.53466796875 0.2734375 0.22265625
1 0.466796875 0.49169921875 0.22265625 0.302734375
1 0.564453125 0.5615234375 0.1064453125 0.181640625
1 0.4228515625 0.66357421875 0.169921875 0.1123046875
1 0.59619140625 0.615234375 0.17578125 0.0966796875
1 0.45654296875 0.72021484375 0.1064453125 0.1689453125
1 0.54931640625 0.78466796875 0.232421875 0.287109375
1 0.630859375 0.7412109375 0.275390625 0.2353515625
3 0.47265625 0.44189453125 0.033203125 0.0322265625
3 0.36376953125 0.5654296875 0.03515625 0.0322265625
3 0.5224609375 0.80224609375 0.03125 0.03125
3 0.67236328125 0.74853515625 0.03515625 0.0322265625
0 0.69873046875 0.73193359375 0.01953125 0.017578125
0 0.634765625 0.650390625 0.025390625 0.0205078125
0 0.46337890625 0.5966796875 0.021484375 0.01953125
0 0.47314453125 0.39013671875 0.0146484375 0.015625