1 0.39111328125 0.14111328125 0.0791015625 0.0849609375
1 0.1298828125 0.4384765625 0.21484375 0.1171875
1 0.13525390625 0.564453125 0.2158203125 0.1484375
1 0.30859375 0.44775390625 0.142578125 0.0771484375
1 0.30908203125 0.5361328125 0.1416015625 0.1015625
1 0.4169921875 0.55615234375 0.07421875 0.1435546875
1 0.41552734375 0.43310546875 0.0751953125 0.1162109375
1 0.447265625 0.4990234375 0.083984375 0.2265625
1 0.53662109375 0.49365234375 0.1123046875 0.2490234375
1 0.54833984375 0.4267578125 0.0693359375 0.111328125
1 0.55078125 0.55029296875 0.07421875 0.1396484375
1 0.6298828125 0.50830078125 0.09765625 0.2236328125
1 0.763671875 0.52197265625 0.134765625 0.3173828125
1 0.890625 0.5185546875 0.1328125 0.314453125
0 0.11328125 0.40771484375 0.013671875 0.0126953125
0 0.134765625 0.41552734375 0.025390625 0.0205078125
0 0.0517578125 0.5146484375 0.03125 0.029296875
3 0.412109375 0.4521484375 0.0234375 0.0234375
0 0.48876953125 0.40283203125 0.0146484375 0.0166015625
0 0.56982421875 0.39111328125 0.0166015625 0.0166015625
0 0.46826171875 0.59619140625 0.0224609375 0.0205078125
3 0.74755859375 0.4560546875 0.0400390625 0.04296875
0 0.81689453125 0.46337890625 0.0283203125 0.0224609375
0 0.92138671875 0.59423828125 0.0283203125 0.0283203125
0 0.90283203125 0.43798828125 0.0283203125 0.0244140625