1 0.14599609375 0.8134765625 0.2919921875 0.337890625
1 0.36083984375 0.30615234375 0.587890625 0.529296875
1 0.2802734375 0.39892578125 0.560546875 0.5224609375
1 0.2294921875 0.865234375 0.3125 0.25390625
1 0.41845703125 0.56103515625 0.0673828125 0.0703125
1 0.314453125 0.45751953125 0.076171875 0.0712890625
1 0.2041015625 0.35498046875 0.076171875 0.0771484375
1 0.10009765625 0.25390625 0.0771484375 0.0732421875
1 0.2021484375 0.14404296875 0.076171875 0.076171875
1 0.310546875 0.24755859375 0.076171875 0.07421875
1 0.41748046875 0.349609375 0.0771484375 0.078125
1 0.5263671875 0.45166015625 0.078125 0.078125
0 0.22900390625 0.17724609375 0.041015625 0.0390625
0 0.34716796875 0.27392578125 0.0341796875 0.025390625
3 0.45263671875 0.3779296875 0.021484375 0.0234375
3 0.5615234375 0.478515625 0.017578125 0.01953125
3 0.4501953125 0.59130859375 0.0234375 0.0234375
3 0.341796875 0.4892578125 0.0283203125 0.0263671875
3 0.236328125 0.3876953125 0.0263671875 0.02734375
3 0.12841796875 0.28369140625 0.0244140625 0.0205078125
0 0.49462890625 0.56982421875 0.021484375 0.021484375
0 0.38427734375 0.4677734375 0.0205078125 0.025390625
0 0.27880859375 0.36376953125 0.0224609375 0.033203125
0 0.17529296875 0.263671875 0.02734375 0.01953125