1 0.8115234375 0.6943359375 0.107421875 0.103515625
1 0.6982421875 0.47021484375 0.482421875 0.4619140625
1 0.46484375 0.36279296875 0.103515625 0.1064453125
1 0.56982421875 0.60107421875 0.3623046875 0.3525390625
0 0.69140625 0.5771484375 0.013671875 0.015625
1 0.6005859375 0.6328125 0.099609375 0.09765625
1 0.53076171875 0.564453125 0.0986328125 0.09765625
3 0.671875 0.70361328125 0.03125 0.0341796875
3 0.45849609375 0.50341796875 0.0341796875 0.0302734375
1 0.2080078125 0.1455078125 0.416015625 0.291015625
2 0.07763671875 0.0703125 0.1552734375 0.140625
1 0.12158203125 0.25 0.2431640625 0.25
1 0.30224609375 0.27685546875 0.1083984375 0.1064453125
0 0.1611328125 0.17626953125 0.017578125 0.0185546875
0 0.03955078125 0.09326171875 0.0185546875 0.0146484375
0 0.26806640625 0.23291015625 0.0166015625 0.0146484375
0 0.50830078125 0.388671875 0.0126953125 0.01171875
1 0.08447265625 0.2470703125 0.0927734375 0.08984375
1 0.0263671875 0.1953125 0.052734375 0.083984375
3 0.16162109375 0.31396484375 0.0400390625 0.0361328125