1 0.91845703125 0.6669921875 0.1494140625 0.427734375
1 0.98828125 0.66845703125 0.0234375 0.4248046875
1 0.90625 0.36865234375 0.095703125 0.1689453125
1 0.97412109375 0.365234375 0.0517578125 0.171875
1 0.56884765625 0.556640625 0.1142578125 0.126953125
1 0.5673828125 0.55859375 0.1171875 0.123046875
1 0.4501953125 0.55517578125 0.119140625 0.1201171875
1 0.44970703125 0.55712890625 0.1201171875 0.1220703125
1 0.451171875 0.4345703125 0.11328125 0.123046875
1 0.44970703125 0.43359375 0.1201171875 0.123046875
1 0.5673828125 0.435546875 0.123046875 0.12109375
1 0.5703125 0.4345703125 0.123046875 0.12109375
1 0.26025390625 0.43115234375 0.1240234375 0.1220703125
1 0.26123046875 0.43408203125 0.1220703125 0.1259765625
1 0.1416015625 0.4306640625 0.123046875 0.126953125
1 0.14208984375 0.43115234375 0.1181640625 0.1240234375
1 0.142578125 0.55615234375 0.115234375 0.1220703125
1 0.140625 0.5556640625 0.115234375 0.125
1 0.26220703125 0.55517578125 0.1181640625 0.1240234375
1 0.26025390625 0.55810546875 0.1220703125 0.1181640625
1 0.50146484375 0.86669921875 0.1416015625 0.2666015625
1 0.365234375 0.86279296875 0.134765625 0.2744140625
1 0.431640625 0.98974609375 0.05078125 0.0205078125
1 0.44189453125 0.78125 0.2646484375 0.11328125
0 0.42236328125 0.86083984375 0.0283203125 0.0419921875
0 0.591796875 0.4248046875 0.01953125 0.01953125
0 0.11767578125 0.4228515625 0.0166015625 0.025390625
0 0.53515625 0.94970703125 0.013671875 0.0146484375