1 0.34716796875 0.49609375 0.3203125 0.4697265625
1 0.51611328125 0.46142578125 0.4189453125 0.486328125
1 0.50390625 0.5078125 0.1240234375 0.1201171875
1 0.34716796875 0.57275390625 0.142578125 0.1787109375
0 0.29443359375 0.44287109375 0.0556640625 0.078125
0 0.412109375 0.6044921875 0.01953125 0.017578125
3 0.44140625 0.416015625 0.03125 0.0244140625
0 0.4384765625 0.55712890625 0.0244140625 0.0234375
0 0.41455078125 0.447265625 0.013671875 0.0146484375
1 0.3984375 0.30029296875 0.046875 0.0400390625
3 0.5341796875 0.60009765625 0.044921875 0.04296875
0 0.62939453125 0.6279296875 0.0126953125 0.0166015625
1 0.4599609375 0.8701171875 0.31640625 0.259765625
0 0.50537109375 0.63623046875 0.013671875 0.01171875
1 0.90185546875 0.3173828125 0.1962890625 0.203125
1 0.90087890625 0.21826171875 0.1982421875 0.1884765625
1 0.74951171875 0.07958984375 0.2099609375 0.1123046875
1 0.18115234375 0.08837890625 0.2099609375 0.1767578125
1 0.34716796875 0.08837890625 0.2900390625 0.1767578125
0 0.34619140625 0.0302734375 0.044921875 0.0439453125
0 0.3017578125 0.03076171875 0.025390625 0.0205078125
3 0.166015625 0.01708984375 0.02734375 0.0283203125
1 0.88037109375 0.85205078125 0.158203125 0.2958984375
3 0.9111328125 0.873046875 0.0263671875 0.03125
0 0.88232421875 0.9267578125 0.015625 0.0146484375
0 0.9013671875 0.75244140625 0.0107421875 0.0146484375