1 0.48583984375 0.65673828125 0.1650390625 0.2724609375
1 0.5341796875 0.5595703125 0.3544921875 0.30859375
1 0.56103515625 0.59228515625 0.2421875 0.19140625
1 0.5888671875 0.6875 0.107421875 0.099609375
1 0.35986328125 0.61669921875 0.09765625 0.1103515625
1 0.58935546875 0.38818359375 0.095703125 0.1083984375
1 0.4169921875 0.44482421875 0.3505859375 0.2958984375
1 0.41357421875 0.42578125 0.07421875 0.0595703125
1 0.455078125 0.43310546875 0.05078125 0.0810546875
1 0.4208984375 0.46533203125 0.072265625 0.0439453125
3 0.484375 0.3896484375 0.0341796875 0.0341796875
3 0.3876953125 0.47998046875 0.033203125 0.0361328125
0 0.5810546875 0.4013671875 0.025390625 0.021484375
3 0.60400390625 0.4951171875 0.0361328125 0.037109375
0 0.53271484375 0.5810546875 0.029296875 0.0224609375
0 0.3798828125 0.630859375 0.0244140625 0.025390625