1 0.63623046875 0.50341796875 0.1279296875 0.2880859375
2 0.48876953125 0.48828125 0.248046875 0.3017578125
1 0.47900390625 0.48779296875 0.2861328125 0.314453125
1 0.51123046875 0.11962890625 0.2822265625 0.2392578125
1 0.8203125 0.15966796875 0.0888671875 0.0966796875
1 0.58447265625 0.11669921875 0.0400390625 0.0322265625
2 0.56591796875 0.5693359375 0.0478515625 0.12890625
0 0.5234375 0.548828125 0.0263671875 0.0244140625
0 0.50830078125 0.1171875 0.0302734375 0.02734375
0 0.61767578125 0.53662109375 0.0283203125 0.017578125
0 0.6103515625 0.5927734375 0.021484375 0.0166015625