1 0.56591796875 0.4677734375 0.1591796875 0.30859375
1 0.443359375 0.46142578125 0.16015625 0.30859375
3 0.5732421875 0.42626953125 0.037109375 0.0419921875
3 0.4521484375 0.47900390625 0.0341796875 0.02734375
0 0.60107421875 0.5810546875 0.0166015625 0.01953125
0 0.408203125 0.56982421875 0.0146484375 0.0126953125
0 0.6220703125 0.36328125 0.0185546875 0.017578125
1 0.8359375 0.5869140625 0.2861328125 0.1728515625
1 0.85205078125 0.45703125 0.2880859375 0.14453125
0 0.734375 0.6064453125 0.0205078125 0.0107421875
0 0.9755859375 0.44140625 0.02734375 0.01953125