1 0.443359375 0.48583984375 0.091796875 0.0888671875
1 0.6220703125 0.54052734375 0.2861328125 0.3310546875
1 0.47021484375 0.66552734375 0.2841796875 0.3056640625
1 0.64306640625 0.7353515625 0.0869140625 0.068359375
3 0.58154296875 0.48388671875 0.0341796875 0.0341796875
3 0.66650390625 0.60107421875 0.0361328125 0.0341796875
0 0.5908203125 0.57666015625 0.03515625 0.0400390625
0 0.52783203125 0.630859375 0.0380859375 0.044921875
3 0.421875 0.60400390625 0.03125 0.0302734375
3 0.5087890625 0.72119140625 0.0390625 0.0341796875
0 0.583984375 0.74951171875 0.01171875 0.0146484375
0 0.4189453125 0.5283203125 0.013671875 0.01171875
1 0.2216796875 0.92724609375 0.201171875 0.1455078125
1 0.0859375 0.9619140625 0.080078125 0.076171875
3 0.21337890625 0.97021484375 0.0322265625 0.0361328125
1 0.16552734375 0.17138671875 0.3037109375 0.2939453125
1 0.2578125 0.125 0.302734375 0.25
1 0.16162109375 0.18310546875 0.1376953125 0.1201171875
0 0.29443359375 0.24072265625 0.0244140625 0.0224609375
3 0.28125 0.07275390625 0.037109375 0.0341796875
0 0.17333984375 0.2158203125 0.0185546875 0.01171875