1 0.2802734375 0.39404296875 0.4208984375 0.5205078125
1 0.6240234375 0.474609375 0.4609375 0.94921875
1 0.52587890625 0.6552734375 0.2626953125 0.208984375
1 0.64208984375 0.8173828125 0.21484375 0.2998046875
1 0.33837890625 0.18701171875 0.5576171875 0.3740234375
1 0.4140625 0.26513671875 0.1650390625 0.1298828125
0 0.458984375 0.35986328125 0.03125 0.0380859375
3 0.4990234375 0.37646484375 0.044921875 0.044921875
3 0.55224609375 0.29931640625 0.0419921875 0.0380859375
3 0.322265625 0.32666015625 0.0439453125 0.0400390625
3 0.3466796875 0.46533203125 0.0341796875 0.0224609375
0 0.58544921875 0.52783203125 0.0341796875 0.0302734375
0 0.55224609375 0.33544921875 0.029296875 0.029296875
0 0.6220703125 0.51904296875 0.0205078125 0.0166015625
0 0.61865234375 0.55419921875 0.01953125 0.0224609375
0 0.6044921875 0.32470703125 0.033203125 0.021484375
0 0.4462890625 0.509765625 0.0341796875 0.0458984375
0 0.37451171875 0.35595703125 0.0234375 0.025390625
0 0.7626953125 0.748046875 0.0341796875 0.037109375
0 0.23583984375 0.15478515625 0.03125 0.01953125
0 0.42333984375 0.095703125 0.0283203125 0.0166015625
1 0.662109375 0.63037109375 0.103515625 0.1103515625