1 0.5390625 0.541015625 0.2998046875 0.359375
1 0.43115234375 0.4599609375 0.322265625 0.35546875
1 0.4169921875 0.4345703125 0.1796875 0.09765625
1 0.45654296875 0.375 0.10546875 0.17578125
3 0.5498046875 0.54443359375 0.0400390625 0.05078125
0 0.48876953125 0.5244140625 0.02734375 0.02734375
1 0.9599609375 0.115234375 0.080078125 0.1875
1 0.90234375 0.06591796875 0.1953125 0.1220703125
1 0.40869140625 0.5146484375 0.013671875 0.0146484375
1 0.5205078125 0.4697265625 0.0126953125 0.0166015625
1 0.9091796875 0.61572265625 0.181640625 0.2587890625
2 0.9189453125 0.63134765625 0.16015625 0.1494140625
1 0.859375 0.7294921875 0.2783203125 0.263671875
2 0.88525390625 0.72021484375 0.2255859375 0.2275390625
0 0.87939453125 0.634765625 0.0361328125 0.0380859375
1 0.5126953125 0.81982421875 0.087890625 0.080078125
1 0.5341796875 0.78857421875 0.0849609375 0.0791015625
1 0.94287109375 0.85595703125 0.048828125 0.103515625
1 0.9775390625 0.8701171875 0.0341796875 0.1328125
1 0.09130859375 0.861328125 0.1826171875 0.265625
1 0.05419921875 0.81103515625 0.02734375 0.0244140625
1 0.05615234375 0.82421875 0.0322265625 0.0205078125
1 0.1103515625 0.9306640625 0.02734375 0.025390625
1 0.1123046875 0.9443359375 0.03125 0.0244140625
1 0.03564453125 0.91552734375 0.0712890625 0.1533203125
1 0.03076171875 0.17431640625 0.0556640625 0.2724609375