1 0.60693359375 0.38916015625 0.2998046875 0.2763671875
1 0.67041015625 0.5625 0.2470703125 0.25
1 0.48583984375 0.61865234375 0.2607421875 0.2587890625
1 0.4951171875 0.619140625 0.1591796875 0.1611328125
1 0.44140625 0.45068359375 0.28125 0.263671875
1 0.43994140625 0.4306640625 0.1865234375 0.1943359375
0 0.47265625 0.505859375 0.046875 0.041015625
0 0.51171875 0.3623046875 0.0380859375 0.0380859375
0 0.70263671875 0.45703125 0.0341796875 0.037109375
3 0.61865234375 0.36279296875 0.0341796875 0.033203125
3 0.58349609375 0.45703125 0.03125 0.03125
3 0.6884765625 0.60791015625 0.03125 0.033203125
3 0.61474609375 0.6259765625 0.033203125 0.0341796875
1 0.26171875 0.53662109375 0.265625 0.3408203125
3 0.37158203125 0.453125 0.0234375 0.01953125
1 0.6484375 0.17529296875 0.109375 0.1357421875
1 0.69287109375 0.15771484375 0.0986328125 0.1328125
1 0.123046875 0.65966796875 0.24609375 0.2939453125
1 0.16455078125 0.43115234375 0.3291015625 0.5185546875
1 0.0947265625 0.17919921875 0.16015625 0.3369140625
1 0.0830078125 0.28955078125 0.1396484375 0.140625
1 0.06689453125 0.0361328125 0.0498046875 0.072265625
1 0.263671875 0.18701171875 0.2333984375 0.173828125
1 0.30078125 0.27294921875 0.224609375 0.1806640625
0 0.005859375 0.63525390625 0.01171875 0.0263671875