1 0.55810546875 0.58203125 0.3798828125 0.3994140625
1 0.4580078125 0.478515625 0.3798828125 0.44140625
1 0.0859375 0.828125 0.171875 0.23046875
1 0.1533203125 0.8857421875 0.263671875 0.1611328125
1 0.19775390625 0.51904296875 0.138671875 0.1455078125
1 0.9140625 0.14599609375 0.171875 0.1826171875
1 0.962890625 0.1875 0.07421875 0.228515625
1 0.05712890625 0.736328125 0.1142578125 0.154296875
0 0.51220703125 0.3955078125 0.0302734375 0.0263671875
0 0.2236328125 0.93603515625 0.044921875 0.041015625
0 0.34130859375 0.55322265625 0.0576171875 0.06640625
3 0.6298828125 0.5224609375 0.0498046875 0.048828125