1 0.40771484375 0.4052734375 0.7041015625 0.458984375
1 0.59130859375 0.30078125 0.4189453125 0.3134765625
1 0.283203125 0.16748046875 0.34375 0.27734375
1 0.677734375 0.3564453125 0.0322265625 0.07421875
1 0.68896484375 0.357421875 0.044921875 0.0693359375
1 0.56005859375 0.32275390625 0.03125 0.0810546875
1 0.5703125 0.32275390625 0.0458984375 0.0712890625
1 0.4404296875 0.28662109375 0.0322265625 0.083984375
1 0.451171875 0.28857421875 0.0458984375 0.07421875
1 0.33544921875 0.21142578125 0.033203125 0.0771484375
1 0.34375 0.21337890625 0.0458984375 0.0693359375
1 0.21630859375 0.1767578125 0.033203125 0.0791015625
1 0.22509765625 0.1787109375 0.046875 0.0712890625
3 0.5205078125 0.447265625 0.056640625 0.0458984375
3 0.40185546875 0.4091796875 0.0595703125 0.0498046875
3 0.29638671875 0.337890625 0.0634765625 0.048828125
0 0.7001953125 0.4765625 0.0166015625 0.0205078125
0 0.76513671875 0.3271484375 0.017578125 0.017578125
0 0.62158203125 0.3740234375 0.0166015625 0.017578125
0 0.37451171875 0.2587890625 0.013671875 0.01953125
0 0.4619140625 0.40380859375 0.0126953125 0.015625
0 0.47998046875 0.40771484375 0.015625 0.015625
0 0.248046875 0.3017578125 0.0146484375 0.0166015625
0 0.13232421875 0.26513671875 0.017578125 0.0185546875
0 0.25732421875 0.22216796875 0.017578125 0.0185546875