1 0.5908203125 0.41845703125 0.30859375 0.25
1 0.486328125 0.5947265625 0.1728515625 0.2236328125
1 0.61865234375 0.626953125 0.169921875 0.2294921875
1 0.34326171875 0.62744140625 0.154296875 0.1142578125
1 0.35205078125 0.5576171875 0.169921875 0.2060546875
1 0.37060546875 0.3857421875 0.169921875 0.1923828125
1 0.4130859375 0.34521484375 0.1201171875 0.1083984375
1 0.44921875 0.63232421875 0.03515625 0.0693359375
1 0.47216796875 0.6376953125 0.0390625 0.0732421875
1 0.5 0.6416015625 0.0380859375 0.0732421875
1 0.52392578125 0.64501953125 0.0390625 0.080078125
1 0.578125 0.6572265625 0.0283203125 0.0615234375
1 0.5966796875 0.66162109375 0.0361328125 0.0654296875
0 0.35400390625 0.52783203125 0.021484375 0.021484375
0 0.5478515625 0.3779296875 0.029296875 0.041015625
0 0.64501953125 0.3974609375 0.03125 0.0419921875
0 0.5625 0.4541015625 0.0234375 0.0224609375
0 0.5673828125 0.52685546875 0.0341796875 0.0322265625
1 0.7958984375 0.244140625 0.1337890625 0.2255859375
1 0.79541015625 0.07421875 0.12890625 0.1318359375
1 0.68408203125 0.0849609375 0.1103515625 0.1611328125
1 0.92724609375 0.07568359375 0.1455078125 0.1279296875
1 0.92431640625 0.24462890625 0.1513671875 0.2294921875
1 0.75537109375 0.58203125 0.142578125 0.1357421875
1 0.8974609375 0.27587890625 0.017578125 0.0888671875
1 0.91162109375 0.27783203125 0.025390625 0.0908203125
1 0.96044921875 0.27294921875 0.0244140625 0.0927734375
1 0.97412109375 0.2763671875 0.0283203125 0.0869140625
1 0.9365234375 0.19873046875 0.0361328125 0.0283203125
1 0.89794921875 0.0654296875 0.0146484375 0.05078125
1 0.9111328125 0.06591796875 0.013671875 0.046875
1 0.99072265625 0.06494140625 0.0166015625 0.044921875
1 0.98291015625 0.06689453125 0.0146484375 0.0458984375
0 0.77490234375 0.0888671875 0.0234375 0.021484375
1 0.93408203125 0.0322265625 0.02734375 0.0361328125
1 0.9560546875 0.0322265625 0.0224609375 0.0341796875