1 0.451171875 0.4228515625 0.357421875 0.3203125
1 0.537109375 0.52734375 0.357421875 0.33984375
1 0.4775390625 0.82763671875 0.15234375 0.1669921875
1 0.4306640625 0.8681640625 0.154296875 0.173828125
1 0.12060546875 0.88623046875 0.2412109375 0.2275390625
1 0.080078125 0.79736328125 0.16015625 0.2294921875
1 0.578125 0.666015625 0.0859375 0.09765625
1 0.5556640625 0.71875 0.095703125 0.091796875
1 0.5205078125 0.67578125 0.091796875 0.08984375
1 0.5009765625 0.728515625 0.08203125 0.095703125
1 0.8828125 0.1357421875 0.234375 0.205078125
1 0.90234375 0.2685546875 0.1953125 0.1796875
0 0.43115234375 0.46826171875 0.0263671875 0.0205078125
0 0.5078125 0.5634765625 0.03125 0.033203125
0 0.51708984375 0.5859375 0.0205078125 0.025390625
1 0.78466796875 0.71826171875 0.0830078125 0.0908203125
1 0.8203125 0.6904296875 0.083984375 0.08984375
1 0.9013671875 0.61474609375 0.091796875 0.1318359375
1 0.94580078125 0.59326171875 0.0888671875 0.1259765625
1 0.94140625 0.91357421875 0.1171875 0.1689453125
0 0.98046875 0.96630859375 0.021484375 0.0224609375
0 0.09033203125 0.896484375 0.0263671875 0.0234375
0 0.08642578125 0.97021484375 0.0185546875 0.0185546875
0 0.5634765625 0.484375 0.009765625 0.0078125
0 0.92822265625 0.24365234375 0.0205078125 0.0205078125