1 0.40087890625 0.3876953125 0.2880859375 0.775390625
2 0.419921875 0.12353515625 0.185546875 0.0263671875
2 0.42138671875 0.201171875 0.1787109375 0.04296875
2 0.427734375 0.27490234375 0.18359375 0.0380859375
2 0.4248046875 0.349609375 0.185546875 0.0390625
2 0.42822265625 0.419921875 0.1845703125 0.044921875
3 0.4033203125 0.50341796875 0.02734375 0.0419921875
3 0.501953125 0.49755859375 0.033203125 0.0400390625
3 0.42919921875 0.666015625 0.0322265625 0.0390625
3 0.49462890625 0.0439453125 0.0341796875 0.05078125
3 0.39306640625 0.04296875 0.0302734375 0.044921875
0 0.3291015625 0.23388671875 0.060546875 0.4658203125
0 0.3974609375 0.63671875 0.02734375 0.01953125
0 0.44091796875 0.611328125 0.0146484375 0.01953125
1 0.48388671875 0.96142578125 0.3056640625 0.0751953125
1 0.02978515625 0.88671875 0.0595703125 0.107421875
1 0.029296875 0.96875 0.05859375 0.060546875
1 0.923828125 0.29248046875 0.150390625 0.1240234375
1 0.9658203125 0.6884765625 0.06640625 0.296875
1 0.9736328125 0.916015625 0.05078125 0.166015625