1 0.46923828125 0.44677734375 0.3076171875 0.1640625
1 0.45751953125 0.5615234375 0.3173828125 0.1630859375
3 0.43212890625 0.57568359375 0.029296875 0.03515625
3 0.40673828125 0.57763671875 0.0263671875 0.0341796875
3 0.51123046875 0.58984375 0.02734375 0.033203125
3 0.48193359375 0.5869140625 0.0234375 0.0322265625
3 0.4052734375 0.4169921875 0.0302734375 0.0390625
3 0.54638671875 0.43505859375 0.0283203125 0.037109375
1 0.19384765625 0.42724609375 0.138671875 0.26953125
1 0.10400390625 0.41259765625 0.1318359375 0.2646484375
1 0.1015625 0.796875 0.203125 0.3203125
3 0.123046875 0.76708984375 0.037109375 0.0361328125
3 0.103515625 0.80029296875 0.041015625 0.0419921875
1 0.04638671875 0.853515625 0.083984375 0.076171875
1 0.02490234375 0.68017578125 0.0498046875 0.1630859375