1 0.474609375 0.48193359375 0.2939453125 0.33203125
1 0.43115234375 0.37841796875 0.1669921875 0.197265625
1 0.587890625 0.5556640625 0.283203125 0.34375
1 0.609375 0.57080078125 0.0537109375 0.072265625
1 0.6201171875 0.54248046875 0.06640625 0.0439453125
3 0.59521484375 0.4931640625 0.0439453125 0.046875
3 0.533203125 0.5869140625 0.0458984375 0.0546875
0 0.4970703125 0.52685546875 0.025390625 0.0244140625
1 0.5166015625 0.26953125 0.15234375 0.1533203125
1 0.42919921875 0.09130859375 0.0966796875 0.09375
1 0.08056640625 0.5380859375 0.1611328125 0.2734375
1 0.01513671875 0.46337890625 0.0302734375 0.0869140625
1 0.0302734375 0.6875 0.060546875 0.134765625
1 0.02880859375 0.5673828125 0.0576171875 0.12890625