1 0.4892578125 0.39599609375 0.3447265625 0.12890625
2 0.4375 0.39599609375 0.232421875 0.0927734375
1 0.50439453125 0.49462890625 0.3447265625 0.1435546875
1 0.7099609375 0.4619140625 0.095703125 0.126953125
1 0.56640625 0.3701171875 0.0234375 0.02734375
1 0.427734375 0.53759765625 0.015625 0.0185546875
1 0.69970703125 0.78955078125 0.30859375 0.18359375
2 0.62939453125 0.8291015625 0.064453125 0.0400390625
2 0.7919921875 0.7841796875 0.087890625 0.08203125
3 0.74560546875 0.82080078125 0.0185546875 0.0244140625
3 0.73486328125 0.7568359375 0.0166015625 0.0283203125
0 0.69580078125 0.78369140625 0.0283203125 0.04296875
0 0.72705078125 0.93994140625 0.037109375 0.033203125
1 0.47265625 0.90869140625 0.234375 0.0966796875