1 0.3603515625 0.78662109375 0.1484375 0.154296875
1 0.36767578125 0.74658203125 0.1279296875 0.091796875
1 0.24951171875 0.80078125 0.1591796875 0.1572265625
1 0.2412109375 0.75537109375 0.1298828125 0.08984375
1 0.3564453125 0.61376953125 0.171875 0.1982421875
1 0.361328125 0.677734375 0.1259765625 0.0908203125
1 0.232421875 0.62841796875 0.1552734375 0.197265625
1 0.22802734375 0.67724609375 0.1357421875 0.1162109375
1 0.54150390625 0.49560546875 0.3271484375 0.2998046875
1 0.55908203125 0.669921875 0.3154296875 0.1923828125
0 0.52587890625 0.587890625 0.0400390625 0.0361328125
0 0.42626953125 0.5263671875 0.0322265625 0.0390625
1 0.6494140625 0.208984375 0.265625 0.20703125
1 0.5966796875 0.2451171875 0.0859375 0.1240234375
1 0.48779296875 0.1484375 0.2236328125 0.296875
1 0.54541015625 0.24267578125 0.0859375 0.1015625
1 0.65478515625 0.1025390625 0.2705078125 0.205078125
1 0.34375 0.15234375 0.333984375 0.3046875
0 0.630859375 0.07666015625 0.064453125 0.0380859375