1 0.580078125 0.38623046875 0.154296875 0.2041015625
1 0.66845703125 0.3662109375 0.1416015625 0.244140625
1 0.57470703125 0.52587890625 0.3486328125 0.2509765625
1 0.62158203125 0.6728515625 0.3486328125 0.224609375
1 0.5947265625 0.6923828125 0.095703125 0.15234375
1 0.6708984375 0.685546875 0.142578125 0.140625
1 0.88671875 0.267578125 0.169921875 0.181640625
1 0.9462890625 0.41064453125 0.107421875 0.1767578125
1 0.9658203125 0.548828125 0.068359375 0.134765625
0 0.97802734375 0.57568359375 0.0283203125 0.0322265625
0 0.73779296875 0.58740234375 0.0185546875 0.0263671875
3 0.53466796875 0.66748046875 0.0712890625 0.0634765625
3 0.5869140625 0.498046875 0.033203125 0.04296875