1 0.5927734375 0.47119140625 0.7822265625 0.5791015625
1 0.5205078125 0.6337890625 0.759765625 0.5859375
3 0.8662109375 0.58642578125 0.0478515625 0.044921875
3 0.62646484375 0.490234375 0.05078125 0.048828125
3 0.3779296875 0.37890625 0.0498046875 0.046875
3 0.3095703125 0.544921875 0.044921875 0.0439453125
3 0.732421875 0.72802734375 0.0400390625 0.044921875
2 0.56103515625 0.68115234375 0.1484375 0.1328125
3 0.64599609375 0.689453125 0.0400390625 0.0400390625
3 0.705078125 0.6083984375 0.0283203125 0.03125
3 0.4228515625 0.63623046875 0.029296875 0.01953125
3 0.380859375 0.47216796875 0.03125 0.0361328125
3 0.26171875 0.5712890625 0.0341796875 0.0263671875
3 0.54248046875 0.53857421875 0.0322265625 0.0322265625
2 0.65478515625 0.541015625 0.1845703125 0.1279296875
2 0.62939453125 0.62255859375 0.119140625 0.1015625
0 0.58251953125 0.70703125 0.021484375 0.0205078125
0 0.74365234375 0.7763671875 0.021484375 0.0166015625
0 0.86376953125 0.6767578125 0.0322265625 0.0380859375