1 0.54052734375 0.54541015625 0.265625 0.2333984375
1 0.48681640625 0.431640625 0.279296875 0.2392578125
1 0.3798828125 0.44189453125 0.3330078125 0.25
1 0.3291015625 0.337890625 0.3798828125 0.2978515625
1 0.14208984375 0.70263671875 0.283203125 0.3916015625
1 0.32275390625 0.77587890625 0.2021484375 0.1552734375
1 0.310546875 0.70263671875 0.1611328125 0.1259765625
1 0.08349609375 0.78857421875 0.1279296875 0.2822265625
1 0.3095703125 0.1103515625 0.166015625 0.1904296875
1 0.15673828125 0.16796875 0.203125 0.259765625
1 0.22802734375 0.14306640625 0.19140625 0.232421875
2 0.23095703125 0.15185546875 0.1435546875 0.1865234375
0 0.3330078125 0.3994140625 0.05078125 0.046875
0 0.5166015625 0.43701171875 0.0439453125 0.04296875
0 0.41845703125 0.400390625 0.0302734375 0.029296875
0 0.171875 0.8359375 0.025390625 0.0224609375
0 0.1279296875 0.88037109375 0.0302734375 0.025390625