1 0.41015625 0.28857421875 0.2861328125 0.181640625
1 0.5166015625 0.34716796875 0.1650390625 0.2763671875
1 0.443359375 0.44482421875 0.2890625 0.1728515625
1 0.34033203125 0.380859375 0.169921875 0.2841796875
0 0.39453125 0.32421875 0.0244140625 0.033203125
0 0.34326171875 0.25830078125 0.0224609375 0.0234375
3 0.42724609375 0.41748046875 0.0185546875 0.0205078125
0 0.3154296875 0.38330078125 0.0205078125 0.0126953125
1 0.88427734375 0.40087890625 0.2314453125 0.4111328125
1 0.89306640625 0.263671875 0.2138671875 0.228515625
1 0.904296875 0.40380859375 0.09375 0.060546875
1 0.90234375 0.37353515625 0.0947265625 0.0546875
1 0.86572265625 0.39208984375 0.126953125 0.1513671875
1 0.0546875 0.57958984375 0.109375 0.3193359375
1 0.63671875 0.919921875 0.37109375 0.16015625
1 0.505859375 0.96533203125 0.109375 0.0693359375
1 0.80322265625 0.93115234375 0.1396484375 0.1376953125
0 0.68505859375 0.9853515625 0.0302734375 0.029296875