1 0.41943359375 0.45947265625 0.2001953125 0.3154296875
1 0.5361328125 0.43310546875 0.166015625 0.3115234375
1 0.50048828125 0.2529296875 0.1220703125 0.107421875
1 0.3798828125 0.27978515625 0.1533203125 0.099609375
1 0.43505859375 0.25390625 0.09765625 0.072265625
1 0.28076171875 0.6767578125 0.220703125 0.1279296875
1 0.2607421875 0.6240234375 0.2314453125 0.1279296875
1 0.16845703125 0.57958984375 0.080078125 0.0888671875
1 0.24365234375 0.5771484375 0.115234375 0.1357421875
1 0.306640625 0.5556640625 0.0810546875 0.1533203125
1 0.74951171875 0.24853515625 0.306640625 0.177734375
1 0.76953125 0.3623046875 0.29296875 0.169921875
1 0.63037109375 0.7314453125 0.30859375 0.23046875
1 0.66943359375 0.85107421875 0.2822265625 0.193359375
1 0.74609375 0.88330078125 0.1826171875 0.20703125
1 0.6171875 0.8974609375 0.17578125 0.201171875
1 0.3994140625 0.8251953125 0.2822265625 0.2353515625
1 0.4423828125 0.923828125 0.234375 0.15234375
0 0.654296875 0.3515625 0.0224609375 0.0244140625
0 0.39404296875 0.50537109375 0.0322265625 0.0263671875
0 0.74169921875 0.78662109375 0.029296875 0.02734375
0 0.9169921875 0.3505859375 0.0322265625 0.0302734375
0 0.61572265625 0.85498046875 0.0244140625 0.0205078125
0 0.52978515625 0.77734375 0.015625 0.015625
0 0.4775390625 0.771484375 0.017578125 0.0185546875
1 0.62060546875 0.7392578125 0.078125 0.115234375