1 0.57373046875 0.58203125 0.2958984375 0.3798828125
1 0.484375 0.33056640625 0.212890625 0.2685546875
1 0.54736328125 0.4521484375 0.072265625 0.056640625
1 0.55419921875 0.47412109375 0.0791015625 0.046875
1 0.58544921875 0.529296875 0.07421875 0.0595703125
1 0.5927734375 0.54931640625 0.0791015625 0.0458984375
1 0.4208984375 0.6455078125 0.318359375 0.4013671875
1 0.30615234375 0.4970703125 0.30078125 0.228515625
1 0.384765625 0.60400390625 0.0771484375 0.0478515625
1 0.388671875 0.62109375 0.0732421875 0.0478515625
1 0.36474609375 0.56494140625 0.0791015625 0.0478515625
1 0.3701171875 0.58203125 0.07421875 0.0478515625
1 0.3408203125 0.32958984375 0.181640625 0.154296875
1 0.2734375 0.38525390625 0.328125 0.21484375
1 0.419921875 0.42431640625 0.072265625 0.0859375
1 0.27734375 0.1962890625 0.087890625 0.1474609375
1 0.24267578125 0.20556640625 0.0712890625 0.142578125
0 0.3974609375 0.77978515625 0.0185546875 0.0185546875
0 0.3974609375 0.513671875 0.0224609375 0.0234375
0 0.33984375 0.54150390625 0.017578125 0.0244140625
3 0.30029296875 0.513671875 0.0341796875 0.0283203125
0 0.2109375 0.37890625 0.0400390625 0.0361328125
0 0.28564453125 0.34814453125 0.041015625 0.0400390625
0 0.2265625 0.1630859375 0.0185546875 0.0166015625
3 0.46044921875 0.39501953125 0.0205078125 0.0234375
0 0.48388671875 0.29541015625 0.0546875 0.052734375
0 0.50048828125 0.3388671875 0.013671875 0.01171875
0 0.375 0.48681640625 0.0126953125 0.0126953125
0 0.4111328125 0.6396484375 0.0166015625 0.013671875
0 0.52001953125 0.37744140625 0.0576171875 0.0576171875