1 0.50732421875 0.48388671875 0.2333984375 0.2197265625
1 0.423828125 0.5595703125 0.208984375 0.22265625
1 0.1181640625 0.8251953125 0.236328125 0.22265625
1 0.07421875 0.86083984375 0.1484375 0.1513671875
2 0.09521484375 0.82666015625 0.1279296875 0.1259765625
0 0.033203125 0.8603515625 0.0234375 0.025390625
0 0.451171875 0.48583984375 0.037109375 0.0341796875
0 0.501953125 0.52294921875 0.046875 0.0439453125
1 0.3251953125 0.43017578125 0.1640625 0.1728515625
1 0.21240234375 0.47998046875 0.1396484375 0.1435546875
1 0.33935546875 0.58203125 0.0966796875 0.1015625
1 0.8720703125 0.19287109375 0.240234375 0.2529296875
1 0.90283203125 0.1611328125 0.1943359375 0.20703125
0 0.876953125 0.17431640625 0.021484375 0.0205078125
0 0.47021484375 0.40576171875 0.0126953125 0.0166015625