1 0.59521484375 0.4072265625 0.4375 0.6982421875
1 0.7001953125 0.59130859375 0.3017578125 0.4130859375
1 0.83203125 0.283203125 0.2685546875 0.3369140625
1 0.6435546875 0.67822265625 0.07421875 0.03125
1 0.64208984375 0.68896484375 0.068359375 0.0419921875
1 0.677734375 0.55908203125 0.0810546875 0.0302734375
1 0.6767578125 0.56982421875 0.0703125 0.04296875
1 0.712890625 0.4404296875 0.0830078125 0.03125
1 0.71240234375 0.45166015625 0.0732421875 0.0439453125
1 0.78759765625 0.3359375 0.0771484375 0.03125
1 0.7861328125 0.34326171875 0.068359375 0.04296875
1 0.8232421875 0.21533203125 0.0791015625 0.0322265625
1 0.8212890625 0.224609375 0.0703125 0.0439453125
3 0.55322265625 0.5205078125 0.0439453125 0.0556640625
3 0.59033203125 0.4013671875 0.048828125 0.0595703125
3 0.66162109375 0.29541015625 0.0478515625 0.0634765625
0 0.5234375 0.70068359375 0.0205078125 0.0166015625
0 0.671875 0.76513671875 0.017578125 0.017578125
0 0.626953125 0.62109375 0.017578125 0.017578125
0 0.7412109375 0.375 0.0185546875 0.013671875
0 0.5966796875 0.4619140625 0.0146484375 0.013671875
0 0.59228515625 0.47998046875 0.0166015625 0.0166015625
0 0.6982421875 0.2490234375 0.015625 0.0146484375
0 0.7353515625 0.1328125 0.0185546875 0.017578125
0 0.77685546875 0.25732421875 0.0185546875 0.017578125