1 0.60302734375 0.59423828125 0.4052734375 0.470703125
1 0.2880859375 0.56005859375 0.3623046875 0.36328125
0 0.27197265625 0.4658203125 0.017578125 0.015625
0 0.69677734375 0.52783203125 0.0146484375 0.013671875
0 0.53369140625 0.5224609375 0.0166015625 0.017578125
0 0.50830078125 0.48828125 0.015625 0.013671875
0 0.4912109375 0.60791015625 0.017578125 0.0166015625
0 0.455078125 0.63623046875 0.0166015625 0.015625
1 0.96826171875 0.26708984375 0.0634765625 0.1982421875
1 0.90576171875 0.36376953125 0.1884765625 0.3388671875
3 0.91455078125 0.369140625 0.1708984375 0.283203125
0 0.9912109375 0.28857421875 0.017578125 0.0302734375