1 0.44677734375 0.40625 0.4111328125 0.310546875
1 0.552734375 0.5263671875 0.37890625 0.3564453125
0 0.49951171875 0.552734375 0.0390625 0.0400390625
3 0.53564453125 0.54931640625 0.037109375 0.0419921875
3 0.564453125 0.52587890625 0.0322265625 0.033203125
3 0.6044921875 0.50244140625 0.0302734375 0.03125
3 0.458984375 0.40087890625 0.048828125 0.0458984375
3 0.39111328125 0.36376953125 0.046875 0.0439453125
3 0.35400390625 0.39013671875 0.048828125 0.0458984375
3 0.3193359375 0.41796875 0.046875 0.0439453125
0 0.33056640625 0.4560546875 0.0400390625 0.0390625
1 0.88720703125 0.1796875 0.18359375 0.2783203125
1 0.8251953125 0.259765625 0.26953125 0.32421875
0 0.7421875 0.19287109375 0.0498046875 0.0537109375
1 0.8974609375 0.6181640625 0.205078125 0.240234375
1 0.93798828125 0.75537109375 0.1240234375 0.1923828125
3 0.96630859375 0.57763671875 0.0439453125 0.0400390625
0 0.93115234375 0.66357421875 0.041015625 0.03515625
0 0.97216796875 0.78369140625 0.0224609375 0.0224609375