1 0.58251953125 0.52392578125 0.2998046875 0.1552734375
1 0.5810546875 0.66357421875 0.3056640625 0.1513671875
3 0.5888671875 0.52978515625 0.02734375 0.03515625
2 0.65771484375 0.5244140625 0.0634765625 0.0458984375
1 0.52587890625 0.41357421875 0.1552734375 0.0830078125
1 0.134765625 0.798828125 0.26953125 0.138671875
1 0.13427734375 0.9169921875 0.2685546875 0.13671875
0 0.109375 0.8515625 0.0224609375 0.021484375
0 0.01708984375 0.87109375 0.0234375 0.0205078125
0 0.0966796875 0.78857421875 0.021484375 0.0185546875
0 0.16015625 0.791015625 0.0126953125 0.01171875
1 0.95703125 0.54443359375 0.0859375 0.2373046875