1 0.5791015625 0.84130859375 0.29296875 0.3173828125
1 0.4638671875 0.85986328125 0.314453125 0.2802734375
1 0.23974609375 0.859375 0.4794921875 0.27734375
1 0.1875 0.71826171875 0.2939453125 0.2783203125
1 0.42626953125 0.5751953125 0.466796875 0.5224609375
1 0.47216796875 0.58349609375 0.1708984375 0.201171875
1 0.49365234375 0.64599609375 0.228515625 0.1787109375
3 0.4375 0.72021484375 0.0400390625 0.03515625
0 0.34375 0.72021484375 0.0390625 0.037109375
3 0.35595703125 0.74072265625 0.0322265625 0.03125
3 0.3701171875 0.76220703125 0.03125 0.025390625
0 0.4619140625 0.63720703125 0.04296875 0.041015625
0 0.32275390625 0.6552734375 0.03125 0.02734375