1 0.5224609375 0.359375 0.2255859375 0.2509765625
1 0.41015625 0.451171875 0.236328125 0.2314453125
1 0.69091796875 0.5908203125 0.333984375 0.4541015625
1 0.56396484375 0.69091796875 0.4208984375 0.421875
0 0.5224609375 0.42578125 0.029296875 0.033203125
0 0.51318359375 0.32958984375 0.0302734375 0.0263671875
3 0.56396484375 0.4052734375 0.0341796875 0.0498046875
3 0.5244140625 0.35302734375 0.029296875 0.0380859375
3 0.37255859375 0.43896484375 0.05078125 0.0498046875
3 0.42578125 0.5087890625 0.0498046875 0.046875
3 0.4697265625 0.67333984375 0.0732421875 0.0693359375
3 0.49609375 0.7109375 0.0693359375 0.0634765625
3 0.60400390625 0.62890625 0.03125 0.0263671875
3 0.54541015625 0.5517578125 0.037109375 0.0302734375