1 0.552734375 0.50341796875 0.19140625 0.294921875
1 0.70166015625 0.52197265625 0.2958984375 0.3330078125
1 0.41357421875 0.4951171875 0.275390625 0.3076171875
1 0.75732421875 0.322265625 0.203125 0.2109375
1 0.56787109375 0.29248046875 0.265625 0.2158203125
1 0.55517578125 0.26318359375 0.2021484375 0.1435546875
1 0.54931640625 0.31640625 0.2138671875 0.0966796875
3 0.76708984375 0.30712890625 0.0419921875 0.046875
0 0.73583984375 0.486328125 0.015625 0.013671875
3 0.73486328125 0.44580078125 0.0361328125 0.0302734375
3 0.7197265625 0.56201171875 0.03125 0.02734375
3 0.7109375 0.60498046875 0.037109375 0.03515625
3 0.4423828125 0.55322265625 0.0458984375 0.04296875
3 0.451171875 0.43212890625 0.0498046875 0.044921875
3 0.5849609375 0.41162109375 0.029296875 0.0244140625
3 0.72314453125 0.36083984375 0.0341796875 0.0322265625
0 0.74951171875 0.51123046875 0.0380859375 0.03515625
0 0.64599609375 0.41748046875 0.0185546875 0.0205078125
0 0.556640625 0.38671875 0.0087890625 0.013671875
0 0.5048828125 0.390625 0.0322265625 0.0263671875
1 0.97705078125 0.76220703125 0.0458984375 0.1455078125
1 0.77734375 0.0478515625 0.208984375 0.095703125
0 0.73876953125 0.00390625 0.0166015625 0.0078125