1 0.47998046875 0.46337890625 0.18359375 0.2177734375
1 0.40625 0.6640625 0.33203125 0.2568359375
1 0.3505859375 0.48583984375 0.1591796875 0.2548828125
1 0.27685546875 0.4833984375 0.08203125 0.2529296875
1 0.1669921875 0.65869140625 0.2197265625 0.2783203125
1 0.16064453125 0.50732421875 0.2099609375 0.1162109375
1 0.208984375 0.40185546875 0.111328125 0.0888671875
1 0.2060546875 0.44775390625 0.1064453125 0.0478515625
0 0.23193359375 0.623046875 0.0185546875 0.0234375
3 0.28271484375 0.43798828125 0.044921875 0.048828125
0 0.328125 0.43212890625 0.017578125 0.0205078125
0 0.47607421875 0.6025390625 0.0166015625 0.0185546875
1 0.80615234375 0.1953125 0.328125 0.3681640625
1 0.68896484375 0.14453125 0.3173828125 0.2890625
1 0.6962890625 0.09912109375 0.1455078125 0.1630859375
0 0.7568359375 0.146484375 0.03515625 0.03515625
3 0.6337890625 0.1767578125 0.0361328125 0.037109375
1 0.91357421875 0.04931640625 0.1591796875 0.0908203125
3 0.80712890625 0.19287109375 0.0322265625 0.0341796875
1 0.76025390625 0.27685546875 0.0673828125 0.1083984375
3 0.75 0.3193359375 0.0302734375 0.03125
1 0.8193359375 0.29052734375 0.068359375 0.0830078125
1 0.7919921875 0.2353515625 0.125 0.0556640625