1 0.369140625 0.5419921875 0.2626953125 0.1630859375
1 0.53662109375 0.63037109375 0.162109375 0.265625
1 0.43359375 0.63720703125 0.1630859375 0.2607421875
1 0.6201171875 0.57470703125 0.2470703125 0.1591796875
1 0.61181640625 0.47021484375 0.2470703125 0.16796875
1 0.556640625 0.37744140625 0.1494140625 0.2607421875
1 0.4462890625 0.380859375 0.1552734375 0.26171875
1 0.36083984375 0.4375 0.2685546875 0.1640625
1 0.65087890625 0.92724609375 0.3349609375 0.1455078125
1 0.61669921875 0.966796875 0.0888671875 0.0546875
1 0.87939453125 0.1845703125 0.189453125 0.3486328125
1 0.82470703125 0.03125 0.1298828125 0.0625
1 0.369140625 0.04052734375 0.099609375 0.0703125
1 0.46337890625 0.0361328125 0.0986328125 0.072265625
1 0.1259765625 0.291015625 0.251953125 0.341796875
0 0.33154296875 0.53515625 0.04296875 0.0419921875
0 0.54931640625 0.34814453125 0.0341796875 0.0380859375
3 0.43701171875 0.5205078125 0.03515625 0.0361328125
3 0.51513671875 0.45068359375 0.0341796875 0.0380859375
0 0.43017578125 0.630859375 0.015625 0.017578125
0 0.69287109375 0.5361328125 0.021484375 0.01953125