1 0.41796875 0.43603515625 0.3251953125 0.30859375
1 0.49560546875 0.58203125 0.353515625 0.2998046875
1 0.36669921875 0.72216796875 0.1513671875 0.1259765625
1 0.32470703125 0.64990234375 0.130859375 0.1318359375
3 0.49755859375 0.58984375 0.0498046875 0.0478515625
0 0.6025390625 0.5234375 0.017578125 0.01953125
0 0.6025390625 0.55322265625 0.013671875 0.0166015625
0 0.421875 0.44287109375 0.01953125 0.0263671875
0 0.46630859375 0.611328125 0.013671875 0.0126953125
1 0.8310546875 0.21923828125 0.337890625 0.3212890625
1 0.84814453125 0.236328125 0.1708984375 0.1689453125
1 0.8623046875 0.349609375 0.275390625 0.291015625
3 0.8994140625 0.361328125 0.0546875 0.0546875
3 0.94189453125 0.2724609375 0.0146484375 0.0107421875