1 0.517578125 0.54638671875 0.3486328125 0.26953125
1 0.43798828125 0.41845703125 0.4111328125 0.39453125
1 0.837890625 0.1611328125 0.2734375 0.322265625
1 0.90283203125 0.095703125 0.1123046875 0.181640625
1 0.75244140625 0.86083984375 0.416015625 0.2666015625
1 0.8935546875 0.912109375 0.1796875 0.09765625
0 0.90478515625 0.94482421875 0.0185546875 0.0087890625
0 0.78271484375 0.9208984375 0.0283203125 0.0322265625
2 0.51806640625 0.41845703125 0.087890625 0.08203125
0 0.42724609375 0.49267578125 0.052734375 0.05859375
0 0.47509765625 0.60791015625 0.0185546875 0.015625
0 0.83984375 0.16162109375 0.037109375 0.0341796875
0 0.8125 0.13427734375 0.0341796875 0.0283203125
1 0.96240234375 0.28466796875 0.0322265625 0.0625
0 0.90771484375 0.25341796875 0.025390625 0.0263671875