1 0.5888671875 0.50146484375 0.6455078125 0.33203125
1 0.8330078125 0.544921875 0.0888671875 0.099609375
1 0.78466796875 0.533203125 0.064453125 0.123046875
1 0.69677734375 0.50341796875 0.087890625 0.095703125
1 0.64990234375 0.4931640625 0.06640625 0.1201171875
1 0.5615234375 0.46533203125 0.0888671875 0.0966796875
1 0.5126953125 0.45361328125 0.06640625 0.1279296875
1 0.4228515625 0.421875 0.0908203125 0.099609375
1 0.37646484375 0.41015625 0.06640625 0.12109375
1 0.54736328125 0.64013671875 0.640625 0.3095703125
1 0.30615234375 0.6025390625 0.091796875 0.0927734375
1 0.357421875 0.61279296875 0.0673828125 0.0966796875
1 0.44384765625 0.64404296875 0.0859375 0.1044921875
1 0.494140625 0.65380859375 0.0654296875 0.10546875
1 0.57958984375 0.6845703125 0.08984375 0.1005859375
1 0.6328125 0.68994140625 0.0703125 0.1103515625
1 0.71728515625 0.72607421875 0.08984375 0.0986328125
1 0.7685546875 0.73291015625 0.068359375 0.1103515625
3 0.7255859375 0.59912109375 0.0234375 0.037109375
0 0.8447265625 0.62646484375 0.017578125 0.0146484375
3 0.69677734375 0.587890625 0.02734375 0.033203125
3 0.6064453125 0.568359375 0.0302734375 0.0400390625
3 0.54150390625 0.548828125 0.03515625 0.0380859375
3 0.45361328125 0.515625 0.0244140625 0.033203125
3 0.423828125 0.50830078125 0.0341796875 0.0400390625
1 0.0927734375 0.2998046875 0.1494140625 0.1806640625
3 0.10693359375 0.34912109375 0.0224609375 0.0224609375
1 0.09521484375 0.2685546875 0.087890625 0.09765625
1 0.05908203125 0.26513671875 0.041015625 0.1025390625
1 0.060546875 0.43994140625 0.12109375 0.1611328125
1 0.02978515625 0.45703125 0.0595703125 0.099609375
1 0.01123046875 0.44677734375 0.0224609375 0.0810546875
3 0.57763671875 0.6005859375 0.0244140625 0.02734375
0 0.4111328125 0.54736328125 0.02734375 0.0263671875
0 0.70849609375 0.6337890625 0.01953125 0.01953125