1 0.453125 0.70947265625 0.25390625 0.5810546875
1 0.28564453125 0.68994140625 0.251953125 0.5888671875
1 0.4677734375 0.5966796875 0.140625 0.146484375
1 0.59521484375 0.78125 0.1171875 0.126953125
1 0.51025390625 0.7353515625 0.1875 0.080078125
1 0.5029296875 0.79248046875 0.1904296875 0.0849609375
1 0.22998046875 0.07861328125 0.1025390625 0.1572265625
1 0.14990234375 0.07275390625 0.1025390625 0.1455078125
1 0.083984375 0.0703125 0.0859375 0.140625
1 0.30859375 0.55029296875 0.130859375 0.0966796875
1 0.2666015625 0.82373046875 0.1328125 0.0986328125
3 0.46923828125 0.83642578125 0.033203125 0.02734375
3 0.4892578125 0.68212890625 0.0419921875 0.029296875
0 0.39404296875 0.7392578125 0.0185546875 0.0126953125
0 0.3916015625 0.75634765625 0.0224609375 0.0146484375
0 0.431640625 0.5986328125 0.021484375 0.017578125
1 0.42138671875 0.919921875 0.1318359375 0.1318359375
0 0.3896484375 0.90625 0.021484375 0.0146484375
3 0.27001953125 0.62646484375 0.0791015625 0.087890625
3 0.251953125 0.693359375 0.0380859375 0.0302734375
3 0.24755859375 0.724609375 0.0390625 0.02734375
0 0.1005859375 0.00537109375 0.021484375 0.0107421875
1 0.5009765625 0.09375 0.162109375 0.1875
1 0.6220703125 0.10302734375 0.1240234375 0.193359375
3 0.63720703125 0.02587890625 0.02734375 0.0283203125
2 0.5283203125 0.08740234375 0.078125 0.1748046875
3 0.486328125 0.0205078125 0.0361328125 0.0400390625
0 0.66064453125 0.06787109375 0.01171875 0.009765625
3 0.2294921875 0.8994140625 0.0791015625 0.0869140625