1 0.51708984375 0.52978515625 0.2236328125 0.330078125
2 0.521484375 0.52685546875 0.1806640625 0.3115234375
1 0.6328125 0.51416015625 0.1484375 0.322265625
1 0.693359375 0.50537109375 0.109375 0.3134765625
0 0.689453125 0.55712890625 0.0185546875 0.021484375
1 0.640625 0.5 0.0390625 0.0419921875
3 0.63720703125 0.46435546875 0.017578125 0.0146484375
1 0.94482421875 0.3662109375 0.1103515625 0.306640625
3 0.96923828125 0.4228515625 0.0263671875 0.0361328125
3 0.97607421875 0.3427734375 0.0380859375 0.0439453125
1 0.91357421875 0.55322265625 0.099609375 0.0771484375
1 0.76708984375 0.83935546875 0.1611328125 0.1162109375
1 0.74755859375 0.78857421875 0.1650390625 0.119140625
1 0.8828125 0.853515625 0.0654296875 0.1083984375
1 0.93359375 0.9013671875 0.07421875 0.197265625
1 0.38330078125 0.77734375 0.09375 0.1025390625
1 0.1337890625 0.8740234375 0.2021484375 0.169921875
1 0.1181640625 0.94140625 0.173828125 0.0595703125
1 0.27685546875 0.8916015625 0.1572265625 0.1884765625