1 0.37841796875 0.404296875 0.2099609375 0.44921875
1 0.60986328125 0.43212890625 0.3154296875 0.4931640625
1 0.61083984375 0.38671875 0.2822265625 0.154296875
1 0.60400390625 0.56298828125 0.2705078125 0.2568359375
1 0.3662109375 0.76611328125 0.177734375 0.2978515625
1 0.47314453125 0.88525390625 0.2060546875 0.0771484375
1 0.53173828125 0.75341796875 0.1689453125 0.2802734375
1 0.365234375 0.796875 0.111328125 0.05859375
1 0.3623046875 0.6923828125 0.111328125 0.0703125
1 0.3818359375 0.5517578125 0.091796875 0.04296875
1 0.3818359375 0.51708984375 0.0859375 0.0361328125
1 0.39208984375 0.400390625 0.0869140625 0.04296875
1 0.39208984375 0.36669921875 0.0888671875 0.0341796875
1 0.55859375 0.9208984375 0.216796875 0.158203125
1 0.7373046875 0.92236328125 0.185546875 0.1552734375
1 0.73779296875 0.9580078125 0.0654296875 0.0390625
1 0.73974609375 0.9326171875 0.0712890625 0.01953125
0 0.45458984375 0.42236328125 0.0244140625 0.0263671875
0 0.48828125 0.60009765625 0.03125 0.0146484375
0 0.5185546875 0.41357421875 0.0390625 0.0224609375
0 0.6103515625 0.322265625 0.017578125 0.017578125
1 0.50634765625 0.986328125 0.0556640625 0.02734375
1 0.5068359375 0.9638671875 0.056640625 0.02734375