1 0.62548828125 0.42138671875 0.4365234375 0.3974609375
1 0.40087890625 0.7939453125 0.46875 0.3701171875
2 0.27099609375 0.7607421875 0.0751953125 0.0634765625
2 0.2724609375 0.818359375 0.12109375 0.0859375
2 0.23583984375 0.85888671875 0.0966796875 0.078125
2 0.404296875 0.7626953125 0.2255859375 0.1396484375
2 0.42578125 0.71337890625 0.22265625 0.138671875
2 0.43310546875 0.8544921875 0.123046875 0.087890625
2 0.533203125 0.90966796875 0.095703125 0.078125
2 0.55810546875 0.861328125 0.0966796875 0.072265625
2 0.625 0.44580078125 0.3984375 0.2578125
2 0.54541015625 0.29638671875 0.140625 0.1181640625
1 0.873046875 0.93359375 0.23828125 0.1328125
2 0.806640625 0.98193359375 0.072265625 0.0361328125
2 0.9169921875 0.93994140625 0.150390625 0.1083984375
2 0.92919921875 0.9775390625 0.1181640625 0.044921875