1 0.57275390625 0.58935546875 0.4541015625 0.2978515625
1 0.5927734375 0.65087890625 0.12109375 0.1611328125
1 0.5107421875 0.63818359375 0.15625 0.1376953125
1 0.626953125 0.48974609375 0.4375 0.2822265625
1 0.7978515625 0.4482421875 0.166015625 0.130859375
1 0.552734375 0.37158203125 0.36328125 0.1767578125
3 0.4765625 0.39697265625 0.0390625 0.0322265625
3 0.5361328125 0.42041015625 0.033203125 0.0341796875
3 0.591796875 0.44287109375 0.04296875 0.0380859375
3 0.6826171875 0.46484375 0.029296875 0.03515625
0 0.7109375 0.47705078125 0.021484375 0.0185546875
2 0.4677734375 0.5029296875 0.13671875 0.091796875
3 0.41943359375 0.56787109375 0.0283203125 0.0244140625
3 0.484375 0.5888671875 0.02734375 0.02734375
0 0.6435546875 0.6630859375 0.03125 0.037109375
3 0.70849609375 0.6865234375 0.0341796875 0.03125
1 0.1259765625 0.41259765625 0.251953125 0.2373046875
1 0.10400390625 0.55859375 0.2080078125 0.19140625
0 0.06982421875 0.58251953125 0.0322265625 0.0302734375
0 0.01171875 0.55859375 0.0234375 0.048828125
0 0.13134765625 0.39453125 0.0283203125 0.03125
0 0.0458984375 0.36474609375 0.03125 0.0341796875
0 0.009765625 0.35205078125 0.01953125 0.0380859375
1 0.25927734375 0.36376953125 0.1162109375 0.2197265625
0 0.21875 0.40380859375 0.015625 0.0166015625
1 0.1767578125 0.291015625 0.115234375 0.140625
1 0.33349609375 0.85986328125 0.1142578125 0.0849609375
1 0.35498046875 0.8115234375 0.1162109375 0.09375
1 0.50048828125 0.8857421875 0.2724609375 0.228515625
1 0.4326171875 0.96630859375 0.197265625 0.0673828125
0 0.490234375 0.8798828125 0.01171875 0.01953125
0 0.57275390625 0.98291015625 0.0146484375 0.0166015625