1 0.44287109375 0.595703125 0.3798828125 0.287109375
1 0.552734375 0.4736328125 0.33984375 0.33984375
0 0.49951171875 0.447265625 0.0361328125 0.037109375
3 0.53515625 0.451171875 0.03515625 0.0390625
3 0.5654296875 0.4736328125 0.029296875 0.03125
3 0.60546875 0.498046875 0.029296875 0.029296875
3 0.458984375 0.599609375 0.044921875 0.04296875
3 0.39111328125 0.63671875 0.0419921875 0.041015625
3 0.3544921875 0.60986328125 0.044921875 0.0419921875
3 0.318359375 0.58251953125 0.04296875 0.0400390625
0 0.33203125 0.54345703125 0.037109375 0.0361328125
1 0.90087890625 0.82421875 0.1982421875 0.2578125
1 0.82568359375 0.74072265625 0.2490234375 0.2939453125
0 0.7421875 0.80712890625 0.046875 0.0478515625
1 0.9033203125 0.38525390625 0.193359375 0.2333984375
1 0.94140625 0.2470703125 0.1171875 0.1875
3 0.96728515625 0.42236328125 0.0419921875 0.0380859375
0 0.93212890625 0.3369140625 0.0380859375 0.033203125
0 0.97119140625 0.21533203125 0.0185546875 0.0185546875