1 0.10400390625 0.32666015625 0.2080078125 0.3369140625
1 0.03125 0.26123046875 0.0625 0.2333984375
1 0.49169921875 0.4873046875 0.43359375 0.486328125
1 0.4501953125 0.7783203125 0.49609375 0.443359375
1 0.67529296875 0.67919921875 0.3798828125 0.373046875
1 0.9697265625 0.81640625 0.060546875 0.125
1 0.89013671875 0.7060546875 0.2197265625 0.189453125
1 0.875 0.79931640625 0.25 0.2099609375
1 0.8798828125 0.88134765625 0.240234375 0.1611328125
0 0.49072265625 0.73486328125 0.025390625 0.0283203125
0 0.45947265625 0.71533203125 0.0263671875 0.02734375
3 0.490234375 0.6083984375 0.0361328125 0.0380859375
3 0.41748046875 0.57373046875 0.037109375 0.037109375
3 0.45947265625 0.47705078125 0.0361328125 0.03515625
3 0.52978515625 0.51025390625 0.0341796875 0.033203125
3 0.55810546875 0.42041015625 0.0361328125 0.041015625
3 0.5859375 0.43505859375 0.0390625 0.0380859375
0 0.5693359375 0.52587890625 0.0244140625 0.0234375
3 0.7001953125 0.62890625 0.02734375 0.029296875
3 0.611328125 0.58740234375 0.0302734375 0.033203125
3 0.6318359375 0.5986328125 0.0302734375 0.03125
3 0.57275390625 0.6572265625 0.0302734375 0.0302734375
3 0.59375 0.669921875 0.0283203125 0.029296875
3 0.7568359375 0.6591796875 0.0283203125 0.029296875
0 0.9423828125 0.744140625 0.0234375 0.0244140625