1 0.20703125 0.4130859375 0.3486328125 0.19921875
1 0.19189453125 0.576171875 0.34765625 0.1748046875
2 0.19775390625 0.54052734375 0.2509765625 0.076171875
3 0.10107421875 0.58056640625 0.025390625 0.0283203125
3 0.19091796875 0.5888671875 0.017578125 0.0234375
3 0.29833984375 0.59326171875 0.0185546875 0.0224609375
1 0.4609375 0.5966796875 0.21484375 0.1572265625
1 0.3994140625 0.58056640625 0.0419921875 0.0703125
1 0.46826171875 0.45263671875 0.212890625 0.169921875
0 0.556640625 0.630859375 0.0244140625 0.0283203125
0 0.474609375 0.44921875 0.029296875 0.025390625
0 0.43603515625 0.44287109375 0.029296875 0.0224609375