1 0.39599609375 0.40185546875 0.7919921875 0.3779296875
2 0.1240234375 0.41943359375 0.0556640625 0.189453125
2 0.19677734375 0.42236328125 0.060546875 0.1826171875
2 0.27197265625 0.42626953125 0.05859375 0.1865234375
2 0.349609375 0.42578125 0.0615234375 0.19140625
2 0.4189453125 0.42724609375 0.0625 0.1865234375
3 0.50390625 0.40185546875 0.044921875 0.0322265625
3 0.498046875 0.50244140625 0.0419921875 0.0390625
3 0.666015625 0.42919921875 0.0400390625 0.0361328125
3 0.04541015625 0.49462890625 0.0537109375 0.04296875
3 0.0419921875 0.39306640625 0.048828125 0.037109375
0 0.23974609375 0.32861328125 0.4560546875 0.1162109375
0 0.63623046875 0.3974609375 0.0234375 0.02734375
0 0.611328125 0.44140625 0.021484375 0.0185546875
1 0.95166015625 0.48193359375 0.0966796875 0.3154296875
1 0.88671875 0.04638671875 0.111328125 0.0390625
1 0.96826171875 0.0498046875 0.0634765625 0.02734375
1 0.29443359375 0.9169921875 0.1240234375 0.1435546875
1 0.6875 0.96044921875 0.296875 0.0791015625
1 0.89794921875 0.96875 0.1298828125 0.0625