1 0.50732421875 0.3779296875 0.33203125 0.369140625
1 0.587890625 0.4560546875 0.3447265625 0.3876953125
1 0.24951171875 0.80419921875 0.33984375 0.373046875
1 0.1689453125 0.734375 0.337890625 0.369140625
3 0.24658203125 0.71630859375 0.02734375 0.025390625
0 0.15673828125 0.80908203125 0.0263671875 0.0263671875
1 0.173828125 0.08984375 0.265625 0.1796875
1 0.099609375 0.04345703125 0.1171875 0.0869140625
3 0.13427734375 0.0107421875 0.0341796875 0.021484375
1 0.9208984375 0.6591796875 0.154296875 0.2548828125
1 0.75390625 0.8125 0.12109375 0.16015625
1 0.720703125 0.79248046875 0.1201171875 0.158203125
1 0.96337890625 0.77392578125 0.02734375 0.0595703125
1 0.6826171875 0.97216796875 0.193359375 0.0556640625
1 0.05126953125 0.87548828125 0.1025390625 0.1669921875
0 0.5859375 0.35986328125 0.0224609375 0.017578125
0 0.49609375 0.4541015625 0.0234375 0.0205078125