1 0.61474609375 0.40673828125 0.4677734375 0.4326171875
1 0.4375 0.79931640625 0.498046875 0.4013671875
2 0.30419921875 0.78662109375 0.080078125 0.0703125
2 0.3125 0.84375 0.1279296875 0.095703125
2 0.28173828125 0.88818359375 0.103515625 0.0859375
2 0.43701171875 0.7724609375 0.236328125 0.158203125
2 0.45263671875 0.72119140625 0.2333984375 0.1572265625
2 0.47705078125 0.85986328125 0.1298828125 0.09765625
2 0.5830078125 0.90283203125 0.1025390625 0.0859375
2 0.6015625 0.8515625 0.1025390625 0.080078125
2 0.61767578125 0.43115234375 0.4189453125 0.291015625
2 0.5205078125 0.2919921875 0.150390625 0.1298828125
1 0.8994140625 0.88916015625 0.201171875 0.1611328125
2 0.86328125 0.94384765625 0.0751953125 0.0478515625
2 0.9443359375 0.88525390625 0.111328125 0.1201171875
2 0.9619140625 0.92578125 0.076171875 0.0625