1 0.3779296875 0.7802734375 0.236328125 0.36328125
1 0.53857421875 0.81689453125 0.2138671875 0.3564453125
2 0.50390625 0.80712890625 0.10546875 0.2490234375
3 0.53125 0.90673828125 0.03125 0.0244140625
3 0.55078125 0.81787109375 0.0234375 0.0205078125
3 0.56787109375 0.712890625 0.0244140625 0.017578125
1 0.5908203125 0.55078125 0.1796875 0.224609375
1 0.56640625 0.611328125 0.0703125 0.046875
1 0.4521484375 0.52490234375 0.1875 0.2275390625
0 0.63525390625 0.45849609375 0.0283203125 0.0224609375
0 0.4462890625 0.517578125 0.025390625 0.02734375
0 0.43359375 0.5556640625 0.0234375 0.025390625