1 0.16943359375 0.60546875 0.1435546875 0.28125
1 0.1181640625 0.53076171875 0.236328125 0.1591796875
1 0.12060546875 0.68115234375 0.2412109375 0.1435546875
1 0.02978515625 0.63671875 0.0595703125 0.076171875
1 0.0234375 0.61767578125 0.046875 0.0517578125
0 0.1005859375 0.5234375 0.013671875 0.013671875
1 0.11669921875 0.04052734375 0.2333984375 0.0810546875
1 0.1171875 0.14453125 0.234375 0.130859375
1 0.15771484375 0.16259765625 0.1083984375 0.0517578125
3 0.1962890625 0.0888671875 0.0234375 0.01953125
1 0.15478515625 0.00830078125 0.1123046875 0.0166015625
1 0.87109375 0.10009765625 0.2578125 0.1337890625
1 0.87109375 0.01904296875 0.2578125 0.0380859375
3 0.8193359375 0.06640625 0.021484375 0.02734375
1 0.93212890625 0.119140625 0.1357421875 0.060546875
3 0.91357421875 0.06591796875 0.0205078125 0.0302734375
3 0.91357421875 0.00927734375 0.0185546875 0.0166015625
3 0.81982421875 0.0087890625 0.0224609375 0.017578125
0 0.78173828125 0.15283203125 0.0185546875 0.0146484375