1 0.72412109375 0.1259765625 0.3232421875 0.2353515625
1 0.66015625 0.2236328125 0.3203125 0.2578125
1 0.6181640625 0.3134765625 0.173828125 0.1435546875
1 0.5908203125 0.3720703125 0.1796875 0.1318359375
1 0.54248046875 0.45556640625 0.30078125 0.2490234375
1 0.47607421875 0.56787109375 0.2978515625 0.2490234375
1 0.40087890625 0.85107421875 0.3076171875 0.2978515625
1 0.24560546875 0.787109375 0.267578125 0.3193359375
1 0.12353515625 0.203125 0.2236328125 0.40625
1 0.14111328125 0.21435546875 0.2626953125 0.4287109375
1 0.1015625 0.06787109375 0.09765625 0.1357421875
3 0.37841796875 0.87158203125 0.03125 0.0263671875
3 0.23681640625 0.791015625 0.037109375 0.029296875
3 0.49462890625 0.564453125 0.029296875 0.03125
3 0.5361328125 0.462890625 0.029296875 0.0361328125
3 0.10693359375 0.25927734375 0.029296875 0.0322265625
3 0.17236328125 0.150390625 0.0302734375 0.033203125
3 0.09521484375 0.10595703125 0.04296875 0.0380859375
3 0.39013671875 0.54541015625 0.025390625 0.029296875
0 0.36572265625 0.96435546875 0.0146484375 0.017578125
0 0.25537109375 0.8984375 0.01953125 0.021484375
0 0.35107421875 0.7373046875 0.017578125 0.021484375
0 0.0869140625 0.1630859375 0.01171875 0.01171875
0 0.07861328125 0.17919921875 0.009765625 0.0107421875
0 0.45654296875 0.5966796875 0.0146484375 0.013671875
0 0.57861328125 0.43994140625 0.017578125 0.0166015625
0 0.67236328125 0.263671875 0.0166015625 0.0185546875
0 0.6513671875 0.03515625 0.029296875 0.0341796875
0 0.712890625 0.06005859375 0.01953125 0.0166015625
0 0.38134765625 0.72998046875 0.013671875 0.0126953125
0 0.36962890625 0.75244140625 0.0166015625 0.013671875
0 0.35546875 0.77734375 0.017578125 0.0146484375
0 0.3388671875 0.8046875 0.017578125 0.015625
0 0.32373046875 0.8271484375 0.013671875 0.017578125
0 0.30810546875 0.85546875 0.015625 0.013671875
0 0.291015625 0.8876953125 0.0146484375 0.0126953125
0 0.2802734375 0.90673828125 0.013671875 0.0126953125
0 0.26904296875 0.92626953125 0.013671875 0.01171875
0 0.33544921875 0.7529296875 0.01171875 0.0146484375
0 0.32666015625 0.77001953125 0.013671875 0.013671875
0 0.31396484375 0.79052734375 0.01171875 0.0107421875
0 0.30419921875 0.80908203125 0.0146484375 0.013671875
0 0.29248046875 0.82958984375 0.01171875 0.01171875
0 0.279296875 0.84912109375 0.0126953125 0.0166015625
0 0.26953125 0.86767578125 0.01171875 0.0146484375