1 0.052734375 0.716796875 0.095703125 0.162109375
1 0.02734375 0.599609375 0.052734375 0.12109375
1 0.10400390625 0.54296875 0.2080078125 0.15234375
1 0.13818359375 0.64697265625 0.1826171875 0.1474609375
1 0.13427734375 0.7744140625 0.2470703125 0.181640625
1 0.3017578125 0.48974609375 0.259765625 0.1748046875
1 0.3212890625 0.5986328125 0.2265625 0.166015625
1 0.33251953125 0.6796875 0.2060546875 0.10546875
1 0.54052734375 0.60498046875 0.2490234375 0.2216796875
1 0.51513671875 0.4521484375 0.2451171875 0.220703125
1 0.70166015625 0.3798828125 0.2607421875 0.23046875
1 0.75048828125 0.57177734375 0.2294921875 0.2705078125
1 0.7939453125 0.5849609375 0.07421875 0.16796875
1 0.86279296875 0.60986328125 0.0888671875 0.0966796875
2 0.6962890625 0.3525390625 0.21875 0.130859375
2 0.71142578125 0.595703125 0.1318359375 0.09765625
0 0.84130859375 0.63330078125 0.0126953125 0.0224609375
0 0.732421875 0.49755859375 0.025390625 0.0244140625
0 0.6591796875 0.51904296875 0.025390625 0.0361328125
0 0.68115234375 0.5517578125 0.0244140625 0.03515625
0 0.5771484375 0.48974609375 0.0234375 0.0244140625
3 0.611328125 0.5419921875 0.025390625 0.041015625
3 0.54150390625 0.5615234375 0.0302734375 0.041015625
3 0.47216796875 0.58203125 0.0283203125 0.0390625
3 0.4150390625 0.60107421875 0.01171875 0.0166015625
3 0.36474609375 0.57421875 0.0263671875 0.0390625
3 0.287109375 0.59521484375 0.03125 0.0400390625
3 0.23291015625 0.609375 0.0322265625 0.037109375
0 0.11328125 0.607421875 0.01953125 0.021484375
0 0.12451171875 0.6376953125 0.0107421875 0.021484375
0 0.1328125 0.67138671875 0.009765625 0.0185546875
3 0.02392578125 0.69970703125 0.0322265625 0.0419921875