1 0.2783203125 0.44873046875 0.4140625 0.2900390625
1 0.3310546875 0.306640625 0.3681640625 0.287109375
1 0.7275390625 0.44384765625 0.53515625 0.3525390625
1 0.6767578125 0.58349609375 0.5615234375 0.3515625
3 0.5419921875 0.33154296875 0.0283203125 0.0380859375
3 0.62451171875 0.36767578125 0.0302734375 0.037109375
3 0.69287109375 0.39697265625 0.033203125 0.041015625
3 0.77197265625 0.43359375 0.03125 0.037109375
3 0.84521484375 0.46142578125 0.0380859375 0.0439453125
3 0.927734375 0.49853515625 0.0341796875 0.041015625
3 0.23486328125 0.22607421875 0.03515625 0.0439453125
3 0.31591796875 0.2626953125 0.0361328125 0.04296875
3 0.38427734375 0.29296875 0.033203125 0.0400390625
3 0.46337890625 0.330078125 0.03515625 0.0400390625
3 0.1982421875 0.4345703125 0.1025390625 0.1015625
3 0.34619140625 0.50146484375 0.103515625 0.103515625
3 0.5078125 0.5400390625 0.1025390625 0.1015625
3 0.654296875 0.60498046875 0.103515625 0.1005859375
3 0.8095703125 0.6708984375 0.10546875 0.1025390625
0 0.79736328125 0.51025390625 0.0263671875 0.025390625
0 0.77392578125 0.58251953125 0.029296875 0.0283203125
0 0.64599609375 0.4453125 0.021484375 0.02734375
0 0.6220703125 0.51416015625 0.0234375 0.0263671875
0 0.49365234375 0.3818359375 0.021484375 0.021484375
0 0.474609375 0.4482421875 0.0224609375 0.0302734375
0 0.3134765625 0.41162109375 0.0263671875 0.0322265625
0 0.33740234375 0.3427734375 0.01953125 0.0205078125
0 0.1650390625 0.34423828125 0.0263671875 0.029296875
0 0.1884765625 0.27587890625 0.0234375 0.025390625