1 0.35107421875 0.50732421875 0.4892578125 0.2333984375
1 0.38037109375 0.3994140625 0.48046875 0.23046875
1 0.0732421875 0.4306640625 0.146484375 0.146484375
1 0.09130859375 0.3193359375 0.162109375 0.1474609375
0 0.4794921875 0.4248046875 0.01953125 0.0205078125
0 0.4130859375 0.4072265625 0.0244140625 0.021484375
0 0.4375 0.48388671875 0.0224609375 0.0244140625
0 0.45166015625 0.380859375 0.0068359375 0.0087890625
0 0.19384765625 0.34912109375 0.01953125 0.01953125
0 0.15185546875 0.40673828125 0.01953125 0.0263671875
0 0.115234375 0.4794921875 0.017578125 0.0185546875
0 0.04833984375 0.3095703125 0.0205078125 0.0224609375
0 0.177734375 0.30859375 0.01171875 0.01171875
1 0.736328125 0.6103515625 0.072265625 0.0576171875
1 0.74365234375 0.5634765625 0.0693359375 0.056640625
1 0.74951171875 0.9306640625 0.0478515625 0.138671875
1 0.6953125 0.92529296875 0.103515625 0.1494140625
1 0.60791015625 0.919921875 0.1083984375 0.16015625
1 0.48974609375 0.91357421875 0.111328125 0.16015625
1 0.517578125 0.9150390625 0.115234375 0.169921875
3 0.67529296875 0.98779296875 0.0361328125 0.0244140625
3 0.75390625 0.91015625 0.0244140625 0.0380859375
3 0.7431640625 0.98388671875 0.01953125 0.0322265625
3 0.54638671875 0.958984375 0.0263671875 0.0361328125
3 0.5556640625 0.884765625 0.0224609375 0.03515625
0 0.56640625 0.85791015625 0.02734375 0.02734375
0 0.27294921875 0.52734375 0.025390625 0.02734375
1 0.0947265625 0.91943359375 0.0625 0.0859375
1 0.0517578125 0.9111328125 0.0703125 0.0947265625