1 0.66552734375 0.77587890625 0.1435546875 0.1435546875
1 0.66064453125 0.73046875 0.1259765625 0.0830078125
1 0.7802734375 0.76611328125 0.138671875 0.150390625
1 0.78564453125 0.728515625 0.12109375 0.0830078125
1 0.662109375 0.59765625 0.15234375 0.2021484375
1 0.65380859375 0.65869140625 0.119140625 0.0888671875
1 0.78125 0.59814453125 0.150390625 0.1796875
1 0.787109375 0.6513671875 0.1376953125 0.1005859375
1 0.4462890625 0.498046875 0.3046875 0.26953125
1 0.45703125 0.6728515625 0.302734375 0.1572265625
0 0.484375 0.58984375 0.033203125 0.03125
0 0.57666015625 0.51904296875 0.02734375 0.0341796875
1 0.322265625 0.2265625 0.25 0.1630859375
1 0.37109375 0.255859375 0.080078125 0.1123046875
1 0.474609375 0.14453125 0.16796875 0.2890625
1 0.4287109375 0.24462890625 0.068359375 0.0986328125
1 0.302734375 0.11865234375 0.25 0.166015625
1 0.6220703125 0.13623046875 0.287109375 0.2724609375
0 0.32421875 0.09375 0.0615234375 0.0400390625