1 0.81640625 0.8349609375 0.2421875 0.13671875
1 0.833984375 0.75341796875 0.24609375 0.1533203125
1 0.6083984375 0.62109375 0.27734375 0.21875
1 0.638671875 0.46435546875 0.314453125 0.2431640625
1 0.3671875 0.46435546875 0.3046875 0.2451171875
1 0.34326171875 0.61376953125 0.3330078125 0.2236328125
1 0.63134765625 0.8525390625 0.1435546875 0.16015625
1 0.3251953125 0.08203125 0.45703125 0.1640625
3 0.7041015625 0.47412109375 0.060546875 0.0400390625
0 0.62646484375 0.49267578125 0.0166015625 0.0146484375
3 0.60986328125 0.447265625 0.0400390625 0.037109375
3 0.56103515625 0.43359375 0.0341796875 0.033203125
3 0.45361328125 0.46923828125 0.0576171875 0.0517578125
0 0.38671875 0.47705078125 0.025390625 0.0205078125
3 0.36572265625 0.44677734375 0.0498046875 0.0458984375
3 0.4462890625 0.63037109375 0.029296875 0.0283203125
3 0.38818359375 0.61328125 0.0302734375 0.029296875
3 0.32568359375 0.619140625 0.0322265625 0.033203125
3 0.2880859375 0.6083984375 0.037109375 0.037109375
3 0.248046875 0.59765625 0.033203125 0.037109375
3 0.55224609375 0.6220703125 0.0458984375 0.04296875
3 0.52001953125 0.611328125 0.0361328125 0.037109375
0 0.53125 0.47265625 0.021484375 0.01953125
3 0.3994140625 0.04443359375 0.03125 0.0302734375
0 0.54052734375 0.54736328125 0.0322265625 0.0224609375
0 0.43994140625 0.552734375 0.0146484375 0.01171875
0 0.42333984375 0.6064453125 0.0126953125 0.01171875