1 0.64794921875 0.46728515625 0.4326171875 0.70703125
1 0.4873046875 0.73583984375 0.154296875 0.119140625
1 0.54248046875 0.2763671875 0.2294921875 0.3271484375
1 0.3125 0.63134765625 0.443359375 0.4541015625
1 0.48388671875 0.58056640625 0.216796875 0.3173828125
1 0.4580078125 0.84033203125 0.185546875 0.185546875
1 0.35205078125 0.7998046875 0.13671875 0.1484375
3 0.35791015625 0.81396484375 0.0283203125 0.0263671875
3 0.36474609375 0.7783203125 0.0263671875 0.0244140625
3 0.2890625 0.697265625 0.0234375 0.0205078125
3 0.42919921875 0.60302734375 0.0244140625 0.021484375
0 0.4853515625 0.66796875 0.0263671875 0.0361328125
3 0.41796875 0.66015625 0.0263671875 0.025390625
1 0.41357421875 0.25927734375 0.30078125 0.3525390625
1 0.306640625 0.55615234375 0.1015625 0.07421875
1 0.31201171875 0.52783203125 0.0888671875 0.0703125
3 0.28759765625 0.626953125 0.0224609375 0.01953125
0 0.3408203125 0.3134765625 0.0205078125 0.0234375
0 0.48583984375 0.5517578125 0.0244140625 0.021484375
0 0.27099609375 0.65625 0.0185546875 0.017578125