1 0.60205078125 0.5693359375 0.4521484375 0.595703125
3 0.7001953125 0.78076171875 0.03515625 0.0322265625
1 0.5751953125 0.79248046875 0.138671875 0.1826171875
3 0.59033203125 0.79833984375 0.0302734375 0.0244140625
1 0.4921875 0.65625 0.146484375 0.1796875
3 0.50732421875 0.66552734375 0.0341796875 0.0341796875
3 0.62109375 0.646484375 0.033203125 0.02734375
3 0.53564453125 0.50927734375 0.0400390625 0.0322265625
1 0.41357421875 0.521484375 0.1396484375 0.18359375
3 0.42626953125 0.529296875 0.0322265625 0.033203125
3 0.45849609375 0.37451171875 0.0380859375 0.0302734375
1 0.3291015625 0.38525390625 0.146484375 0.1826171875
3 0.3447265625 0.39501953125 0.02734375 0.0244140625
0 0.3203125 0.32373046875 0.015625 0.0205078125
0 0.39208984375 0.314453125 0.0244140625 0.0234375
0 0.2880859375 0.38525390625 0.015625 0.0166015625
0 0.40185546875 0.45849609375 0.0224609375 0.0205078125
0 0.369140625 0.521484375 0.015625 0.015625
0 0.47119140625 0.44970703125 0.0205078125 0.0244140625
0 0.48388671875 0.58984375 0.0263671875 0.03125
0 0.55810546875 0.58740234375 0.0205078125 0.0244140625
0 0.451171875 0.65625 0.015625 0.021484375
0 0.56640625 0.72802734375 0.0234375 0.0244140625
0 0.6396484375 0.72021484375 0.03125 0.0322265625
1 0.33984375 0.28662109375 0.115234375 0.0439453125