1 0.3818359375 0.54833984375 0.2646484375 0.36328125
1 0.5419921875 0.60888671875 0.28125 0.36328125
1 0.54248046875 0.35009765625 0.427734375 0.3037109375
1 0.27392578125 0.0888671875 0.2529296875 0.177734375
1 0.453125 0.1259765625 0.287109375 0.251953125
1 0.6484375 0.17822265625 0.296875 0.29296875
1 0.77197265625 0.294921875 0.1337890625 0.158203125
1 0.810546875 0.169921875 0.1357421875 0.1640625
1 0.5908203125 0.0556640625 0.40234375 0.111328125
0 0.46044921875 0.078125 0.0283203125 0.0322265625
0 0.47412109375 0.60205078125 0.029296875 0.0263671875
0 0.6806640625 0.09912109375 0.0302734375 0.0341796875
0 0.58349609375 0.169921875 0.01953125 0.01953125
0 0.6083984375 0.10302734375 0.0263671875 0.0263671875
1 0.6533203125 0.22412109375 0.099609375 0.083984375
1 0.76806640625 0.41015625 0.130859375 0.125