1 0.724609375 0.53564453125 0.3984375 0.263671875
1 0.68212890625 0.68115234375 0.3515625 0.263671875
1 0.27685546875 0.57177734375 0.5146484375 0.318359375
1 0.3173828125 0.4287109375 0.5419921875 0.3154296875
3 0.4697265625 0.6708984375 0.0263671875 0.0361328125
3 0.38525390625 0.640625 0.0283203125 0.03515625
3 0.31494140625 0.6162109375 0.03125 0.0390625
3 0.2333984375 0.5849609375 0.029296875 0.0361328125
3 0.15869140625 0.5625 0.03515625 0.0419921875
3 0.07373046875 0.53125 0.0322265625 0.0390625
3 0.78369140625 0.7548828125 0.0322265625 0.0419921875
3 0.7001953125 0.7236328125 0.0341796875 0.041015625
3 0.6298828125 0.69873046875 0.03125 0.0380859375
3 0.54833984375 0.6669921875 0.033203125 0.0380859375
3 0.8056640625 0.54443359375 0.0966796875 0.095703125
3 0.6533203125 0.48779296875 0.09765625 0.09765625
3 0.4892578125 0.4609375 0.0966796875 0.095703125
3 0.33837890625 0.40576171875 0.09765625 0.0947265625
3 0.17919921875 0.35107421875 0.099609375 0.0966796875
0 0.20263671875 0.51025390625 0.0244140625 0.0234375
0 0.220703125 0.43701171875 0.02734375 0.0263671875
0 0.3583984375 0.56494140625 0.01953125 0.025390625
0 0.376953125 0.49462890625 0.021484375 0.0244140625
0 0.5146484375 0.61767578125 0.01953125 0.01953125
0 0.52880859375 0.5498046875 0.021484375 0.0283203125
0 0.69189453125 0.5751953125 0.0244140625 0.0302734375
0 0.67333984375 0.6455078125 0.017578125 0.01953125
0 0.8447265625 0.6318359375 0.0244140625 0.02734375
0 0.82666015625 0.7021484375 0.021484375 0.0234375