1 0.5234375 0.55712890625 0.255859375 0.296875
2 0.5400390625 0.56103515625 0.2001953125 0.2705078125
1 0.4287109375 0.46728515625 0.2568359375 0.2861328125
2 0.41015625 0.46435546875 0.1943359375 0.251953125
3 0.45751953125 0.56396484375 0.048828125 0.048828125
0 0.486328125 0.52978515625 0.02734375 0.0263671875
3 0.474609375 0.4609375 0.044921875 0.0439453125
1 0.8916015625 0.21240234375 0.216796875 0.2314453125
1 0.89794921875 0.14990234375 0.2041015625 0.1962890625
1 0.74951171875 0.10595703125 0.208984375 0.166015625
1 0.779296875 0.15087890625 0.0732421875 0.1240234375
1 0.857421875 0.08056640625 0.0888671875 0.0595703125
0 0.82958984375 0.12353515625 0.03125 0.0302734375
1 0.0654296875 0.2568359375 0.0830078125 0.1533203125
1 0.724609375 0.7802734375 0.1640625 0.205078125
1 0.66552734375 0.76806640625 0.19921875 0.24609375
1 0.75927734375 0.81103515625 0.1650390625 0.2041015625
1 0.8583984375 0.9033203125 0.177734375 0.193359375
1 0.916015625 0.7734375 0.119140625 0.2119140625