1 0.595703125 0.48291015625 0.1689453125 0.361328125
2 0.453125 0.48681640625 0.138671875 0.3486328125
1 0.46240234375 0.486328125 0.158203125 0.357421875
1 0.63232421875 0.2744140625 0.0859375 0.1279296875
1 0.4833984375 0.27392578125 0.234375 0.140625
1 0.52587890625 0.24853515625 0.291015625 0.09375
2 0.48681640625 0.48388671875 0.046875 0.1279296875
3 0.45263671875 0.458984375 0.0322265625 0.0244140625
3 0.455078125 0.5146484375 0.0263671875 0.0224609375
3 0.59765625 0.525390625 0.0283203125 0.0234375
3 0.58544921875 0.45263671875 0.0322265625 0.0244140625
0 0.59130859375 0.41943359375 0.025390625 0.025390625
0 0.62255859375 0.458984375 0.0126953125 0.0126953125
0 0.4208984375 0.2890625 0.015625 0.0166015625