1 0.373046875 0.1748046875 0.3359375 0.349609375
0 0.4033203125 0.19189453125 0.015625 0.0166015625
1 0.29541015625 0.4072265625 0.3095703125 0.2734375
1 0.58544921875 0.27978515625 0.2763671875 0.2646484375
1 0.52587890625 0.47900390625 0.2802734375 0.2587890625
3 0.51953125 0.302734375 0.01953125 0.029296875
3 0.62451171875 0.33349609375 0.0244140625 0.0283203125
3 0.52978515625 0.43896484375 0.0419921875 0.0478515625
3 0.5888671875 0.4560546875 0.04296875 0.048828125
3 0.51025390625 0.50732421875 0.0654296875 0.0771484375
3 0.56689453125 0.52294921875 0.0595703125 0.0751953125
0 0.2724609375 0.32080078125 0.025390625 0.0263671875