1 0.45068359375 0.58642578125 0.1171875 0.103515625
1 0.439453125 0.423828125 0.267578125 0.2734375
1 0.41162109375 0.33642578125 0.1943359375 0.203125
1 0.58056640625 0.3447265625 0.12109375 0.10546875
1 0.59375 0.51318359375 0.2802734375 0.2900390625
3 0.419921875 0.4697265625 0.0322265625 0.0322265625
0 0.486328125 0.3251953125 0.037109375 0.03515625
2 0.533203125 0.498046875 0.138671875 0.1513671875
2 0.61572265625 0.44140625 0.1142578125 0.1064453125
2 0.5830078125 0.56103515625 0.1708984375 0.1748046875
3 0.59912109375 0.48583984375 0.0556640625 0.0576171875
0 0.6533203125 0.4150390625 0.03515625 0.033203125
2 0.1328125 0.18798828125 0.265625 0.2939453125
1 0.1396484375 0.193359375 0.279296875 0.30859375
1 0.07470703125 0.17529296875 0.1494140625 0.2314453125
0 0.05615234375 0.09423828125 0.03515625 0.0361328125
1 0.900390625 0.56982421875 0.19921875 0.2880859375
1 0.83544921875 0.740234375 0.3291015625 0.423828125
1 0.869140625 0.15869140625 0.19921875 0.29296875
1 0.87841796875 0.0478515625 0.1103515625 0.095703125
3 0.9072265625 0.1494140625 0.0302734375 0.033203125
3 0.87744140625 0.13232421875 0.0341796875 0.037109375
0 0.8681640625 0.72216796875 0.0205078125 0.0234375
0 0.85888671875 0.6943359375 0.0322265625 0.0322265625
0 0.94140625 0.64111328125 0.0322265625 0.03515625
0 0.8515625 0.05078125 0.0126953125 0.0126953125
0 0.39111328125 0.54541015625 0.01171875 0.0146484375