1 0.49951171875 0.37158203125 0.2099609375 0.1025390625
1 0.498046875 0.49365234375 0.24609375 0.2041015625
1 0.70947265625 0.3916015625 0.2216796875 0.103515625
1 0.69091796875 0.52392578125 0.2412109375 0.1923828125
2 0.69580078125 0.52197265625 0.1865234375 0.1884765625
0 0.59326171875 0.40869140625 0.0126953125 0.0146484375
0 0.61181640625 0.41162109375 0.0146484375 0.0126953125
1 0.07421875 0.29541015625 0.1484375 0.0986328125
1 0.06689453125 0.42529296875 0.1337890625 0.1962890625
0 0.6474609375 0.37255859375 0.015625 0.0146484375
0 0.57080078125 0.365234375 0.0087890625 0.009765625