1 0.47216796875 0.181640625 0.2373046875 0.2744140625
1 0.3232421875 0.1943359375 0.23046875 0.2666015625
1 0.49951171875 0.52734375 0.2421875 0.2783203125
1 0.34765625 0.5361328125 0.2373046875 0.2666015625
1 0.3779296875 0.87451171875 0.2353515625 0.2509765625
1 0.52880859375 0.86669921875 0.2373046875 0.2666015625
2 0.41015625 0.88232421875 0.087890625 0.125
2 0.55126953125 0.8515625 0.0439453125 0.0400390625
2 0.52587890625 0.50244140625 0.041015625 0.037109375
0 0.5361328125 0.43359375 0.01953125 0.01953125
0 0.5634765625 0.77880859375 0.0185546875 0.0166015625