1 0.6318359375 0.47314453125 0.28515625 0.341796875
1 0.4912109375 0.5380859375 0.248046875 0.3623046875
1 0.68798828125 0.9091796875 0.21875 0.1767578125
1 0.72802734375 0.8740234375 0.12109375 0.16015625
1 0.8505859375 0.93701171875 0.162109375 0.107421875
0 0.79150390625 0.931640625 0.0302734375 0.0283203125
0 0.4873046875 0.591796875 0.033203125 0.033203125
1 0.4423828125 0.078125 0.177734375 0.15625
1 0.30810546875 0.10888671875 0.22265625 0.212890625
3 0.326171875 0.1357421875 0.0947265625 0.0927734375
3 0.380859375 0.1279296875 0.033203125 0.0244140625
1 0.1962890625 0.14013671875 0.1591796875 0.1904296875
0 0.60791015625 0.52783203125 0.015625 0.017578125
0 0.5439453125 0.5146484375 0.015625 0.017578125