1 0.58349609375 0.4443359375 0.2763671875 0.359375
1 0.45361328125 0.5048828125 0.2763671875 0.404296875
1 0.21728515625 0.068359375 0.1611328125 0.13671875
1 0.3388671875 0.03662109375 0.1796875 0.0732421875
1 0.22509765625 0.37451171875 0.1103515625 0.1240234375
1 0.7626953125 0.95947265625 0.162109375 0.0810546875
1 0.869140625 0.93798828125 0.123046875 0.1240234375
1 0.1572265625 0.115234375 0.12109375 0.1328125
0 0.47314453125 0.6025390625 0.0302734375 0.02734375
0 0.396484375 0.00732421875 0.041015625 0.0146484375
0 0.37158203125 0.39306640625 0.0439453125 0.0595703125
3 0.6298828125 0.52490234375 0.0390625 0.0400390625