1 0.76025390625 0.6845703125 0.0556640625 0.0703125
1 0.650390625 0.50537109375 0.380859375 0.3076171875
1 0.55712890625 0.62158203125 0.3525390625 0.3369140625
1 0.6865234375 0.529296875 0.1015625 0.107421875
1 0.5859375 0.66162109375 0.1015625 0.0947265625
3 0.5322265625 0.6337890625 0.025390625 0.029296875
3 0.5830078125 0.42578125 0.029296875 0.02734375
3 0.712890625 0.49560546875 0.03125 0.0263671875
3 0.7705078125 0.5712890625 0.0390625 0.03515625
0 0.64697265625 0.6083984375 0.0263671875 0.025390625
1 0.3603515625 0.61669921875 0.263671875 0.2880859375
1 0.1572265625 0.35205078125 0.310546875 0.4287109375
0 0.1025390625 0.36474609375 0.0234375 0.0166015625
2 0.02783203125 0.369140625 0.0517578125 0.083984375
1 0.8994140625 0.8916015625 0.1875 0.216796875
1 0.833984375 0.95068359375 0.20703125 0.0986328125
3 0.958984375 0.90869140625 0.03515625 0.0361328125
3 0.98193359375 0.93359375 0.0185546875 0.033203125
0 0.90576171875 0.89306640625 0.0166015625 0.0146484375
1 0.58251953125 0.08837890625 0.3076171875 0.1767578125
1 0.71435546875 0.037109375 0.1474609375 0.068359375
0 0.59814453125 0.0771484375 0.0126953125 0.009765625
1 0.91455078125 0.267578125 0.1708984375 0.36328125
3 0.90771484375 0.23486328125 0.0439453125 0.0498046875