1 0.419921875 0.49169921875 0.3115234375 0.1845703125
1 0.44775390625 0.41748046875 0.3076171875 0.17578125
1 0.58544921875 0.509765625 0.083984375 0.15234375
0 0.439453125 0.46435546875 0.0205078125 0.0146484375
1 0.306640625 0.8037109375 0.318359375 0.3056640625
1 0.1240234375 0.70068359375 0.2158203125 0.3515625
1 0.1357421875 0.58740234375 0.0849609375 0.0947265625
1 0.8505859375 0.6533203125 0.201171875 0.3486328125
1 0.9248046875 0.55126953125 0.150390625 0.1494140625
1 0.87646484375 0.8154296875 0.2470703125 0.166015625
1 0.958984375 0.7431640625 0.08203125 0.28125
1 0.2568359375 0.12255859375 0.25390625 0.21875
3 0.9619140625 0.5732421875 0.0390625 0.0439453125
3 0.8720703125 0.71240234375 0.03125 0.0244140625
0 0.90185546875 0.62744140625 0.021484375 0.0244140625
0 0.9326171875 0.55859375 0.015625 0.0185546875
0 0.30078125 0.720703125 0.01953125 0.0185546875
3 0.9619140625 0.69384765625 0.076171875 0.1298828125