1 0.47314453125 0.1494140625 0.294921875 0.236328125
1 0.49951171875 0.2958984375 0.2763671875 0.1865234375
1 0.48388671875 0.43896484375 0.291015625 0.1865234375
1 0.5107421875 0.560546875 0.2744140625 0.1845703125
1 0.49951171875 0.7060546875 0.2939453125 0.1865234375
1 0.521484375 0.8251953125 0.2724609375 0.1875
3 0.40771484375 0.1689453125 0.044921875 0.041015625
3 0.5029296875 0.1484375 0.044921875 0.0419921875
3 0.48291015625 0.31298828125 0.01953125 0.025390625
3 0.5537109375 0.29736328125 0.0166015625 0.0263671875
3 0.498046875 0.5791015625 0.0205078125 0.0234375
3 0.5087890625 0.84521484375 0.017578125 0.0224609375
0 0.591796875 0.6611328125 0.0380859375 0.029296875
0 0.57861328125 0.3955078125 0.0341796875 0.02734375
0 0.56591796875 0.12841796875 0.033203125 0.025390625
0 0.4248046875 0.23193359375 0.015625 0.015625
0 0.45361328125 0.87841796875 0.0146484375 0.0244140625