1 0.50390625 0.8056640625 0.23046875 0.359375
1 0.3447265625 0.77490234375 0.216796875 0.3603515625
2 0.3818359375 0.77978515625 0.09765625 0.2529296875
3 0.31787109375 0.865234375 0.0302734375 0.029296875
3 0.333984375 0.77490234375 0.025390625 0.0185546875
3 0.357421875 0.669921875 0.0234375 0.021484375
1 0.39501953125 0.51318359375 0.1826171875 0.2333984375
1 0.39501953125 0.576171875 0.0732421875 0.048828125
1 0.54248046875 0.53662109375 0.1884765625 0.2197265625
0 0.38818359375 0.41162109375 0.0263671875 0.0283203125
0 0.54345703125 0.5390625 0.0263671875 0.029296875
0 0.53857421875 0.57763671875 0.0185546875 0.0302734375