1 0.46142578125 0.43701171875 0.3037109375 0.3232421875
1 0.5693359375 0.51611328125 0.306640625 0.3623046875
1 0.18115234375 0.71875 0.3173828125 0.3642578125
1 0.30029296875 0.802734375 0.369140625 0.3896484375
2 0.36328125 0.763671875 0.0810546875 0.083984375
0 0.37451171875 0.6708984375 0.068359375 0.0673828125
3 0.48779296875 0.35888671875 0.0419921875 0.0380859375
3 0.4345703125 0.43408203125 0.044921875 0.044921875
1 0.57421875 0.52197265625 0.1572265625 0.166015625
0 0.45068359375 0.39306640625 0.0126953125 0.01171875
0 0.48095703125 0.49853515625 0.015625 0.0166015625