1 0.59228515625 0.61572265625 0.3076171875 0.2275390625
1 0.6123046875 0.46826171875 0.3125 0.1689453125
1 0.6875 0.384765625 0.15234375 0.095703125
1 0.67236328125 0.18115234375 0.2900390625 0.1396484375
1 0.68359375 0.10009765625 0.298828125 0.1220703125
1 0.6982421875 0.044921875 0.291015625 0.08984375
3 0.578125 0.17822265625 0.033203125 0.0322265625
3 0.6796875 0.1953125 0.033203125 0.033203125
0 0.5458984375 0.19384765625 0.01953125 0.0224609375
0 0.6259765625 0.19970703125 0.01953125 0.0205078125
0 0.64013671875 0.447265625 0.0224609375 0.025390625
0 0.50146484375 0.421875 0.0146484375 0.015625
0 0.548828125 0.61669921875 0.013671875 0.0146484375