1 0.578125 0.45849609375 0.3193359375 0.341796875
1 0.4677734375 0.53173828125 0.2802734375 0.3291015625
1 0.58349609375 0.45361328125 0.1845703125 0.1875
1 0.46826171875 0.54345703125 0.13671875 0.1435546875
0 0.50732421875 0.47119140625 0.0234375 0.025390625
1 0.25927734375 0.0810546875 0.1923828125 0.150390625
1 0.33056640625 0.0546875 0.1318359375 0.1005859375
1 0.15771484375 0.12451171875 0.2705078125 0.2294921875
3 0.26708984375 0.0615234375 0.0322265625 0.029296875
3 0.1533203125 0.083984375 0.03125 0.03125
0 0.16845703125 0.03466796875 0.0283203125 0.02734375
1 0.8349609375 0.859375 0.2900390625 0.265625
1 0.70458984375 0.89404296875 0.2529296875 0.2119140625
0 0.83203125 0.9521484375 0.029296875 0.0302734375
1 0.3681640625 0.14208984375 0.158203125 0.14453125
1 0.86376953125 0.09521484375 0.1923828125 0.1455078125
1 0.9169921875 0.0751953125 0.12109375 0.0908203125