1 0.5244140625 0.41552734375 0.3408203125 0.2265625
1 0.4794921875 0.54052734375 0.33203125 0.2255859375
1 0.98681640625 0.380859375 0.0263671875 0.125
2 0.97705078125 0.5126953125 0.0458984375 0.1328125
1 0.9716796875 0.51123046875 0.056640625 0.1572265625
2 0.45458984375 0.4970703125 0.1708984375 0.0810546875
0 0.46240234375 0.5654296875 0.14453125 0.0908203125
1 0.83544921875 0.94384765625 0.2470703125 0.1123046875
1 0.755859375 0.9423828125 0.1484375 0.115234375
1 0.861328125 0.9853515625 0.052734375 0.029296875
1 0.75927734375 0.99609375 0.0419921875 0.0078125
0 0.44873046875 0.42236328125 0.021484375 0.0263671875
3 0.5009765625 0.39453125 0.0224609375 0.0244140625