1 0.4541015625 0.41015625 0.2822265625 0.2607421875
1 0.5576171875 0.5205078125 0.3427734375 0.3876953125
3 0.46875 0.51611328125 0.044921875 0.048828125
0 0.5390625 0.47607421875 0.03125 0.0341796875
1 0.83349609375 0.1015625 0.2822265625 0.203125
1 0.8671875 0.1943359375 0.251953125 0.359375
2 0.90869140625 0.1376953125 0.154296875 0.1728515625
0 0.93701171875 0.22802734375 0.05078125 0.0537109375
0 0.603515625 0.41748046875 0.01953125 0.0185546875
1 0.17724609375 0.8486328125 0.3232421875 0.302734375
1 0.1279296875 0.77490234375 0.244140625 0.322265625
1 0.29638671875 0.951171875 0.0908203125 0.0859375
1 0.33154296875 0.96923828125 0.0908203125 0.0615234375