1 0.45654296875 0.49951171875 0.2431640625 0.3203125
1 0.6103515625 0.509765625 0.2177734375 0.314453125
1 0.09716796875 0.4990234375 0.1943359375 0.12890625
1 0.0986328125 0.59326171875 0.193359375 0.1396484375
1 0.1767578125 0.546875 0.044921875 0.0966796875
1 0.0234375 0.4794921875 0.046875 0.068359375
1 0.03369140625 0.681640625 0.052734375 0.1904296875
1 0.12060546875 0.140625 0.1767578125 0.2119140625
1 0.0439453125 0.138671875 0.087890625 0.1796875
3 0.61962890625 0.5185546875 0.029296875 0.0380859375
0 0.64453125 0.5537109375 0.01953125 0.0185546875
1 0.5166015625 0.66455078125 0.166015625 0.09765625