1 0.33349609375 0.45458984375 0.3857421875 0.384765625
1 0.4638671875 0.310546875 0.3857421875 0.380859375
1 0.23828125 0.23828125 0.0849609375 0.0888671875
1 0.55517578125 0.52783203125 0.08203125 0.0869140625
1 0.37939453125 0.47998046875 0.1220703125 0.12109375
1 0.3056640625 0.4140625 0.12109375 0.1181640625
1 0.41796875 0.28759765625 0.1142578125 0.1123046875
1 0.4931640625 0.35693359375 0.1162109375 0.1142578125
1 0.82958984375 0.66552734375 0.3408203125 0.3857421875
1 0.7236328125 0.80712890625 0.3896484375 0.3818359375
1 0.94775390625 0.8779296875 0.0830078125 0.0888671875
1 0.630859375 0.59033203125 0.083984375 0.0830078125
1 0.69189453125 0.765625 0.119140625 0.11328125
1 0.76708984375 0.8310546875 0.1181640625 0.12109375
1 0.8056640625 0.6357421875 0.1123046875 0.111328125
1 0.88525390625 0.70361328125 0.111328125 0.1142578125
3 0.75830078125 0.56982421875 0.0322265625 0.0322265625
3 0.9580078125 0.74951171875 0.048828125 0.0458984375
3 0.85009765625 0.92919921875 0.0185546875 0.01953125
3 0.82177734375 0.89892578125 0.0458984375 0.048828125
0 0.58642578125 0.69873046875 0.017578125 0.0244140625
3 0.56640625 0.39404296875 0.0341796875 0.037109375
3 0.36669921875 0.21826171875 0.033203125 0.033203125
0 0.201171875 0.34375 0.0205078125 0.0224609375
0 0.39794921875 0.3662109375 0.0283203125 0.029296875