1 0.39404296875 0.4833984375 0.5595703125 0.677734375
1 0.68017578125 0.5009765625 0.431640625 0.4462890625
1 0.54150390625 0.73681640625 0.3076171875 0.3310546875
0 0.41650390625 0.37158203125 0.0380859375 0.041015625
0 0.33740234375 0.48681640625 0.0361328125 0.0341796875
0 0.4111328125 0.73193359375 0.025390625 0.0283203125
3 0.3603515625 0.23583984375 0.0341796875 0.0322265625
3 0.34375 0.2685546875 0.033203125 0.03125
3 0.32568359375 0.3037109375 0.033203125 0.03515625
0 0.40380859375 0.51611328125 0.03125 0.0283203125
0 0.31494140625 0.70947265625 0.01953125 0.0185546875
0 0.6884765625 0.55517578125 0.01953125 0.0205078125