1 0.55712890625 0.5537109375 0.349609375 0.3583984375
1 0.48388671875 0.43896484375 0.3447265625 0.3125
1 0.55712890625 0.60009765625 0.0966796875 0.171875
1 0.60498046875 0.5634765625 0.1630859375 0.1005859375
1 0.71484375 0.193359375 0.1708984375 0.1630859375
1 0.744140625 0.2431640625 0.16796875 0.16015625
3 0.52294921875 0.3837890625 0.0283203125 0.03125
3 0.52099609375 0.4541015625 0.0283203125 0.02734375
3 0.4560546875 0.4296875 0.0263671875 0.0302734375
0 0.501953125 0.38037109375 0.03125 0.0283203125
1 0.0703125 0.248046875 0.078125 0.076171875
1 0.052734375 0.2685546875 0.0537109375 0.0732421875