1 0.4560546875 0.45263671875 0.240234375 0.2880859375
1 0.5751953125 0.51318359375 0.2451171875 0.2958984375
1 0.609375 0.53271484375 0.078125 0.12109375
1 0.498046875 0.681640625 0.2314453125 0.201171875
1 0.17041015625 0.21484375 0.322265625 0.30859375
1 0.123046875 0.34033203125 0.2431640625 0.2783203125
1 0.1630859375 0.203125 0.08984375 0.1279296875
1 0.20361328125 0.22509765625 0.1201171875 0.0986328125
1 0.091796875 0.361328125 0.0888671875 0.134765625
1 0.0615234375 0.3408203125 0.1083984375 0.09765625
0 0.1337890625 0.26123046875 0.025390625 0.025390625
0 0.5361328125 0.48583984375 0.033203125 0.029296875
3 0.44677734375 0.49365234375 0.0380859375 0.0458984375
3 0.43408203125 0.4140625 0.0283203125 0.02734375