1 0.35302734375 0.21728515625 0.0771484375 0.0625
1 0.515625 0.3505859375 0.3486328125 0.4169921875
1 0.38720703125 0.42724609375 0.3740234375 0.3916015625
1 0.49609375 0.310546875 0.1181640625 0.1142578125
1 0.35205078125 0.39208984375 0.10546875 0.1123046875
3 0.37255859375 0.44970703125 0.0322265625 0.0283203125
3 0.58447265625 0.427734375 0.0302734375 0.0322265625
3 0.5341796875 0.28955078125 0.0302734375 0.0341796875
3 0.46728515625 0.22216796875 0.0400390625 0.0439453125
0 0.41357421875 0.33935546875 0.0283203125 0.029296875
1 0.365234375 0.62158203125 0.3173828125 0.2978515625
1 0.59765625 0.83935546875 0.462890625 0.3212890625
0 0.57861328125 0.9130859375 0.01953125 0.025390625
2 0.5634765625 0.97802734375 0.08984375 0.0439453125
1 0.16357421875 0.07763671875 0.2451171875 0.1552734375
1 0.09716796875 0.1083984375 0.1298828125 0.216796875
3 0.15966796875 0.00390625 0.0400390625 0.0078125
0 0.16796875 0.04345703125 0.0166015625 0.0185546875
1 0.90625 0.4755859375 0.1875 0.328125
1 0.97265625 0.3525390625 0.0546875 0.154296875
0 0.9326171875 0.4609375 0.01171875 0.013671875
1 0.78955078125 0.1201171875 0.3818359375 0.2158203125
3 0.81884765625 0.13330078125 0.0546875 0.0498046875