1 0.46484375 0.5380859375 0.2431640625 0.24609375
1 0.4208984375 0.58935546875 0.185546875 0.19140625
1 0.51123046875 0.42041015625 0.3125 0.33984375
1 0.52587890625 0.4736328125 0.23828125 0.220703125
1 0.3759765625 0.40478515625 0.162109375 0.1552734375
0 0.470703125 0.4228515625 0.0498046875 0.044921875
3 0.41064453125 0.53955078125 0.041015625 0.0400390625
3 0.53076171875 0.4296875 0.02734375 0.025390625
1 0.24609375 0.783203125 0.3056640625 0.296875
1 0.1708984375 0.8642578125 0.29296875 0.271484375
3 0.1572265625 0.814453125 0.0380859375 0.0390625
1 0.05322265625 0.76318359375 0.06640625 0.099609375
1 0.87158203125 0.06982421875 0.1826171875 0.1396484375
1 0.91796875 0.87744140625 0.1640625 0.1748046875
1 0.9814453125 0.8173828125 0.037109375 0.142578125
0 0.908203125 0.8740234375 0.03515625 0.03125