1 0.2197265625 0.7783203125 0.15234375 0.3662109375
1 0.31103515625 0.7958984375 0.1728515625 0.3701171875
1 0.30908203125 0.55712890625 0.1240234375 0.1201171875
1 0.4169921875 0.6220703125 0.314453125 0.2626953125
1 0.4658203125 0.45263671875 0.2275390625 0.1630859375
1 0.4501953125 0.03857421875 0.310546875 0.0771484375
1 0.57666015625 0.29638671875 0.107421875 0.0869140625
1 0.96044921875 0.2705078125 0.0791015625 0.26171875
1 0.97216796875 0.12548828125 0.0556640625 0.0849609375
1 0.96484375 0.1201171875 0.0703125 0.087890625
0 0.39794921875 0.01904296875 0.029296875 0.0302734375
0 0.43798828125 0.01513671875 0.0166015625 0.021484375
0 0.3779296875 0.537109375 0.029296875 0.0302734375