1 0.56103515625 0.56787109375 0.3232421875 0.2587890625
1 0.49658203125 0.44775390625 0.3232421875 0.2587890625
2 0.4951171875 0.4453125 0.298828125 0.228515625
0 0.6005859375 0.52880859375 0.021484375 0.0224609375
1 0.3974609375 0.630859375 0.064453125 0.087890625
1 0.34228515625 0.62109375 0.0810546875 0.06640625
1 0.33251953125 0.6767578125 0.0615234375 0.08203125
1 0.38818359375 0.68701171875 0.0810546875 0.0634765625
1 0.2783203125 0.8505859375 0.16796875 0.244140625
1 0.2392578125 0.9453125 0.25 0.078125
1 0.11865234375 0.83837890625 0.2373046875 0.2216796875
1 0.05810546875 0.93212890625 0.1162109375 0.0595703125
3 0.14208984375 0.896484375 0.0498046875 0.041015625
3 0.1845703125 0.947265625 0.048828125 0.04296875
0 0.25634765625 0.9228515625 0.0224609375 0.025390625
0 0.123046875 0.9248046875 0.0234375 0.0234375
1 0.93310546875 0.42431640625 0.1337890625 0.1748046875
1 0.9033203125 0.31201171875 0.193359375 0.2060546875
0 0.98095703125 0.4013671875 0.0205078125 0.021484375