1 0.6572265625 0.650390625 0.2353515625 0.232421875
1 0.5869140625 0.44287109375 0.2216796875 0.2236328125
2 0.58837890625 0.4697265625 0.17578125 0.0478515625
2 0.587890625 0.43115234375 0.1767578125 0.044921875
2 0.58740234375 0.3896484375 0.1748046875 0.0458984375
2 0.6669921875 0.671875 0.1767578125 0.046875
2 0.6650390625 0.62841796875 0.17578125 0.0439453125
2 0.66357421875 0.591796875 0.1787109375 0.04296875
1 0.04443359375 0.6484375 0.0849609375 0.2138671875
2 0.03466796875 0.68798828125 0.052734375 0.03515625
2 0.03564453125 0.6484375 0.05859375 0.0341796875
2 0.03125 0.6083984375 0.0546875 0.037109375