1 0.74951171875 0.52294921875 0.421875 0.19140625
1 0.77685546875 0.4150390625 0.4169921875 0.1865234375
0 0.8115234375 0.4833984375 0.03515625 0.0302734375
1 0.08984375 0.26904296875 0.162109375 0.126953125
1 0.068359375 0.35498046875 0.1298828125 0.140625
3 0.0830078125 0.2734375 0.0322265625 0.0322265625
0 0.04052734375 0.24169921875 0.021484375 0.025390625
1 0.033203125 0.1318359375 0.0341796875 0.09765625
1 0.48095703125 0.87841796875 0.3369140625 0.1591796875
2 0.49951171875 0.7958984375 0.3115234375 0.1337890625
1 0.49853515625 0.79638671875 0.3369140625 0.14453125