1 0.4345703125 0.474609375 0.328125 0.296875
1 0.35205078125 0.576171875 0.306640625 0.3017578125
1 0.455078125 0.44580078125 0.1474609375 0.1416015625
1 0.80126953125 0.783203125 0.3583984375 0.3837890625
0 0.74853515625 0.73974609375 0.0888671875 0.0771484375
0 0.80419921875 0.802734375 0.033203125 0.02734375
1 0.0830078125 0.14599609375 0.166015625 0.2685546875
1 0.060546875 0.3173828125 0.12109375 0.2578125
0 0.56396484375 0.51611328125 0.0205078125 0.0205078125
0 0.7568359375 0.65869140625 0.0185546875 0.021484375
0 0.80322265625 0.78173828125 0.0146484375 0.015625
0 0.888671875 0.80078125 0.0126953125 0.0146484375