1 0.52490234375 0.35986328125 0.2216796875 0.2470703125
1 0.4111328125 0.44970703125 0.232421875 0.2275390625
1 0.689453125 0.59423828125 0.326171875 0.4482421875
1 0.560546875 0.69189453125 0.4140625 0.4150390625
0 0.52392578125 0.42626953125 0.0283203125 0.0322265625
0 0.51611328125 0.330078125 0.0302734375 0.025390625
3 0.5654296875 0.40625 0.033203125 0.048828125
3 0.52685546875 0.353515625 0.0283203125 0.037109375
3 0.37353515625 0.4365234375 0.0498046875 0.048828125
3 0.42578125 0.50732421875 0.048828125 0.0458984375
3 0.466796875 0.6728515625 0.072265625 0.068359375
3 0.4921875 0.7109375 0.068359375 0.0625
3 0.6015625 0.630859375 0.03125 0.025390625
3 0.54443359375 0.552734375 0.0361328125 0.029296875