1 0.58740234375 0.396484375 0.4052734375 0.21875
1 0.55322265625 0.5732421875 0.4091796875 0.28125
1 0.34423828125 0.37890625 0.1142578125 0.078125
1 0.35400390625 0.32666015625 0.1162109375 0.0732421875
1 0.34814453125 0.07421875 0.1220703125 0.1484375
1 0.27587890625 0.0595703125 0.1123046875 0.119140625
1 0.0869140625 0.255859375 0.173828125 0.15234375
1 0.072265625 0.3720703125 0.14453125 0.138671875
1 0.033203125 0.3154296875 0.06640625 0.123046875
3 0.705078125 0.55810546875 0.068359375 0.0927734375
0 0.623046875 0.53857421875 0.03515625 0.0361328125
3 0.59619140625 0.62109375 0.0302734375 0.029296875
3 0.49853515625 0.60205078125 0.0302734375 0.0302734375
0 0.4892578125 0.51416015625 0.056640625 0.0458984375
3 0.5537109375 0.3564453125 0.01953125 0.01953125
0 0.53759765625 0.4296875 0.0205078125 0.021484375
3 0.59375 0.37890625 0.015625 0.01953125
3 0.6376953125 0.37255859375 0.017578125 0.0166015625