1 0.4013671875 0.3798828125 0.162109375 0.185546875
1 0.3681640625 0.44189453125 0.220703125 0.1669921875
1 0.41845703125 0.513671875 0.1201171875 0.080078125
1 0.5234375 0.52099609375 0.212890625 0.2548828125
1 0.5068359375 0.42041015625 0.05859375 0.1142578125
0 0.5029296875 0.47021484375 0.0234375 0.0244140625
0 0.40234375 0.40380859375 0.029296875 0.0263671875
1 0.35205078125 0.42333984375 0.0556640625 0.0517578125
1 0.84375 0.7666015625 0.216796875 0.251953125
1 0.72802734375 0.69580078125 0.2626953125 0.2158203125
1 0.69091796875 0.8662109375 0.1337890625 0.150390625
1 0.6142578125 0.81396484375 0.19921875 0.1826171875
1 0.4248046875 0.97216796875 0.083984375 0.0556640625
1 0.47412109375 0.98583984375 0.0673828125 0.0283203125
1 0.10546875 0.197265625 0.2109375 0.2109375
1 0.19775390625 0.2724609375 0.2197265625 0.248046875
3 0.1640625 0.279296875 0.037109375 0.041015625
3 0.1728515625 0.22802734375 0.02734375 0.0302734375
0 0.17138671875 0.3486328125 0.0244140625 0.017578125
0 0.220703125 0.3203125 0.01953125 0.013671875
3 0.75439453125 0.6494140625 0.0361328125 0.03125
3 0.81591796875 0.72900390625 0.0322265625 0.0361328125
3 0.6640625 0.8037109375 0.05078125 0.048828125