1 0.51416015625 0.3408203125 0.2763671875 0.5029296875
1 0.38330078125 0.29931640625 0.271484375 0.5048828125
1 0.90673828125 0.4755859375 0.1865234375 0.49609375
1 0.970703125 0.64111328125 0.0537109375 0.1875
3 0.97900390625 0.3349609375 0.0361328125 0.037109375
3 0.92822265625 0.49462890625 0.0400390625 0.0400390625
3 0.8857421875 0.6337890625 0.037109375 0.0419921875
3 0.52001953125 0.36474609375 0.041015625 0.04296875
3 0.32177734375 0.45361328125 0.0439453125 0.046875
3 0.36572265625 0.314453125 0.0478515625 0.0458984375
3 0.39794921875 0.1943359375 0.0302734375 0.0234375
3 0.41943359375 0.13671875 0.041015625 0.0439453125
0 0.40966796875 0.39892578125 0.0234375 0.021484375
0 0.45263671875 0.25537109375 0.0244140625 0.021484375
0 0.5283203125 0.2783203125 0.0126953125 0.0146484375
0 0.5361328125 0.26123046875 0.0146484375 0.0126953125
0 0.48388671875 0.416015625 0.0078125 0.0068359375