1 0.54736328125 0.55712890625 0.1923828125 0.3310546875
1 0.42626953125 0.53076171875 0.1845703125 0.3349609375
1 0.736328125 0.458984375 0.150390625 0.083984375
1 0.71728515625 0.51513671875 0.1572265625 0.0771484375
1 0.6591796875 0.46875 0.041015625 0.111328125
1 0.4501953125 0.2490234375 0.05078125 0.080078125
1 0.4140625 0.23974609375 0.046875 0.0771484375
3 0.56787109375 0.53466796875 0.0283203125 0.0322265625
3 0.4228515625 0.50537109375 0.025390625 0.0283203125
0 0.38427734375 0.5947265625 0.0185546875 0.021484375
0 0.74365234375 0.51416015625 0.0166015625 0.0166015625