1 0.15869140625 0.7802734375 0.1689453125 0.3125
3 0.1357421875 0.7861328125 0.0234375 0.017578125
1 0.04638671875 0.77587890625 0.0810546875 0.3095703125
0 0.0732421875 0.80615234375 0.017578125 0.0458984375
1 0.48193359375 0.8193359375 0.1240234375 0.23046875
1 0.39111328125 0.81103515625 0.1162109375 0.2333984375
1 0.5 0.49365234375 0.1640625 0.1064453125
1 0.51318359375 0.412109375 0.1689453125 0.115234375
1 0.8291015625 0.2294921875 0.21484375 0.306640625
1 0.6875 0.19287109375 0.208984375 0.3115234375
0 0.64208984375 0.10302734375 0.0263671875 0.0244140625
0 0.724609375 0.22412109375 0.029296875 0.0439453125
0 0.71875 0.31396484375 0.017578125 0.0166015625
0 0.8310546875 0.23681640625 0.02734375 0.0263671875