1 0.46240234375 0.34814453125 0.2626953125 0.240234375
1 0.49169921875 0.47509765625 0.2666015625 0.21484375
1 0.4560546875 0.86083984375 0.28515625 0.2783203125
1 0.501953125 0.9716796875 0.162109375 0.056640625
1 0.85693359375 0.5517578125 0.1064453125 0.1298828125
1 0.90576171875 0.5400390625 0.103515625 0.1337890625
1 0.94921875 0.5380859375 0.0859375 0.1083984375
1 0.90478515625 0.73046875 0.119140625 0.1162109375
1 0.947265625 0.7021484375 0.06640625 0.1005859375
3 0.4296875 0.3564453125 0.0498046875 0.05078125
3 0.44970703125 0.4814453125 0.05078125 0.05078125
0 0.4814453125 0.40380859375 0.03125 0.0283203125
0 0.51806640625 0.3662109375 0.021484375 0.0185546875
0 0.54541015625 0.30029296875 0.01953125 0.017578125
0 0.45703125 0.9599609375 0.033203125 0.033203125