1 0.47265625 0.5869140625 0.31640625 0.236328125
1 0.427734375 0.47607421875 0.306640625 0.1982421875
1 0.25732421875 0.53173828125 0.1181640625 0.1123046875
1 0.30859375 0.6533203125 0.103515625 0.15625
1 0.259765625 0.609375 0.0703125 0.087890625
1 0.7080078125 0.6884765625 0.15234375 0.205078125
1 0.65966796875 0.71728515625 0.1494140625 0.2197265625
1 0.6298828125 0.81591796875 0.091796875 0.0849609375
1 0.61181640625 0.740234375 0.1083984375 0.12890625
1 0.58447265625 0.68408203125 0.1494140625 0.0732421875
1 0.2138671875 0.2919921875 0.208984375 0.306640625
1 0.32080078125 0.25537109375 0.2041015625 0.2919921875
1 0.70703125 0.33447265625 0.25390625 0.3017578125
1 0.82080078125 0.27490234375 0.2236328125 0.2744140625
1 0.869140625 0.1953125 0.216796875 0.208984375
1 0.88623046875 0.2978515625 0.2275390625 0.1796875
1 0.8349609375 0.548828125 0.248046875 0.2734375
1 0.9189453125 0.48046875 0.16015625 0.234375
0 0.3310546875 0.37158203125 0.0234375 0.0224609375
0 0.52197265625 0.603515625 0.0283203125 0.033203125
0 0.7451171875 0.21630859375 0.029296875 0.0302734375
0 0.28759765625 0.1123046875 0.0302734375 0.033203125
0 0.83203125 0.330078125 0.017578125 0.025390625
0 0.767578125 0.427734375 0.015625 0.017578125
0 0.77099609375 0.4814453125 0.0166015625 0.015625
1 0.716796875 0.34375 0.11328125 0.0859375