1 0.48779296875 0.77587890625 0.3203125 0.32421875
1 0.6064453125 0.68994140625 0.2841796875 0.298828125
1 0.50439453125 0.826171875 0.123046875 0.06640625
1 0.5244140625 0.84228515625 0.0888671875 0.099609375
1 0.50390625 0.48193359375 0.423828125 0.224609375
1 0.326171875 0.5576171875 0.0849609375 0.07421875
1 0.67626953125 0.572265625 0.0849609375 0.05078125
1 0.5302734375 0.4794921875 0.07421875 0.0625
1 0.482421875 0.48095703125 0.0693359375 0.06640625
0 0.58447265625 0.73291015625 0.0185546875 0.0224609375
0 0.38818359375 0.455078125 0.01953125 0.01953125
1 0.75439453125 0.15576171875 0.3173828125 0.3115234375
1 0.77490234375 0.20068359375 0.1240234375 0.0703125
1 0.7919921875 0.2177734375 0.087890625 0.1005859375
1 0.8583984375 0.1064453125 0.232421875 0.212890625
0 0.8515625 0.107421875 0.0224609375 0.0234375
0 0.71142578125 0.72314453125 0.0166015625 0.017578125
1 0.45654296875 0.62890625 0.10546875 0.080078125