1 0.099609375 0.333984375 0.19921875 0.314453125
1 0.1875 0.37890625 0.2177734375 0.3134765625
1 0.2978515625 0.42626953125 0.2392578125 0.322265625
1 0.41015625 0.4794921875 0.2373046875 0.3134765625
1 0.4912109375 0.5478515625 0.263671875 0.32421875
1 0.619140625 0.6015625 0.2373046875 0.31640625
2 0.59765625 0.65673828125 0.1767578125 0.1875
3 0.6064453125 0.66162109375 0.0419921875 0.044921875
2 0.68994140625 0.5302734375 0.083984375 0.099609375
3 0.6533203125 0.55517578125 0.0439453125 0.04296875
2 0.634765625 0.50244140625 0.0634765625 0.076171875
0 0.56201171875 0.58984375 0.0361328125 0.0283203125
3 0.4521484375 0.59326171875 0.048828125 0.052734375
3 0.50341796875 0.48486328125 0.0537109375 0.0537109375
0 0.5380859375 0.4462890625 0.025390625 0.02734375
0 0.45458984375 0.53271484375 0.0166015625 0.0185546875
0 0.44091796875 0.49365234375 0.0185546875 0.01953125
0 0.44873046875 0.47021484375 0.0224609375 0.0185546875
0 0.4638671875 0.4580078125 0.013671875 0.0146484375
0 0.3447265625 0.46435546875 0.0283203125 0.033203125
3 0.2822265625 0.39501953125 0.0322265625 0.0263671875
0 0.248046875 0.400390625 0.029296875 0.0283203125
0 0.25927734375 0.3740234375 0.02734375 0.025390625
3 0.19970703125 0.4228515625 0.0283203125 0.025390625
0 0.2216796875 0.3974609375 0.015625 0.013671875
3 0.22412109375 0.36865234375 0.0302734375 0.0244140625
0 0.15625 0.4853515625 0.0224609375 0.021484375
0 0.1298828125 0.36669921875 0.0361328125 0.033203125
0 0.24365234375 0.3603515625 0.0126953125 0.013671875
1 0.7333984375 0.94775390625 0.23046875 0.1044921875
1 0.7978515625 0.8974609375 0.1923828125 0.2021484375
1 0.84716796875 0.79443359375 0.1787109375 0.1865234375
1 0.91357421875 0.68017578125 0.1484375 0.189453125
0 0.8671875 0.888671875 0.0166015625 0.0166015625
3 0.87939453125 0.84765625 0.0458984375 0.046875
0 0.845703125 0.86279296875 0.013671875 0.0126953125
0 0.83203125 0.9921875 0.01953125 0.015625