1 0.60009765625 0.4912109375 0.26171875 0.27734375
1 0.48876953125 0.41748046875 0.2802734375 0.28125
1 0.17333984375 0.2841796875 0.318359375 0.2958984375
1 0.25048828125 0.16796875 0.29296875 0.3134765625
1 0.48974609375 0.62744140625 0.21875 0.2353515625
1 0.171875 0.85400390625 0.30078125 0.2919921875
1 0.12890625 0.9453125 0.177734375 0.109375
1 0.94384765625 0.58642578125 0.1123046875 0.1201171875
1 0.87451171875 0.66357421875 0.1806640625 0.18359375
1 0.91015625 0.72802734375 0.1796875 0.3056640625
2 0.97314453125 0.85498046875 0.0537109375 0.1845703125
1 0.970703125 0.85302734375 0.05859375 0.2021484375
1 0.9248046875 0.90869140625 0.150390625 0.1123046875
2 0.93359375 0.9169921875 0.1328125 0.091796875
2 0.93212890625 0.74755859375 0.1357421875 0.2255859375
0 0.8798828125 0.7939453125 0.009765625 0.0146484375
0 0.89453125 0.80078125 0.0166015625 0.017578125
0 0.54248046875 0.53564453125 0.015625 0.0146484375
0 0.60791015625 0.38916015625 0.021484375 0.0224609375
0 0.1923828125 0.9931640625 0.0126953125 0.013671875
0 0.06591796875 0.90283203125 0.0146484375 0.0146484375
3 0.22216796875 0.984375 0.0380859375 0.03125
3 0.18212890625 0.9599609375 0.0361328125 0.037109375
3 0.099609375 0.89990234375 0.0400390625 0.0419921875
3 0.056640625 0.87255859375 0.0380859375 0.0419921875