1 0.40625 0.5869140625 0.3369140625 0.21875
1 0.41845703125 0.4169921875 0.3349609375 0.2333984375
1 0.65380859375 0.5234375 0.2490234375 0.40234375
1 0.8173828125 0.89013671875 0.23828125 0.2197265625
1 0.8349609375 0.70751953125 0.2578125 0.2548828125
1 0.85546875 0.50146484375 0.259765625 0.265625
1 0.8017578125 0.33935546875 0.1435546875 0.1171875
1 0.927734375 0.357421875 0.14453125 0.115234375
1 0.9248046875 0.89501953125 0.07421875 0.1884765625
1 0.9560546875 0.61474609375 0.087890625 0.3994140625
0 0.86572265625 0.71435546875 0.029296875 0.025390625
0 0.9208984375 0.9482421875 0.0224609375 0.01953125
0 0.39599609375 0.47998046875 0.025390625 0.025390625
0 0.9404296875 0.505859375 0.03125 0.02734375
0 0.83349609375 0.56396484375 0.0185546875 0.0166015625
0 0.90625 0.5693359375 0.0244140625 0.0234375
1 0.81494140625 0.47705078125 0.0712890625 0.091796875
1 0.6953125 0.29541015625 0.109375 0.1171875