1 0.56005859375 0.6494140625 0.2841796875 0.328125
1 0.693359375 0.5732421875 0.28515625 0.359375
1 0.19287109375 0.86669921875 0.2841796875 0.2666015625
1 0.32470703125 0.82080078125 0.2841796875 0.3583984375
3 0.14013671875 0.92333984375 0.0458984375 0.0400390625
3 0.37353515625 0.79248046875 0.0458984375 0.0458984375
3 0.5078125 0.67236328125 0.044921875 0.0439453125
3 0.74365234375 0.54150390625 0.0439453125 0.0478515625
1 0.17138671875 0.2734375 0.3427734375 0.3671875
1 0.16162109375 0.25341796875 0.1416015625 0.1376953125
1 0.087890625 0.30859375 0.080078125 0.091796875
1 0.04248046875 0.35009765625 0.0849609375 0.0908203125
1 0.015625 0.4033203125 0.03125 0.064453125
0 0.26953125 0.177734375 0.041015625 0.048828125
0 0.0244140625 0.294921875 0.03125 0.0390625
1 0.1123046875 0.1533203125 0.224609375 0.23828125
1 0.04443359375 0.11669921875 0.0830078125 0.0947265625
1 0.01904296875 0.15234375 0.0380859375 0.083984375
1 0.90087890625 0.8935546875 0.1982421875 0.134765625
1 0.96923828125 0.86279296875 0.0615234375 0.1591796875