1 0.53515625 0.482421875 0.265625 0.2734375
1 0.4560546875 0.560546875 0.2451171875 0.2607421875
1 0.203125 0.81396484375 0.2568359375 0.2744140625
1 0.1328125 0.8798828125 0.23046875 0.240234375
1 0.13330078125 0.35400390625 0.2666015625 0.2724609375
1 0.15625 0.17333984375 0.197265625 0.21875
1 0.05419921875 0.20947265625 0.1083984375 0.2705078125
1 0.0146484375 0.41455078125 0.029296875 0.1416015625
1 0.85546875 0.15478515625 0.2607421875 0.2919921875
1 0.7802734375 0.23876953125 0.2763671875 0.287109375
2 0.84814453125 0.1513671875 0.203125 0.224609375
2 0.7783203125 0.23876953125 0.228515625 0.2392578125
0 0.763671875 0.251953125 0.025390625 0.0244140625
0 0.95361328125 0.20703125 0.01171875 0.0126953125
0 0.4384765625 0.5791015625 0.0322265625 0.0302734375
0 0.50146484375 0.65234375 0.0283203125 0.0341796875
0 0.107421875 0.90869140625 0.029296875 0.0263671875
0 0.16943359375 0.97998046875 0.0205078125 0.021484375
0 0.03369140625 0.32666015625 0.02734375 0.0302734375
0 0.056640625 0.2978515625 0.0283203125 0.03125
0 0.08349609375 0.2783203125 0.0322265625 0.03125