1 0.4853515625 0.580078125 0.2744140625 0.21875
1 0.4873046875 0.59619140625 0.1650390625 0.125
1 0.4189453125 0.4365234375 0.2666015625 0.2177734375
1 0.34423828125 0.5537109375 0.0537109375 0.0693359375
2 0.5888671875 0.4140625 0.1220703125 0.146484375
1 0.59033203125 0.416015625 0.1337890625 0.171875
1 0.55517578125 0.46044921875 0.05078125 0.0712890625
1 0.43017578125 0.46240234375 0.05078125 0.068359375
1 0.4091796875 0.39306640625 0.15625 0.1220703125
1 0.423828125 0.42529296875 0.0390625 0.02734375
1 0.44921875 0.45556640625 0.041015625 0.080078125
0 0.39111328125 0.4990234375 0.0234375 0.0283203125
3 0.41552734375 0.5673828125 0.0341796875 0.0380859375
3 0.5166015625 0.52880859375 0.0341796875 0.0361328125