1 0.3955078125 0.5146484375 0.2734375 0.4482421875
1 0.54736328125 0.50146484375 0.294921875 0.44921875
1 0.54345703125 0.45849609375 0.1513671875 0.1318359375
1 0.55029296875 0.52880859375 0.1806640625 0.1123046875
0 0.39990234375 0.54541015625 0.015625 0.0224609375
0 0.40478515625 0.482421875 0.015625 0.01953125
3 0.3662109375 0.46826171875 0.03125 0.03515625
3 0.37255859375 0.57373046875 0.0380859375 0.041015625
3 0.5849609375 0.625 0.0595703125 0.0517578125
3 0.55859375 0.37158203125 0.056640625 0.052734375
0 0.5205078125 0.42041015625 0.0126953125 0.013671875
0 0.3291015625 0.435546875 0.0224609375 0.021484375