1 0.2236328125 0.4873046875 0.298828125 0.3046875
1 0.31201171875 0.60595703125 0.2744140625 0.2705078125
1 0.17529296875 0.50244140625 0.0634765625 0.1162109375
1 0.158203125 0.52294921875 0.09765625 0.0751953125
1 0.52783203125 0.50927734375 0.1728515625 0.4130859375
1 0.4423828125 0.32568359375 0.0625 0.0751953125
1 0.4248046875 0.6748046875 0.041015625 0.08203125
1 0.51806640625 0.5302734375 0.0576171875 0.064453125
1 0.51953125 0.48046875 0.05859375 0.064453125
0 0.267578125 0.58447265625 0.0234375 0.0185546875
0 0.544921875 0.38818359375 0.01953125 0.0185546875
1 0.85009765625 0.75341796875 0.2978515625 0.3017578125
1 0.80029296875 0.77294921875 0.0673828125 0.1162109375
1 0.7822265625 0.79052734375 0.099609375 0.0751953125
1 0.89990234375 0.85791015625 0.2001953125 0.2255859375
0 0.89208984375 0.85107421875 0.0224609375 0.0224609375
0 0.2763671875 0.7119140625 0.017578125 0.017578125
1 0.36767578125 0.45849609375 0.0732421875 0.0966796875