1 0.27001953125 0.404296875 0.5400390625 0.54296875
3 0.24560546875 0.43798828125 0.052734375 0.0537109375
1 0.6640625 0.57275390625 0.6455078125 0.5751953125
2 0.50048828125 0.4638671875 0.15625 0.2431640625
2 0.59033203125 0.52001953125 0.154296875 0.244140625
2 0.701171875 0.59423828125 0.150390625 0.2412109375
2 0.7646484375 0.63623046875 0.162109375 0.2470703125
2 0.8369140625 0.68408203125 0.1572265625 0.2431640625
0 0.60595703125 0.66162109375 0.4169921875 0.2880859375
3 0.64697265625 0.5498046875 0.052734375 0.0498046875
3 0.5263671875 0.466796875 0.017578125 0.0205078125
3 0.625 0.57666015625 0.0185546875 0.017578125
3 0.7734375 0.53076171875 0.021484375 0.021484375
3 0.501953125 0.68408203125 0.0205078125 0.0283203125
3 0.69140625 0.54638671875 0.048828125 0.04296875
0 0.10791015625 0.30419921875 0.0205078125 0.0205078125
0 0.14306640625 0.35791015625 0.013671875 0.017578125
0 0.24365234375 0.3876953125 0.015625 0.0146484375
0 0.37548828125 0.4765625 0.0166015625 0.01953125