1 0.15185546875 0.80810546875 0.26171875 0.263671875
1 0.32861328125 0.7880859375 0.16796875 0.2548828125
1 0.4892578125 0.7646484375 0.2509765625 0.267578125
1 0.669921875 0.78369140625 0.1943359375 0.205078125
1 0.654296875 0.55322265625 0.169921875 0.3095703125
1 0.47314453125 0.6025390625 0.23046875 0.1240234375
1 0.44482421875 0.455078125 0.2333984375 0.14453125
1 0.45849609375 0.53173828125 0.2373046875 0.068359375
1 0.26806640625 0.5087890625 0.1806640625 0.3466796875
1 0.1796875 0.533203125 0.1318359375 0.314453125
1 0.0849609375 0.71923828125 0.1318359375 0.1396484375
1 0.09130859375 0.599609375 0.1005859375 0.1845703125
1 0.83349609375 0.57421875 0.220703125 0.1728515625
1 0.83642578125 0.7001953125 0.203125 0.109375
1 0.7099609375 0.26806640625 0.224609375 0.3466796875
1 0.8505859375 0.27099609375 0.2041015625 0.359375
1 0.75048828125 0.08056640625 0.3369140625 0.1611328125
2 0.853515625 0.33642578125 0.1240234375 0.1513671875
2 0.4326171875 0.4765625 0.1484375 0.0634765625
2 0.27978515625 0.58544921875 0.0966796875 0.1689453125
3 0.685546875 0.35498046875 0.02734375 0.021484375
3 0.6923828125 0.3056640625 0.0322265625 0.0224609375
3 0.69970703125 0.2578125 0.0302734375 0.017578125
3 0.419921875 0.59765625 0.0390625 0.0341796875
3 0.47265625 0.58935546875 0.04296875 0.0390625
3 0.52685546875 0.58203125 0.041015625 0.0322265625
3 0.61865234375 0.556640625 0.0263671875 0.037109375
3 0.67138671875 0.55078125 0.0244140625 0.0380859375
3 0.3193359375 0.44384765625 0.0185546875 0.0302734375
3 0.28369140625 0.44970703125 0.01953125 0.0283203125
3 0.248046875 0.45556640625 0.0205078125 0.0341796875
1 0.66943359375 0.8046875 0.083984375 0.0888671875
1 0.4921875 0.81689453125 0.126953125 0.0791015625
1 0.3427734375 0.84130859375 0.0673828125 0.064453125
1 0.1357421875 0.87109375 0.0439453125 0.072265625
1 0.1025390625 0.87451171875 0.0322265625 0.076171875
0 0.13232421875 0.75146484375 0.033203125 0.0302734375
3 0.087890625 0.70947265625 0.015625 0.0166015625
0 0.17529296875 0.7119140625 0.025390625 0.0234375
0 0.3291015625 0.6376953125 0.0224609375 0.02734375
0 0.37060546875 0.68701171875 0.0283203125 0.0390625
0 0.72119140625 0.7333984375 0.025390625 0.0234375
0 0.607421875 0.68115234375 0.0146484375 0.0185546875
0 0.80029296875 0.58251953125 0.015625 0.0234375