1 0.56494140625 0.4541015625 0.302734375 0.3203125
1 0.66943359375 0.6162109375 0.298828125 0.2587890625
0 0.578125 0.49658203125 0.0166015625 0.015625
0 0.67236328125 0.5244140625 0.0166015625 0.0185546875
1 0.1708984375 0.818359375 0.298828125 0.36328125
2 0.158203125 0.82568359375 0.26171875 0.2978515625
1 0.1875 0.9111328125 0.2734375 0.177734375
0 0.0673828125 0.88720703125 0.0302734375 0.044921875
1 0.62109375 0.0673828125 0.201171875 0.134765625
1 0.77490234375 0.03271484375 0.1748046875 0.0654296875
0 0.67529296875 0.03271484375 0.0234375 0.015625