1 0.59521484375 0.63671875 0.1962890625 0.2578125
3 0.63818359375 0.6748046875 0.0458984375 0.044921875
1 0.4013671875 0.50146484375 0.43359375 0.3583984375
3 0.5537109375 0.52783203125 0.041015625 0.0419921875
3 0.494140625 0.60302734375 0.037109375 0.0400390625
0 0.541015625 0.61083984375 0.037109375 0.0419921875
0 0.51171875 0.6494140625 0.03125 0.03125
1 0.5537109375 0.37548828125 0.232421875 0.2138671875
3 0.4951171875 0.4599609375 0.044921875 0.046875
3 0.38818359375 0.4541015625 0.0166015625 0.025390625
3 0.359375 0.48974609375 0.015625 0.0224609375
3 0.37353515625 0.42138671875 0.0126953125 0.0146484375