1 0.39794921875 0.38232421875 0.2158203125 0.330078125
1 0.548828125 0.40234375 0.22265625 0.3095703125
3 0.5341796875 0.38818359375 0.046875 0.04296875
3 0.57470703125 0.49658203125 0.0400390625 0.0419921875
0 0.3740234375 0.38623046875 0.025390625 0.0263671875
0 0.59912109375 0.36181640625 0.0185546875 0.01953125
0 0.59716796875 0.47119140625 0.0234375 0.0234375
0 0.47900390625 0.5166015625 0.01953125 0.0205078125
1 0.88671875 0.49267578125 0.2265625 0.3173828125
1 0.9716796875 0.5078125 0.056640625 0.271484375
1 0.875 0.52783203125 0.158203125 0.1025390625
1 0.876953125 0.5634765625 0.1533203125 0.068359375
0 0.83203125 0.47216796875 0.0283203125 0.0283203125