1 0.10107421875 0.935546875 0.1982421875 0.12890625
1 0.09228515625 0.97119140625 0.0927734375 0.0576171875
1 0.09765625 0.95703125 0.078125 0.076171875
1 0.197265625 0.85791015625 0.208984375 0.2333984375
1 0.16943359375 0.88720703125 0.0849609375 0.0615234375
1 0.177734375 0.8818359375 0.0703125 0.06640625
1 0.33447265625 0.91259765625 0.2998046875 0.1748046875
1 0.33447265625 0.7333984375 0.2431640625 0.265625
1 0.48291015625 0.84375 0.2587890625 0.267578125
0 0.447265625 0.7294921875 0.0234375 0.0234375
1 0.56005859375 0.705078125 0.2021484375 0.1875
1 0.41455078125 0.60791015625 0.2216796875 0.2060546875
1 0.4853515625 0.5 0.24609375 0.2265625
3 0.3876953125 0.5947265625 0.041015625 0.044921875
0 0.39794921875 0.53515625 0.0263671875 0.0234375
1 0.634765625 0.75439453125 0.08984375 0.1103515625
1 0.6513671875 0.6044921875 0.248046875 0.228515625
0 0.5283203125 0.58642578125 0.029296875 0.0244140625
0 0.4501953125 0.6982421875 0.025390625 0.0234375
1 0.55810546875 0.34423828125 0.2314453125 0.2353515625
1 0.7294921875 0.451171875 0.33203125 0.287109375
1 0.68310546875 0.216796875 0.2470703125 0.2421875
1 0.84912109375 0.32177734375 0.2490234375 0.2275390625
0 0.7158203125 0.34326171875 0.015625 0.0146484375
0 0.74658203125 0.3271484375 0.0322265625 0.03125
3 0.67333984375 0.45751953125 0.0380859375 0.0302734375
3 0.70654296875 0.40966796875 0.0322265625 0.0302734375
3 0.77392578125 0.43505859375 0.0322265625 0.0263671875
3 0.72607421875 0.52783203125 0.0283203125 0.0361328125
1 0.73828125 0.11376953125 0.193359375 0.1728515625
1 0.78759765625 0.056640625 0.1982421875 0.11328125
1 0.90576171875 0.11572265625 0.1884765625 0.2177734375
3 0.7578125 0.0400390625 0.033203125 0.02734375
3 0.765625 0.13427734375 0.033203125 0.0302734375
3 0.82763671875 0.048828125 0.0537109375 0.078125
3 0.90771484375 0.11669921875 0.0263671875 0.0224609375
3 0.9208984375 0.09423828125 0.02734375 0.0263671875
3 0.9921875 0.14794921875 0.013671875 0.0263671875
3 0.9755859375 0.1865234375 0.029296875 0.03125
3 0.88330078125 0.1767578125 0.0244140625 0.02734375
3 0.86083984375 0.19287109375 0.0322265625 0.0283203125
0 0.9365234375 0.2060546875 0.015625 0.015625
0 0.90673828125 0.1923828125 0.0185546875 0.013671875
1 0.1015625 0.69580078125 0.201171875 0.2216796875
1 0.052734375 0.638671875 0.10546875 0.16015625
1 0.1591796875 0.56494140625 0.142578125 0.1435546875
1 0.22314453125 0.4658203125 0.2119140625 0.21875
1 0.84375 0.94580078125 0.224609375 0.1064453125
1 0.93505859375 0.826171875 0.1279296875 0.16015625
1 0.962890625 0.736328125 0.072265625 0.126953125
1 0.9814453125 0.52978515625 0.037109375 0.1298828125
1 0.93896484375 0.54443359375 0.0595703125 0.0712890625
1 0.93603515625 0.6337890625 0.1279296875 0.125
0 0.9052734375 0.63671875 0.02734375 0.0234375
0 0.98974609375 0.67236328125 0.0205078125 0.0244140625