1 0.53564453125 0.291015625 0.2841796875 0.58203125
1 0.7041015625 0.29931640625 0.28125 0.59765625
1 0.525390625 0.4013671875 0.1474609375 0.15234375
1 0.38818359375 0.22265625 0.1123046875 0.1220703125
1 0.4775390625 0.26513671875 0.189453125 0.0771484375
1 0.48291015625 0.20703125 0.1796875 0.09375
1 0.78955078125 0.90625 0.1064453125 0.1630859375
1 0.87255859375 0.90771484375 0.10546875 0.1513671875
1 0.9443359375 0.908203125 0.080078125 0.142578125
1 0.689453125 0.4404296875 0.1357421875 0.1025390625
1 0.716796875 0.16455078125 0.13671875 0.10546875
3 0.513671875 0.162109375 0.0341796875 0.029296875
3 0.50048828125 0.3173828125 0.04296875 0.0302734375
0 0.59375 0.2548828125 0.0205078125 0.013671875
0 0.5947265625 0.23828125 0.0244140625 0.015625
0 0.5625 0.39794921875 0.021484375 0.0185546875
1 0.55517578125 0.0771484375 0.1357421875 0.138671875
0 0.5888671875 0.08837890625 0.0224609375 0.0166015625
3 0.7236328125 0.36181640625 0.0849609375 0.0927734375
3 0.73828125 0.29345703125 0.0400390625 0.0322265625
3 0.74072265625 0.26318359375 0.0400390625 0.0302734375
0 0.923828125 0.97314453125 0.0224609375 0.01171875
1 0.51953125 0.9033203125 0.171875 0.193359375
1 0.39794921875 0.9013671875 0.1337890625 0.197265625
3 0.38720703125 0.98046875 0.0283203125 0.029296875
2 0.49169921875 0.912109375 0.0869140625 0.17578125
3 0.53857421875 0.9775390625 0.0390625 0.0419921875
0 0.36279296875 0.94091796875 0.0126953125 0.01171875
3 0.74853515625 0.08642578125 0.083984375 0.0908203125