1 0.45166015625 0.48388671875 0.2978515625 0.2705078125
1 0.525390625 0.61279296875 0.32421875 0.3056640625
1 0.57861328125 0.59814453125 0.060546875 0.1240234375
1 0.595703125 0.580078125 0.0927734375 0.095703125
1 0.95068359375 0.69140625 0.0986328125 0.203125
1 0.96435546875 0.81787109375 0.0712890625 0.0673828125
1 0.955078125 0.79541015625 0.056640625 0.08203125
1 0.98486328125 0.79833984375 0.0302734375 0.0634765625
1 0.93017578125 0.580078125 0.0556640625 0.0859375
1 0.9072265625 0.58251953125 0.05078125 0.0849609375
1 0.82373046875 0.7490234375 0.23828125 0.419921875
1 0.82421875 0.71875 0.060546875 0.0859375
1 0.82373046875 0.7626953125 0.0712890625 0.0634765625
1 0.88525390625 0.92724609375 0.07421875 0.076171875
0 0.794921875 0.8525390625 0.0205078125 0.0205078125
0 0.48828125 0.5126953125 0.0224609375 0.0185546875
1 0.23974609375 0.576171875 0.263671875 0.4228515625
0 0.19384765625 0.68310546875 0.0224609375 0.0205078125
1 0.3349609375 0.4033203125 0.05078125 0.076171875
1 0.2939453125 0.75634765625 0.0771484375 0.0888671875
1 0.22802734375 0.54443359375 0.0595703125 0.0810546875
1 0.22705078125 0.5859375 0.068359375 0.0615234375