1 0.6591796875 0.587890625 0.173828125 0.208984375
1 0.595703125 0.39404296875 0.298828125 0.2431640625
1 0.38623046875 0.39013671875 0.1982421875 0.2373046875
1 0.33544921875 0.5390625 0.1162109375 0.095703125
1 0.3955078125 0.52783203125 0.033203125 0.1259765625
1 0.49755859375 0.572265625 0.1982421875 0.2421875
1 0.849609375 0.86962890625 0.1171875 0.1279296875
1 0.87451171875 0.71044921875 0.2509765625 0.3388671875
1 0.95751953125 0.8251953125 0.0849609375 0.201171875
3 0.9326171875 0.67529296875 0.041015625 0.0419921875
1 0.25048828125 0.248046875 0.3173828125 0.3984375
1 0.15283203125 0.17578125 0.3056640625 0.3515625
1 0.08642578125 0.15966796875 0.1728515625 0.1044921875
1 0.1181640625 0.095703125 0.107421875 0.1796875
2 0.22021484375 0.0859375 0.1044921875 0.123046875
3 0.275390625 0.2568359375 0.033203125 0.03515625
3 0.302734375 0.21875 0.03125 0.03515625
0 0.02978515625 0.265625 0.0126953125 0.013671875
0 0.00439453125 0.2509765625 0.0087890625 0.013671875
0 0.55517578125 0.4619140625 0.0126953125 0.013671875