1 0.40087890625 0.37939453125 0.1923828125 0.1298828125
1 0.39453125 0.48046875 0.203125 0.115234375
1 0.31884765625 0.41748046875 0.0458984375 0.0986328125
1 0.44482421875 0.48583984375 0.1240234375 0.3076171875
1 0.478515625 0.62548828125 0.08984375 0.0517578125
1 0.552734375 0.49951171875 0.138671875 0.3095703125
1 0.5205078125 0.35888671875 0.08984375 0.0517578125
3 0.4130859375 0.56103515625 0.029296875 0.0224609375
0 0.46630859375 0.447265625 0.0283203125 0.0234375
3 0.4169921875 0.3603515625 0.0234375 0.025390625
0 0.34521484375 0.3564453125 0.0302734375 0.0234375
0 0.56640625 0.47900390625 0.0234375 0.0302734375
1 0.86328125 0.42529296875 0.212890625 0.1142578125
1 0.8720703125 0.32763671875 0.193359375 0.1240234375
1 0.794921875 0.36572265625 0.05859375 0.0869140625
1 0.9140625 0.431640625 0.12890625 0.31640625
1 0.970703125 0.30419921875 0.05859375 0.0517578125
1 0.94921875 0.57177734375 0.091796875 0.0498046875
0 0.93994140625 0.39306640625 0.0283203125 0.0283203125
3 0.88916015625 0.3095703125 0.0283203125 0.021484375
3 0.8896484375 0.5068359375 0.021484375 0.02734375
0 0.935546875 0.5341796875 0.01953125 0.015625