1 0.35693359375 0.4482421875 0.333984375 0.4619140625
1 0.5009765625 0.5419921875 0.431640625 0.4833984375
1 0.50537109375 0.49462890625 0.1259765625 0.1220703125
1 0.3837890625 0.37646484375 0.146484375 0.1787109375
0 0.2880859375 0.4794921875 0.0576171875 0.0771484375
0 0.455078125 0.37158203125 0.0205078125 0.017578125
3 0.41650390625 0.556640625 0.03125 0.0244140625
0 0.462890625 0.42578125 0.0244140625 0.0244140625
0 0.40185546875 0.51904296875 0.013671875 0.013671875
1 0.33349609375 0.64990234375 0.0458984375 0.0419921875
3 0.568359375 0.4189453125 0.046875 0.0439453125
0 0.666015625 0.4267578125 0.0126953125 0.0146484375
1 0.60400390625 0.13232421875 0.2978515625 0.2646484375
0 0.5537109375 0.37451171875 0.0126953125 0.009765625
1 0.84130859375 0.8251953125 0.26171875 0.2119140625
1 0.7939453125 0.908203125 0.2421875 0.18359375
1 0.580078125 0.96044921875 0.208984375 0.0791015625
1 0.07470703125 0.81982421875 0.1494140625 0.2744140625
1 0.1923828125 0.85888671875 0.310546875 0.24609375
2 0.11279296875 0.92333984375 0.0771484375 0.0732421875
0 0.1875 0.88330078125 0.0458984375 0.044921875
0 0.14697265625 0.86669921875 0.025390625 0.021484375
3 0.01513671875 0.83056640625 0.02734375 0.029296875
0 0.001953125 0.9072265625 0.00390625 0.013671875
1 0.9482421875 0.30810546875 0.103515625 0.2958984375
0 0.96484375 0.408203125 0.009765625 0.013671875