1 0.49951171875 0.6123046875 0.18359375 0.1494140625
1 0.45556640625 0.62255859375 0.103515625 0.166015625
1 0.54150390625 0.4931640625 0.39453125 0.3271484375
2 0.4970703125 0.45703125 0.28125 0.220703125
1 0.48779296875 0.4091796875 0.3310546875 0.224609375
2 0.60498046875 0.44091796875 0.0947265625 0.08984375
2 0.64990234375 0.505859375 0.14453125 0.1416015625
3 0.42822265625 0.44140625 0.0361328125 0.0380859375
0 0.5419921875 0.552734375 0.0361328125 0.0400390625
0 0.49609375 0.36669921875 0.0283203125 0.025390625
0 0.56640625 0.54345703125 0.044921875 0.037109375