1 0.52685546875 0.48291015625 0.2451171875 0.2236328125
1 0.6767578125 0.63720703125 0.3359375 0.3974609375
1 0.89599609375 0.60107421875 0.2080078125 0.2451171875
1 0.8486328125 0.82177734375 0.302734375 0.3505859375
1 0.8291015625 0.9443359375 0.341796875 0.111328125
3 0.69091796875 0.51416015625 0.0439453125 0.0419921875
0 0.9853515625 0.6826171875 0.029296875 0.05859375
1 0.169921875 0.26025390625 0.33984375 0.3935546875
2 0.14306640625 0.228515625 0.2861328125 0.12109375
2 0.1552734375 0.18994140625 0.287109375 0.1181640625
2 0.1181640625 0.38037109375 0.236328125 0.1064453125
2 0.12451171875 0.3408203125 0.2490234375 0.1015625
2 0.15625 0.3125 0.2109375 0.091796875
2 0.18896484375 0.28173828125 0.1689453125 0.0791015625
0 0.6962890625 0.55126953125 0.015625 0.0166015625
0 0.65625 0.7236328125 0.015625 0.017578125