1 0.53125 0.5400390625 0.244140625 0.138671875
1 0.517578125 0.47900390625 0.2294921875 0.1748046875
1 0.3798828125 0.49609375 0.2353515625 0.3359375
1 0.28369140625 0.62646484375 0.2333984375 0.2099609375
1 0.2158203125 0.49462890625 0.244140625 0.2177734375
0 0.279296875 0.6923828125 0.0283203125 0.025390625
1 0.39990234375 0.27001953125 0.2138671875 0.1474609375
1 0.37109375 0.20849609375 0.2275390625 0.1533203125
1 0.87890625 0.771484375 0.2421875 0.3984375
1 0.69140625 0.83056640625 0.3984375 0.3388671875
3 0.91748046875 0.68896484375 0.0361328125 0.0361328125
3 0.96044921875 0.7978515625 0.0322265625 0.033203125
3 0.9541015625 0.87890625 0.0322265625 0.033203125
3 0.88720703125 0.83251953125 0.033203125 0.0341796875
3 0.8974609375 0.89599609375 0.0205078125 0.01953125
0 0.87939453125 0.88427734375 0.01953125 0.017578125
0 0.87109375 0.681640625 0.044921875 0.0341796875
3 0.6435546875 0.810546875 0.0361328125 0.033203125
3 0.72802734375 0.77490234375 0.0361328125 0.03125
3 0.76904296875 0.86572265625 0.0380859375 0.0361328125
3 0.6826171875 0.9013671875 0.0322265625 0.033203125
3 0.76416015625 0.96875 0.0322265625 0.015625
1 0.06640625 0.1484375 0.1328125 0.154296875
1 0.16162109375 0.0986328125 0.3232421875 0.1640625
1 0.2119140625 0.083984375 0.056640625 0.06640625
3 0.0283203125 0.0869140625 0.0234375 0.0234375
3 0.10205078125 0.0556640625 0.0244140625 0.021484375
3 0.125 0.126953125 0.025390625 0.021484375