1 0.259765625 0.890625 0.236328125 0.21875
1 0.2451171875 0.71875 0.2421875 0.126953125
1 0.240234375 0.546875 0.2421875 0.23046875
1 0.19140625 0.3818359375 0.181640625 0.1640625
1 0.4267578125 0.3515625 0.296875 0.166015625
1 0.4072265625 0.544921875 0.107421875 0.236328125
1 0.5595703125 0.5458984375 0.138671875 0.232421875
1 0.4736328125 0.54638671875 0.052734375 0.2294921875
1 0.53076171875 0.71533203125 0.3369140625 0.1708984375
1 0.5224609375 0.828125 0.302734375 0.138671875
1 0.35986328125 0.94580078125 0.1318359375 0.1083984375
1 0.47119140625 0.91259765625 0.1826171875 0.0986328125
1 0.36474609375 0.181640625 0.1748046875 0.224609375
1 0.2451171875 0.19921875 0.12109375 0.197265625
1 0.68212890625 0.251953125 0.3271484375 0.244140625
1 0.66357421875 0.1201171875 0.3603515625 0.2109375
1 0.8798828125 0.1767578125 0.203125 0.33984375
2 0.60009765625 0.12255859375 0.1533203125 0.1298828125
2 0.5322265625 0.5615234375 0.048828125 0.142578125
2 0.45263671875 0.73388671875 0.1689453125 0.1044921875
3 0.611328125 0.29248046875 0.0234375 0.0283203125
3 0.65869140625 0.27734375 0.0224609375 0.033203125
3 0.7041015625 0.26123046875 0.01953125 0.0302734375
3 0.41943359375 0.59619140625 0.0322265625 0.0400390625
3 0.41650390625 0.54296875 0.0341796875 0.04296875
3 0.41455078125 0.48681640625 0.0341796875 0.0419921875
3 0.42138671875 0.3935546875 0.0361328125 0.02734375
3 0.419921875 0.33984375 0.0390625 0.01953125
3 0.5859375 0.6669921875 0.02734375 0.01953125
3 0.58642578125 0.705078125 0.0263671875 0.021484375
3 0.58837890625 0.740234375 0.0322265625 0.021484375
1 0.169921875 0.388671875 0.08203125 0.078125
1 0.18896484375 0.56494140625 0.0693359375 0.1201171875
1 0.1923828125 0.71435546875 0.06640625 0.0712890625
1 0.19921875 0.9267578125 0.07421875 0.0390625
1 0.201171875 0.9560546875 0.072265625 0.029296875
0 0.31640625 0.90478515625 0.02734375 0.0302734375
3 0.36572265625 0.9423828125 0.0166015625 0.015625
0 0.34814453125 0.85693359375 0.0205078125 0.0244140625
0 0.39453125 0.693359375 0.0234375 0.021484375
0 0.33837890625 0.65966796875 0.0361328125 0.0302734375
0 0.22998046875 0.32275390625 0.0224609375 0.0263671875
0 0.30224609375 0.42578125 0.0185546875 0.015625
0 0.3662109375 0.21875 0.021484375 0.017578125