1 0.52001953125 0.4296875 0.328125 0.1416015625
1 0.583984375 0.42333984375 0.037109375 0.0810546875
1 0.54443359375 0.42236328125 0.0458984375 0.080078125
1 0.564453125 0.39990234375 0.0751953125 0.0390625
1 0.51904296875 0.5654296875 0.3212890625 0.1435546875
1 0.49072265625 0.58154296875 0.2001953125 0.0595703125
0 0.5078125 0.53076171875 0.0341796875 0.01953125
3 0.51318359375 0.41357421875 0.0244140625 0.0283203125
1 0.369140625 0.9072265625 0.2177734375 0.0986328125
1 0.3525390625 0.81494140625 0.2490234375 0.1015625
1 0.24658203125 0.74072265625 0.1181640625 0.16015625
1 0.29248046875 0.73193359375 0.095703125 0.181640625