1 0.4716796875 0.5244140625 0.259765625 0.353515625
2 0.47216796875 0.5205078125 0.224609375 0.328125
1 0.36767578125 0.47998046875 0.193359375 0.3330078125
1 0.3115234375 0.455078125 0.1552734375 0.3193359375
0 0.30126953125 0.50634765625 0.0224609375 0.0234375
1 0.36328125 0.462890625 0.044921875 0.046875
3 0.376953125 0.4306640625 0.0185546875 0.015625
1 0.0927734375 0.25341796875 0.1650390625 0.3125
3 0.06591796875 0.30419921875 0.0283203125 0.0361328125
3 0.08154296875 0.2255859375 0.0390625 0.0439453125
1 0.087890625 0.4443359375 0.1015625 0.0810546875
1 0.15478515625 0.75830078125 0.1669921875 0.1357421875
1 0.1865234375 0.71533203125 0.1708984375 0.1396484375
1 0.04052734375 0.7412109375 0.0712890625 0.111328125
1 0.01025390625 0.80126953125 0.0205078125 0.2490234375
1 0.541015625 0.798828125 0.1025390625 0.107421875
1 0.759765625 0.9287109375 0.201171875 0.142578125
1 0.6083984375 0.92041015625 0.166015625 0.1591796875