1 0.35009765625 0.48583984375 0.3349609375 0.6669921875
1 0.541015625 0.732421875 0.142578125 0.099609375
1 0.43017578125 0.28271484375 0.1845703125 0.3037109375
1 0.7021484375 0.6064453125 0.384765625 0.40625
1 0.52685546875 0.57861328125 0.1728515625 0.2978515625
1 0.583984375 0.83203125 0.162109375 0.162109375
1 0.68359375 0.7802734375 0.1171875 0.1328125
3 0.6806640625 0.7939453125 0.025390625 0.0234375
3 0.66796875 0.759765625 0.0234375 0.021484375
3 0.7333984375 0.669921875 0.021484375 0.017578125
3 0.58251953125 0.59423828125 0.0224609375 0.0185546875
0 0.5361328125 0.66455078125 0.021484375 0.0322265625
3 0.6005859375 0.64892578125 0.0234375 0.0224609375
1 0.55615234375 0.25 0.2548828125 0.318359375
1 0.6982421875 0.53369140625 0.09375 0.0615234375
1 0.68896484375 0.50390625 0.0810546875 0.05859375
3 0.7255859375 0.60009765625 0.01953125 0.0166015625
0 0.634765625 0.294921875 0.017578125 0.021484375
0 0.52001953125 0.55029296875 0.0224609375 0.0185546875
0 0.74658203125 0.62744140625 0.0166015625 0.0146484375