1 0.658203125 0.578125 0.103515625 0.134765625
1 0.67724609375 0.453125 0.111328125 0.1591796875
1 0.58740234375 0.41650390625 0.123046875 0.236328125
1 0.61376953125 0.26513671875 0.1201171875 0.11328125
3 0.59912109375 0.27685546875 0.0400390625 0.033203125
1 0.5068359375 0.40380859375 0.1064453125 0.146484375
1 0.4873046875 0.53125 0.103515625 0.1376953125
1 0.4462890625 0.21630859375 0.1123046875 0.115234375
1 0.4208984375 0.3671875 0.1279296875 0.232421875
1 0.3359375 0.35205078125 0.107421875 0.1474609375
1 0.31982421875 0.4814453125 0.103515625 0.138671875
1 0.251953125 0.3134765625 0.12890625 0.2314453125
1 0.2822265625 0.16357421875 0.111328125 0.1123046875
1 0.10693359375 0.10986328125 0.115234375 0.1123046875
1 0.07861328125 0.2626953125 0.1357421875 0.236328125
3 0.0830078125 0.33642578125 0.0361328125 0.0361328125
3 0.08984375 0.125 0.0419921875 0.03125
3 0.26025390625 0.17578125 0.0419921875 0.0302734375
3 0.2275390625 0.33251953125 0.0498046875 0.041015625
3 0.25341796875 0.38720703125 0.0361328125 0.033203125
3 0.39892578125 0.38427734375 0.0458984375 0.0390625
3 0.42236328125 0.43798828125 0.03515625 0.0302734375
3 0.4287109375 0.2265625 0.0400390625 0.03125
3 0.56884765625 0.4345703125 0.044921875 0.0390625
3 0.59033203125 0.48974609375 0.0380859375 0.037109375
1 0.146484375 0.42822265625 0.1044921875 0.140625
1 0.16552734375 0.30224609375 0.111328125 0.1474609375
1 0.49560546875 0.9287109375 0.1787109375 0.142578125
1 0.32275390625 0.91552734375 0.205078125 0.15625
3 0.37890625 0.92431640625 0.041015625 0.0810546875
1 0.31689453125 0.94140625 0.048828125 0.0419921875
1 0.3203125 0.90576171875 0.0517578125 0.041015625
3 0.5166015625 0.94921875 0.041015625 0.0400390625
3 0.439453125 0.96826171875 0.0341796875 0.02734375
3 0.38720703125 0.98046875 0.0283203125 0.0234375
1 0.69189453125 0.03076171875 0.158203125 0.04296875