1 0.34326171875 0.5361328125 0.3681640625 0.33203125
1 0.3974609375 0.6796875 0.3994140625 0.337890625
1 0.18603515625 0.14990234375 0.3076171875 0.2998046875
1 0.21044921875 0.27685546875 0.3984375 0.3369140625
3 0.13818359375 0.078125 0.046875 0.0517578125
3 0.23095703125 0.3291015625 0.052734375 0.052734375
3 0.32861328125 0.48095703125 0.05078125 0.05078125
3 0.4208984375 0.734375 0.0537109375 0.05078125
1 0.775390625 0.2109375 0.416015625 0.3955078125
1 0.79638671875 0.20458984375 0.158203125 0.1611328125
1 0.75341796875 0.123046875 0.103515625 0.09375
1 0.7197265625 0.07177734375 0.1025390625 0.09765625
1 0.67138671875 0.03662109375 0.068359375 0.041015625
0 0.8544921875 0.32275390625 0.0546875 0.0478515625
0 0.77685546875 0.0625 0.0439453125 0.037109375
1 0.8837890625 0.17138671875 0.232421875 0.2587890625
1 0.9482421875 0.10986328125 0.103515625 0.0966796875
1 0.91845703125 0.07958984375 0.0888671875 0.05078125
1 0.06494140625 0.833984375 0.1298828125 0.216796875
1 0.07568359375 0.90625 0.1513671875 0.0859375