1 0.44873046875 0.5029296875 0.22265625 0.27734375
1 0.59130859375 0.52392578125 0.1611328125 0.2646484375
1 0.44482421875 0.45556640625 0.0439453125 0.0263671875
1 0.43994140625 0.478515625 0.048828125 0.0263671875
1 0.43115234375 0.52685546875 0.044921875 0.0283203125
1 0.42626953125 0.5498046875 0.05078125 0.0263671875
1 0.60888671875 0.53857421875 0.0478515625 0.0263671875
1 0.61181640625 0.51220703125 0.0478515625 0.0341796875
0 0.58447265625 0.6240234375 0.01953125 0.0244140625
0 0.56689453125 0.53857421875 0.0205078125 0.0205078125
3 0.48876953125 0.51025390625 0.0263671875 0.0283203125