1 0.642578125 0.55859375 0.21484375 0.3037109375
1 0.5908203125 0.59423828125 0.2861328125 0.2412109375
1 0.65625 0.80908203125 0.1669921875 0.19921875
1 0.6279296875 0.76806640625 0.216796875 0.1435546875
1 0.78125 0.62890625 0.1044921875 0.1533203125
1 0.833984375 0.7763671875 0.2080078125 0.1630859375
1 0.8076171875 0.6689453125 0.162109375 0.107421875
1 0.87109375 0.75244140625 0.0771484375 0.044921875
1 0.859375 0.7373046875 0.0537109375 0.0634765625
1 0.77392578125 0.81494140625 0.162109375 0.2294921875
0 0.79150390625 0.63134765625 0.013671875 0.017578125
0 0.7646484375 0.724609375 0.0283203125 0.01953125
1 0.76611328125 0.90869140625 0.04296875 0.03515625
1 0.7490234375 0.9033203125 0.03125 0.025390625
1 0.783203125 0.8818359375 0.0322265625 0.0283203125
1 0.75048828125 0.87451171875 0.0341796875 0.0263671875
1 0.77294921875 0.8740234375 0.0361328125 0.02734375
1 0.7578125 0.14208984375 0.25390625 0.2607421875