1 0.49609375 0.5283203125 0.4189453125 0.2099609375
1 0.51708984375 0.384765625 0.4140625 0.177734375
1 0.3271484375 0.421875 0.0595703125 0.1162109375
1 0.6923828125 0.48779296875 0.056640625 0.1083984375
1 0.2998046875 0.8076171875 0.494140625 0.193359375
1 0.28125 0.9130859375 0.4921875 0.173828125
0 0.31787109375 0.916015625 0.01953125 0.021484375
3 0.2666015625 0.89208984375 0.0166015625 0.0283203125
3 0.548828125 0.5576171875 0.0400390625 0.0380859375
3 0.44287109375 0.49609375 0.0146484375 0.015625
3 0.40869140625 0.5361328125 0.0380859375 0.0361328125
3 0.533203125 0.49072265625 0.015625 0.017578125
3 0.5224609375 0.51318359375 0.015625 0.015625
3 0.5087890625 0.5263671875 0.013671875 0.029296875
3 0.59033203125 0.38037109375 0.0390625 0.0380859375
3 0.4697265625 0.361328125 0.037109375 0.03515625
3 0.404296875 0.35009765625 0.033203125 0.0341796875
3 0.384765625 0.4013671875 0.0205078125 0.02734375
3 0.53076171875 0.369140625 0.0634765625 0.05078125