1 0.42431640625 0.5 0.177734375 0.283203125
1 0.58251953125 0.50439453125 0.177734375 0.28515625
2 0.57958984375 0.5 0.1611328125 0.2431640625
3 0.41259765625 0.4892578125 0.029296875 0.04296875
0 0.40869140625 0.42041015625 0.013671875 0.01953125
0 0.44140625 0.60107421875 0.015625 0.0234375
1 0.46337890625 0.69921875 0.08203125 0.1259765625
1 0.2138671875 0.0546875 0.38671875 0.109375
1 0.23583984375 0.01806640625 0.3583984375 0.0361328125
0 0.27685546875 0.0087890625 0.0283203125 0.017578125
0 0.2998046875 0.00146484375 0.0078125 0.0029296875
1 0.17919921875 0.0029296875 0.0849609375 0.005859375
1 0.11572265625 0.455078125 0.09765625 0.3232421875
3 0.10693359375 0.55859375 0.0439453125 0.06640625
3 0.1103515625 0.4921875 0.0458984375 0.068359375
3 0.111328125 0.42578125 0.0498046875 0.07421875
1 0.044921875 0.4677734375 0.08984375 0.291015625
2 0.044921875 0.46875 0.08984375 0.283203125
1 0.0478515625 0.3095703125 0.0751953125 0.0341796875
1 0.91357421875 0.5029296875 0.1728515625 0.3984375
1 0.98193359375 0.42578125 0.0361328125 0.240234375
0 0.90380859375 0.51611328125 0.0146484375 0.0205078125