1 0.77392578125 0.5361328125 0.2998046875 0.294921875
1 0.6982421875 0.41064453125 0.27734375 0.2607421875
1 0.8251953125 0.52392578125 0.056640625 0.1181640625
1 0.84326171875 0.50537109375 0.0927734375 0.0810546875
1 0.482421875 0.49462890625 0.189453125 0.4091796875
1 0.54248046875 0.67822265625 0.0673828125 0.0791015625
1 0.58740234375 0.33056640625 0.0439453125 0.0810546875
1 0.482421875 0.46826171875 0.056640625 0.0693359375
1 0.4794921875 0.515625 0.060546875 0.064453125
0 0.7392578125 0.43603515625 0.021484375 0.0166015625
0 0.4453125 0.607421875 0.017578125 0.017578125
1 0.173828125 0.21630859375 0.298828125 0.2919921875
1 0.2255859375 0.2001953125 0.060546875 0.119140625
1 0.244140625 0.1845703125 0.09375 0.080078125
1 0.11865234375 0.1064453125 0.2373046875 0.212890625
0 0.1396484375 0.11572265625 0.021484375 0.0205078125
0 0.74072265625 0.30859375 0.0166015625 0.015625
1 0.62451171875 0.5546875 0.0712890625 0.099609375