1 0.34814453125 0.4853515625 0.24609375 0.451171875
1 0.517578125 0.4619140625 0.345703125 0.4482421875
1 0.50341796875 0.50830078125 0.109375 0.1044921875
1 0.3427734375 0.5625 0.1171875 0.1650390625
0 0.298828125 0.42919921875 0.0439453125 0.076171875
0 0.40625 0.5966796875 0.0166015625 0.0166015625
3 0.447265625 0.41259765625 0.02734375 0.0185546875
0 0.43505859375 0.5517578125 0.0224609375 0.0205078125
0 0.41845703125 0.44189453125 0.01171875 0.0126953125
1 0.41259765625 0.2939453125 0.04296875 0.033203125
3 0.52783203125 0.60205078125 0.041015625 0.037109375
0 0.62060546875 0.63671875 0.0107421875 0.015625
1 0.42919921875 0.8720703125 0.3193359375 0.255859375
0 0.49609375 0.63671875 0.0146484375 0.0126953125
1 0.91259765625 0.35009765625 0.1748046875 0.1591796875
1 0.91455078125 0.24951171875 0.1708984375 0.1376953125
1 0.78369140625 0.08642578125 0.201171875 0.1005859375
1 0.20068359375 0.07373046875 0.1884765625 0.1474609375
1 0.38427734375 0.0732421875 0.2470703125 0.146484375
0 0.37939453125 0.0205078125 0.0380859375 0.0390625
0 0.3349609375 0.01806640625 0.021484375 0.017578125
3 0.201171875 0.00341796875 0.0234375 0.0068359375
1 0.87060546875 0.8720703125 0.1416015625 0.255859375
3 0.88525390625 0.9013671875 0.0244140625 0.033203125
0 0.85107421875 0.9521484375 0.015625 0.0146484375
0 0.8828125 0.7802734375 0.01171875 0.015625