1 0.337890625 0.4287109375 0.1552734375 0.1826171875
1 0.3974609375 0.59521484375 0.2578125 0.2138671875
1 0.57666015625 0.603515625 0.15625 0.181640625
1 0.54150390625 0.43310546875 0.2958984375 0.21484375
1 0.615234375 0.4814453125 0.146484375 0.0810546875
1 0.5576171875 0.443359375 0.068359375 0.1640625
1 0.6328125 0.412109375 0.1103515625 0.099609375
0 0.43505859375 0.54150390625 0.0205078125 0.0185546875
0 0.51318359375 0.55908203125 0.0234375 0.0263671875
1 0.70849609375 0.71923828125 0.279296875 0.25390625
1 0.61279296875 0.7294921875 0.146484375 0.1279296875
1 0.58056640625 0.77783203125 0.15234375 0.1416015625
0 0.61767578125 0.81201171875 0.029296875 0.029296875
1 0.7763671875 0.6220703125 0.310546875 0.2685546875