1 0.09765625 0.29833984375 0.1953125 0.4853515625
3 0.0498046875 0.25439453125 0.037109375 0.0244140625
1 0.35498046875 0.07373046875 0.2236328125 0.1474609375
1 0.24072265625 0.01171875 0.0478515625 0.0234375
1 0.39404296875 0.5947265625 0.1357421875 0.1640625
1 0.43798828125 0.47412109375 0.1591796875 0.1337890625
1 0.62255859375 0.50927734375 0.3994140625 0.3017578125
1 0.4501953125 0.41259765625 0.1015625 0.0654296875
1 0.49658203125 0.39501953125 0.0634765625 0.0947265625
1 0.64990234375 0.36962890625 0.3056640625 0.2490234375
1 0.67578125 0.3115234375 0.05859375 0.103515625
1 0.62744140625 0.32763671875 0.1044921875 0.0751953125
1 0.88623046875 0.32421875 0.2275390625 0.212890625
1 0.833984375 0.29736328125 0.10546875 0.0693359375
1 0.8818359375 0.2822265625 0.060546875 0.09375
1 0.900390625 0.43994140625 0.19921875 0.2060546875
0 0.923828125 0.4296875 0.0234375 0.02734375
0 0.71630859375 0.453125 0.0244140625 0.029296875
0 0.99267578125 0.3759765625 0.0126953125 0.013671875
0 0.6171875 0.4892578125 0.01171875 0.021484375
0 0.54736328125 0.5390625 0.0185546875 0.01953125