1 0.0947265625 0.8154296875 0.1875 0.212890625
1 0.45556640625 0.35498046875 0.4951171875 0.3056640625
1 0.40576171875 0.48095703125 0.4814453125 0.3408203125
1 0.443359375 0.5390625 0.107421875 0.119140625
1 0.47216796875 0.55419921875 0.0673828125 0.1552734375
2 0.5634765625 0.55419921875 0.068359375 0.0634765625
0 0.5244140625 0.51220703125 0.033203125 0.0478515625
0 0.46630859375 0.46435546875 0.0439453125 0.0439453125
0 0.4423828125 0.5087890625 0.015625 0.015625
0 0.49462890625 0.39404296875 0.0380859375 0.0302734375
0 0.5458984375 0.3720703125 0.044921875 0.03125
1 0.25537109375 0.896484375 0.2978515625 0.20703125
1 0.04150390625 0.771484375 0.0634765625 0.087890625
1 0.20703125 0.8583984375 0.0703125 0.08203125