1 0.595703125 0.404296875 0.365234375 0.5546875
2 0.6845703125 0.47412109375 0.1796875 0.2255859375
2 0.59521484375 0.5263671875 0.1572265625 0.21875
2 0.5859375 0.26025390625 0.18359375 0.2607421875
2 0.509765625 0.32470703125 0.154296875 0.2412109375
3 0.55517578125 0.2109375 0.0634765625 0.072265625
3 0.7080078125 0.51318359375 0.0625 0.0673828125
1 0.3759765625 0.3095703125 0.08203125 0.15234375
1 0.4697265625 0.59716796875 0.13671875 0.4599609375
1 0.5498046875 0.75146484375 0.099609375 0.1513671875
1 0.6220703125 0.7021484375 0.13671875 0.142578125
1 0.68994140625 0.65771484375 0.1044921875 0.1142578125
1 0.72705078125 0.6357421875 0.0576171875 0.091796875
0 0.7255859375 0.44873046875 0.013671875 0.0146484375
0 0.44287109375 0.2001953125 0.0166015625 0.015625
0 0.51513671875 0.55615234375 0.0087890625 0.0126953125