1 0.59033203125 0.0966796875 0.3251953125 0.193359375
1 0.5615234375 0.1865234375 0.3232421875 0.26171875
1 0.55078125 0.28515625 0.17578125 0.1455078125
1 0.54443359375 0.349609375 0.181640625 0.134765625
1 0.52587890625 0.44384765625 0.3037109375 0.2529296875
1 0.49951171875 0.57177734375 0.30078125 0.2529296875
1 0.52197265625 0.85693359375 0.3115234375 0.2861328125
1 0.35205078125 0.84619140625 0.2724609375 0.3076171875
1 0.0771484375 0.31640625 0.154296875 0.4609375
1 0.099609375 0.3369140625 0.19921875 0.451171875
1 0.0107421875 0.1865234375 0.021484375 0.208984375
3 0.505859375 0.89111328125 0.0322265625 0.02734375
3 0.34619140625 0.86083984375 0.0380859375 0.0302734375
3 0.51611328125 0.5625 0.029296875 0.03125
3 0.52197265625 0.453125 0.029296875 0.0361328125
3 0.05029296875 0.400390625 0.0302734375 0.0322265625
3 0.076171875 0.2763671875 0.03125 0.033203125
3 0.00537109375 0.25927734375 0.0107421875 0.0380859375
3 0.41064453125 0.57861328125 0.025390625 0.029296875
0 0.52392578125 0.982421875 0.015625 0.017578125
0 0.3984375 0.9560546875 0.01953125 0.0224609375
0 0.4365234375 0.77294921875 0.017578125 0.021484375
0 0.00244140625 0.31591796875 0.0048828125 0.0126953125
0 0.490234375 0.60595703125 0.0146484375 0.013671875
0 0.5546875 0.41748046875 0.017578125 0.017578125
0 0.5859375 0.220703125 0.017578125 0.0185546875
0 0.4912109375 0.01416015625 0.029296875 0.0283203125
0 0.55810546875 0.0146484375 0.01953125 0.0166015625
0 0.462890625 0.755859375 0.013671875 0.0126953125
0 0.458984375 0.78076171875 0.0166015625 0.013671875
0 0.45361328125 0.80908203125 0.017578125 0.015625
0 0.44677734375 0.84033203125 0.017578125 0.0166015625
0 0.43994140625 0.86669921875 0.0146484375 0.017578125
0 0.4345703125 0.8984375 0.015625 0.013671875
0 0.42822265625 0.9345703125 0.0146484375 0.0126953125
0 0.4248046875 0.9560546875 0.013671875 0.0126953125
0 0.42041015625 0.97802734375 0.0146484375 0.01171875
0 0.4267578125 0.79248046875 0.01171875 0.015625
0 0.42431640625 0.81201171875 0.013671875 0.013671875
0 0.4189453125 0.8349609375 0.01171875 0.0107421875
0 0.41552734375 0.85595703125 0.0146484375 0.013671875
0 0.4111328125 0.87890625 0.01171875 0.0126953125
0 0.40478515625 0.90185546875 0.0126953125 0.0166015625
0 0.40185546875 0.9228515625 0.01171875 0.015625