1 0.41162109375 0.62841796875 0.224609375 0.341796875
1 0.55810546875 0.580078125 0.3330078125 0.37890625
1 0.40966796875 0.6455078125 0.087890625 0.087890625
1 0.56005859375 0.591796875 0.1181640625 0.080078125
1 0.595703125 0.65185546875 0.1103515625 0.0869140625
0 0.564453125 0.55126953125 0.041015625 0.03515625
1 0.63671875 0.8603515625 0.2138671875 0.275390625
1 0.54833984375 0.7568359375 0.08203125 0.099609375
1 0.76220703125 0.80224609375 0.275390625 0.310546875
1 0.63134765625 0.87060546875 0.0947265625 0.0869140625
1 0.60009765625 0.80810546875 0.09375 0.08984375
1 0.80859375 0.86474609375 0.09765625 0.076171875
1 0.76904296875 0.7939453125 0.1025390625 0.0849609375
0 0.759765625 0.73095703125 0.0498046875 0.0380859375
1 0.89501953125 0.916015625 0.2099609375 0.13671875
1 0.9130859375 0.95458984375 0.126953125 0.0556640625
1 0.88818359375 0.458984375 0.2236328125 0.23046875
1 0.87353515625 0.3173828125 0.2470703125 0.2626953125
1 0.9521484375 0.45703125 0.095703125 0.103515625
1 0.87548828125 0.322265625 0.068359375 0.1015625
1 0.9365234375 0.28955078125 0.072265625 0.0986328125
1 0.44140625 0.17431640625 0.3427734375 0.2451171875
1 0.4462890625 0.18017578125 0.1005859375 0.1083984375
1 0.37451171875 0.08642578125 0.2626953125 0.1728515625
1 0.3681640625 0.0478515625 0.0693359375 0.0859375
1 0.43359375 0.03076171875 0.0693359375 0.05859375
1 0.513671875 0.166015625 0.041015625 0.03515625
1 0.328125 0.04736328125 0.015625 0.0244140625
1 0.64501953125 0.072265625 0.3056640625 0.14453125
1 0.62451171875 0.0419921875 0.1162109375 0.083984375
1 0.70361328125 0.02001953125 0.0791015625 0.0400390625
1 0.67138671875 0.02001953125 0.03515625 0.0341796875