1 0.46875 0.501953125 0.20703125 0.2470703125
1 0.63427734375 0.5087890625 0.1591796875 0.248046875
1 0.4140625 0.19873046875 0.2109375 0.3974609375
1 0.423828125 0.1279296875 0.1572265625 0.12109375
1 0.35400390625 0.03857421875 0.0791015625 0.0771484375
0 0.47412109375 0.0146484375 0.021484375 0.0224609375
0 0.43310546875 0.35693359375 0.0234375 0.0244140625
0 0.66455078125 0.4970703125 0.0263671875 0.017578125
3 0.57421875 0.33251953125 0.0341796875 0.0380859375
3 0.4052734375 0.58203125 0.0166015625 0.0205078125
3 0.42919921875 0.2255859375 0.0244140625 0.0224609375
3 0.43212890625 0.19384765625 0.025390625 0.017578125