1 0.62744140625 0.4990234375 0.4384765625 0.431640625
1 0.51171875 0.3916015625 0.4169921875 0.3994140625
1 0.837890625 0.08544921875 0.27734375 0.1708984375
1 0.89599609375 0.14404296875 0.1787109375 0.2880859375
1 0.93115234375 0.7900390625 0.1376953125 0.25390625
1 0.9755859375 0.6630859375 0.048828125 0.126953125
1 0.830078125 0.93359375 0.177734375 0.1005859375
0 0.95263671875 0.728515625 0.0166015625 0.0205078125
0 0.57373046875 0.4462890625 0.0517578125 0.048828125
0 0.953125 0.02783203125 0.0341796875 0.052734375
3 0.8896484375 0.01220703125 0.033203125 0.0244140625
3 0.943359375 0.12548828125 0.0283203125 0.033203125
3 0.67138671875 0.4267578125 0.0361328125 0.0341796875
3 0.556640625 0.54833984375 0.0361328125 0.0341796875
3 0.50390625 0.4287109375 0.03515625 0.0361328125
3 0.54541015625 0.3798828125 0.02734375 0.0302734375
1 0.0947265625 0.18994140625 0.189453125 0.2802734375
1 0.1103515625 0.07470703125 0.2119140625 0.1103515625
1 0.01123046875 0.09326171875 0.0224609375 0.1181640625
1 0.09228515625 0.04541015625 0.076171875 0.041015625
3 0.03076171875 0.2109375 0.0302734375 0.02734375
3 0.0390625 0.1767578125 0.029296875 0.02734375
1 0.90771484375 0.9150390625 0.130859375 0.1240234375
1 0.25634765625 0.94189453125 0.2119140625 0.1162109375
1 0.1298828125 0.9775390625 0.078125 0.044921875