1 0.49365234375 0.34228515625 0.4794921875 0.1923828125
1 0.51123046875 0.47802734375 0.4755859375 0.1943359375
3 0.3466796875 0.34814453125 0.03515625 0.0341796875
3 0.5126953125 0.3271484375 0.03515625 0.03515625
3 0.6572265625 0.30615234375 0.037109375 0.0361328125
3 0.53173828125 0.4912109375 0.0341796875 0.033203125
0 0.5927734375 0.46484375 0.01171875 0.01171875
0 0.44677734375 0.4833984375 0.0146484375 0.015625
0 0.42724609375 0.48583984375 0.0107421875 0.0126953125
1 0.498046875 0.92333984375 0.48046875 0.1533203125
1 0.65283203125 0.98681640625 0.1787109375 0.0263671875
3 0.33056640625 0.947265625 0.0361328125 0.033203125
3 0.51416015625 0.9228515625 0.0322265625 0.029296875
3 0.66015625 0.90478515625 0.037109375 0.0322265625
1 0.068359375 0.66796875 0.13671875 0.154296875
1 0.05908203125 0.5322265625 0.1181640625 0.146484375
3 0.04541015625 0.51806640625 0.0380859375 0.0380859375