1 0.48779296875 0.65966796875 0.2265625 0.3515625
1 0.5693359375 0.15771484375 0.21484375 0.3154296875
1 0.68701171875 0.93701171875 0.1982421875 0.1259765625
3 0.48974609375 0.69287109375 0.0224609375 0.0234375
2 0.42431640625 0.72802734375 0.0390625 0.1083984375
0 0.51708984375 0.673828125 0.0126953125 0.009765625
0 0.5068359375 0.80908203125 0.0087890625 0.0126953125
0 0.603515625 0.1552734375 0.0087890625 0.009765625
0 0.5068359375 0.1376953125 0.0126953125 0.01171875
0 0.5048828125 0.1220703125 0.009765625 0.0078125
0 0.61669921875 0.14306640625 0.0107421875 0.0068359375
0 0.615234375 0.15478515625 0.0068359375 0.0078125
3 0.57470703125 0.17333984375 0.0224609375 0.0224609375
1 0.77099609375 0.44189453125 0.201171875 0.173828125