1 0.8876953125 0.400390625 0.224609375 0.162109375
1 0.86669921875 0.58544921875 0.2119140625 0.2314453125
1 0.9814453125 0.58154296875 0.037109375 0.1982421875
1 0.67919921875 0.38427734375 0.2099609375 0.1533203125
1 0.66796875 0.5546875 0.212890625 0.216796875
1 0.50048828125 0.37255859375 0.1669921875 0.1533203125
1 0.32275390625 0.35595703125 0.1923828125 0.1513671875
1 0.48681640625 0.5390625 0.1708984375 0.208984375
1 0.3193359375 0.52685546875 0.203125 0.2041015625
1 0.11865234375 0.32568359375 0.2353515625 0.1962890625
1 0.16357421875 0.33251953125 0.0791015625 0.0771484375
1 0.04833984375 0.322265625 0.0654296875 0.072265625
1 0.32275390625 0.34326171875 0.1318359375 0.1123046875
1 0.462890625 0.35302734375 0.0546875 0.0791015625
1 0.53857421875 0.35693359375 0.0537109375 0.0791015625
1 0.634765625 0.3681640625 0.052734375 0.06640625
0 0.681640625 0.40478515625 0.021484375 0.0224609375
1 0.724609375 0.3740234375 0.056640625 0.068359375
3 0.84033203125 0.37548828125 0.0419921875 0.0537109375
0 0.8671875 0.40771484375 0.013671875 0.0126953125
3 0.90771484375 0.37939453125 0.0458984375 0.0537109375
3 0.919921875 0.45458984375 0.01953125 0.0224609375
3 0.92041015625 0.6103515625 0.0517578125 0.052734375
3 0.82421875 0.60009765625 0.056640625 0.0556640625
1 0.6943359375 0.56884765625 0.080078125 0.0810546875
1 0.62353515625 0.5673828125 0.0537109375 0.07421875
1 0.52734375 0.5595703125 0.05078125 0.07421875
1 0.4521484375 0.5556640625 0.052734375 0.0703125
3 0.26708984375 0.5791015625 0.0361328125 0.0390625
3 0.33447265625 0.58251953125 0.0341796875 0.0380859375
0 0.39697265625 0.45556640625 0.0205078125 0.0244140625
0 0.8271484375 0.5283203125 0.029296875 0.021484375
0 0.92578125 0.53466796875 0.029296875 0.0224609375
0 0.4306640625 0.40283203125 0.01953125 0.0205078125
0 0.869140625 0.4306640625 0.0234375 0.01953125
1 0.11376953125 0.58740234375 0.2275390625 0.3583984375
1 0.1474609375 0.55322265625 0.078125 0.1064453125
0 0.10595703125 0.482421875 0.0146484375 0.0703125
3 0.130859375 0.48388671875 0.021484375 0.0224609375
3 0.1728515625 0.48779296875 0.0234375 0.0185546875
1 0.03515625 0.5400390625 0.060546875 0.09375
3 0.021484375 0.46728515625 0.02734375 0.0244140625
3 0.0576171875 0.4677734375 0.02734375 0.0234375
3 0.08642578125 0.4306640625 0.0185546875 0.013671875
0 0.1416015625 0.654296875 0.0703125 0.0234375
3 0.01220703125 0.66259765625 0.0244140625 0.0244140625
3 0.04443359375 0.662109375 0.0263671875 0.021484375
3 0.1396484375 0.73046875 0.02734375 0.025390625
0 0.72021484375 0.638671875 0.0712890625 0.01953125
0 0.03369140625 0.5986328125 0.0595703125 0.021484375
0 0.1943359375 0.2822265625 0.013671875 0.013671875