1 0.47314453125 0.79150390625 0.2294921875 0.26953125
1 0.37255859375 0.78076171875 0.1640625 0.3076171875
1 0.30322265625 0.7080078125 0.0380859375 0.0546875
1 0.29833984375 0.72265625 0.048828125 0.056640625
1 0.30078125 0.7587890625 0.05078125 0.037109375
1 0.31640625 0.7587890625 0.0478515625 0.0498046875
3 0.33642578125 0.76708984375 0.0302734375 0.02734375
0 0.419921875 0.77587890625 0.033203125 0.037109375
1 0.42431640625 0.8759765625 0.4052734375 0.248046875
3 0.43798828125 0.81005859375 0.03515625 0.0244140625
3 0.51171875 0.81640625 0.0341796875 0.0283203125
3 0.52734375 0.75732421875 0.03125 0.0283203125
1 0.3955078125 0.93701171875 0.349609375 0.1259765625
3 0.4990234375 0.921875 0.03515625 0.03515625
0 0.5224609375 0.78857421875 0.0166015625 0.013671875
3 0.4853515625 0.990234375 0.025390625 0.01953125
0 0.2763671875 0.865234375 0.0166015625 0.021484375