1 0.49365234375 0.5283203125 0.2744140625 0.224609375
1 0.7265625 0.48828125 0.1162109375 0.1103515625
1 0.732421875 0.44921875 0.1044921875 0.0869140625
1 0.6611328125 0.41943359375 0.12109375 0.1259765625
1 0.55517578125 0.4248046875 0.2353515625 0.2099609375
1 0.65966796875 0.5576171875 0.1669921875 0.1572265625
1 0.365234375 0.78759765625 0.1416015625 0.134765625
1 0.30712890625 0.85546875 0.16015625 0.1357421875
1 0.13525390625 0.43505859375 0.2705078125 0.2822265625
1 0.0888671875 0.578125 0.177734375 0.2109375
1 0.58544921875 0.8916015625 0.2685546875 0.216796875
1 0.5224609375 0.568359375 0.046875 0.0380859375