1 0.56982421875 0.58935546875 0.208984375 0.318359375
1 0.4423828125 0.62646484375 0.1787109375 0.3017578125
1 0.54443359375 0.73486328125 0.1015625 0.0673828125
1 0.45849609375 0.486328125 0.0966796875 0.0634765625
1 0.33447265625 0.23681640625 0.1787109375 0.314453125
1 0.4638671875 0.20458984375 0.21484375 0.2998046875
1 0.43701171875 0.34228515625 0.09765625 0.0615234375
1 0.35302734375 0.09716796875 0.095703125 0.060546875
1 0.12744140625 0.6220703125 0.2255859375 0.330078125
1 0.06005859375 0.2392578125 0.1201171875 0.259765625
1 0.0498046875 0.6474609375 0.099609375 0.296875
2 0.076171875 0.57275390625 0.068359375 0.12109375
0 0.20361328125 0.70166015625 0.0205078125 0.021484375
3 0.42138671875 0.60693359375 0.0263671875 0.025390625
3 0.3193359375 0.25732421875 0.0283203125 0.0263671875
3 0.357421875 0.36376953125 0.017578125 0.015625
3 0.63720703125 0.6767578125 0.01953125 0.021484375