1 0.52783203125 0.50634765625 0.2451171875 0.43359375
1 0.38671875 0.47265625 0.212890625 0.4267578125
1 0.4072265625 0.66552734375 0.12109375 0.0693359375
1 0.50439453125 0.30712890625 0.1123046875 0.0654296875
1 0.7890625 0.72607421875 0.2353515625 0.5078125
1 0.892578125 0.7509765625 0.21484375 0.498046875
0 0.8984375 0.7177734375 0.0234375 0.021484375
3 0.8701171875 0.7666015625 0.0302734375 0.0185546875
3 0.5615234375 0.45654296875 0.041015625 0.04296875
3 0.4912109375 0.556640625 0.0166015625 0.0166015625
3 0.52783203125 0.59423828125 0.0390625 0.041015625
3 0.49365234375 0.4658203125 0.01953125 0.017578125
3 0.51513671875 0.47900390625 0.017578125 0.017578125
3 0.52734375 0.49365234375 0.0302734375 0.015625
3 0.388671875 0.3994140625 0.041015625 0.0419921875
3 0.359375 0.51806640625 0.0380859375 0.0390625
3 0.34228515625 0.58203125 0.0361328125 0.03515625
3 0.3916015625 0.60595703125 0.029296875 0.0234375
3 0.37255859375 0.4580078125 0.0556640625 0.0673828125