1 0.4755859375 0.58203125 0.28515625 0.13671875
1 0.4287109375 0.587890625 0.091796875 0.095703125
1 0.5185546875 0.591796875 0.109375 0.107421875
1 0.48681640625 0.46533203125 0.3056640625 0.1357421875
1 0.4140625 0.1572265625 0.158203125 0.314453125
1 0.5537109375 0.1650390625 0.171875 0.31640625
1 0.55859375 0.21044921875 0.13671875 0.0966796875
1 0.5654296875 0.126953125 0.154296875 0.091796875
3 0.40625 0.16943359375 0.029296875 0.0224609375
0 0.49267578125 0.20458984375 0.0185546875 0.0224609375
2 0.51513671875 0.259765625 0.0595703125 0.06640625
2 0.58447265625 0.2763671875 0.0771484375 0.091796875
2 0.5654296875 0.07421875 0.150390625 0.123046875
1 0.0771484375 0.39404296875 0.154296875 0.3740234375
0 0.5087890625 0.44921875 0.01953125 0.025390625
3 0.47314453125 0.44873046875 0.0263671875 0.0224609375
0 0.36328125 0.43505859375 0.015625 0.0146484375
0 0.43798828125 0.48291015625 0.0087890625 0.0126953125