1 0.20068359375 0.23095703125 0.3564453125 0.1083984375
1 0.19091796875 0.33251953125 0.3623046875 0.1123046875
1 0.43017578125 0.3115234375 0.1123046875 0.109375
1 0.36962890625 0.4248046875 0.2197265625 0.2890625
1 0.54345703125 0.4619140625 0.1298828125 0.205078125
1 0.97216796875 0.41748046875 0.0556640625 0.3017578125
1 0.70849609375 0.5615234375 0.0712890625 0.095703125
1 0.76025390625 0.9619140625 0.2451171875 0.076171875
1 0.9091796875 0.9599609375 0.0703125 0.080078125
1 0.9140625 0.94873046875 0.080078125 0.0791015625
0 0.97314453125 0.365234375 0.0283203125 0.02734375
0 0.9794921875 0.404296875 0.01953125 0.015625
0 0.45458984375 0.38037109375 0.0283203125 0.0283203125