1 0.4384765625 0.43212890625 0.27734375 0.3193359375
1 0.55126953125 0.5087890625 0.2783203125 0.3203125
2 0.5537109375 0.51025390625 0.248046875 0.2939453125
0 0.48193359375 0.39697265625 0.0224609375 0.0224609375
1 0.36083984375 0.58447265625 0.0830078125 0.0654296875
1 0.3662109375 0.6455078125 0.068359375 0.076171875
1 0.3056640625 0.65185546875 0.076171875 0.0634765625
1 0.298828125 0.58984375 0.064453125 0.076171875
1 0.130859375 0.6748046875 0.23046875 0.173828125
1 0.0322265625 0.71142578125 0.064453125 0.2490234375
1 0.13037109375 0.86865234375 0.2333984375 0.2626953125
1 0.0302734375 0.91748046875 0.060546875 0.1650390625
3 0.068359375 0.81396484375 0.04296875 0.0498046875
3 0.0224609375 0.76708984375 0.044921875 0.0498046875
0 0.0537109375 0.69775390625 0.025390625 0.0224609375
0 0.03759765625 0.830078125 0.0244140625 0.0234375
1 0.630859375 0.07275390625 0.197265625 0.1455078125
1 0.74365234375 0.107421875 0.2412109375 0.21484375
0 0.64892578125 0.03125 0.0224609375 0.021484375