1 0.8564453125 0.51171875 0.287109375 0.146484375
1 0.84130859375 0.43359375 0.3095703125 0.134765625
1 0.90478515625 0.34033203125 0.1572265625 0.1220703125
1 0.87109375 0.18212890625 0.18359375 0.2333984375
3 0.912109375 0.14599609375 0.041015625 0.0263671875
3 0.9443359375 0.29638671875 0.041015625 0.0263671875
1 0.46630859375 0.59033203125 0.3193359375 0.1943359375
1 0.43310546875 0.4375 0.3505859375 0.228515625
1 0.08203125 0.58251953125 0.158203125 0.1162109375
1 0.09765625 0.66943359375 0.154296875 0.1162109375
1 0.05224609375 0.4052734375 0.1044921875 0.32421875
3 0.51708984375 0.4443359375 0.0283203125 0.03515625
3 0.3662109375 0.4755859375 0.033203125 0.0390625
3 0.5458984375 0.56640625 0.017578125 0.029296875
3 0.3857421875 0.59765625 0.0234375 0.02734375
0 0.458984375 0.51220703125 0.044921875 0.0244140625
0 0.46826171875 0.59228515625 0.0322265625 0.0263671875
0 0.40478515625 0.64697265625 0.0146484375 0.0166015625
0 0.53662109375 0.61962890625 0.0146484375 0.0126953125
3 0.01953125 0.4873046875 0.033203125 0.0234375
0 0.013671875 0.4072265625 0.02734375 0.037109375
0 0.03662109375 0.33349609375 0.0146484375 0.009765625
0 0.06005859375 0.46630859375 0.0146484375 0.0146484375