1 0.546875 0.5234375 0.140625 0.1826171875
1 0.5048828125 0.4443359375 0.2119140625 0.1259765625
1 0.41943359375 0.4833984375 0.125 0.1787109375
1 0.47021484375 0.56298828125 0.2060546875 0.125
1 0.46728515625 0.6142578125 0.2763671875 0.1220703125
1 0.6162109375 0.5283203125 0.1123046875 0.24609375
1 0.51123046875 0.39306640625 0.2861328125 0.1142578125
1 0.3701171875 0.435546875 0.0263671875 0.0302734375
1 0.35498046875 0.53662109375 0.0302734375 0.0341796875
1 0.3974609375 0.59912109375 0.0400390625 0.0263671875
1 0.46630859375 0.6083984375 0.033203125 0.029296875
1 0.5390625 0.619140625 0.037109375 0.0244140625
1 0.51220703125 0.52001953125 0.0205078125 0.0205078125
1 0.5009765625 0.40283203125 0.0341796875 0.0302734375
3 0.611328125 0.49658203125 0.0244140625 0.0166015625
0 0.498046875 0.46728515625 0.0234375 0.0263671875