1 0.5849609375 0.39501953125 0.4208984375 0.58984375
2 0.6806640625 0.455078125 0.2021484375 0.2431640625
2 0.59765625 0.51611328125 0.1796875 0.234375
2 0.560546875 0.25244140625 0.2099609375 0.2783203125
2 0.4912109375 0.32470703125 0.1787109375 0.255859375
3 0.52490234375 0.20654296875 0.0703125 0.078125
3 0.7080078125 0.4912109375 0.0693359375 0.0732421875
1 0.35693359375 0.32373046875 0.09765625 0.16015625
1 0.47998046875 0.599609375 0.18359375 0.4716796875
1 0.57568359375 0.7451171875 0.115234375 0.1611328125
1 0.642578125 0.6884765625 0.150390625 0.15625
1 0.70556640625 0.63720703125 0.1162109375 0.125
1 0.740234375 0.611328125 0.0673828125 0.09765625
0 0.71875 0.42529296875 0.0146484375 0.015625
0 0.41162109375 0.2080078125 0.0185546875 0.017578125
0 0.52099609375 0.55419921875 0.009765625 0.013671875