1 0.39697265625 0.59228515625 0.1044921875 0.2255859375
1 0.4638671875 0.57373046875 0.13671875 0.2314453125
1 0.556640625 0.55224609375 0.15234375 0.2314453125
1 0.3876953125 0.35791015625 0.18359375 0.2646484375
1 0.50048828125 0.34130859375 0.1435546875 0.2333984375
0 0.52685546875 0.5380859375 0.0341796875 0.033203125
3 0.39453125 0.421875 0.029296875 0.02734375
3 0.5205078125 0.4228515625 0.029296875 0.029296875
3 0.5048828125 0.34619140625 0.02734375 0.0283203125
3 0.37646484375 0.33056640625 0.0341796875 0.0302734375
1 0.6943359375 0.07470703125 0.142578125 0.1494140625
1 0.8017578125 0.10595703125 0.10546875 0.1181640625
1 0.8056640625 0.0283203125 0.11328125 0.056640625
1 0.8916015625 0.115234375 0.083984375 0.109375
1 0.87890625 0.03125 0.0546875 0.0625
3 0.818359375 0.12060546875 0.01953125 0.0244140625
3 0.9140625 0.11767578125 0.015625 0.0224609375
1 0.13330078125 0.6455078125 0.1533203125 0.267578125
1 0.04443359375 0.544921875 0.0498046875 0.025390625
1 0.05322265625 0.67041015625 0.1064453125 0.2529296875
1 0.10546875 0.77734375 0.05078125 0.025390625
0 0.06689453125 0.6416015625 0.0205078125 0.0234375