1 0.53369140625 0.3515625 0.4306640625 0.283203125
1 0.45849609375 0.505859375 0.4404296875 0.380859375
1 0.505859375 0.5048828125 0.109375 0.11328125
1 0.6083984375 0.36962890625 0.1640625 0.1279296875
0 0.49462890625 0.287109375 0.0712890625 0.048828125
0 0.6220703125 0.43994140625 0.015625 0.0185546875
3 0.43359375 0.423828125 0.021484375 0.029296875
0 0.5693359375 0.4541015625 0.021484375 0.021484375
0 0.46923828125 0.40478515625 0.0126953125 0.0126953125
1 0.3310546875 0.35302734375 0.037109375 0.0419921875
3 0.5888671875 0.55810546875 0.0390625 0.0419921875
0 0.5927734375 0.65576171875 0.013671875 0.0107421875
1 0.8798828125 0.55810546875 0.23828125 0.2705078125
0 0.63134765625 0.5380859375 0.0087890625 0.01171875
1 0.21875 0.87841796875 0.18359375 0.2412109375
1 0.12451171875 0.8427734375 0.1708984375 0.22265625
1 0.0400390625 0.6376953125 0.080078125 0.201171875
1 0.12744140625 0.0888671875 0.2548828125 0.177734375
1 0.1064453125 0.23828125 0.212890625 0.287109375
2 0.03271484375 0.16748046875 0.0654296875 0.0693359375
0 0.08154296875 0.236328125 0.0400390625 0.041015625
0 0.09326171875 0.1943359375 0.0185546875 0.0234375
3 0.11279296875 0.05908203125 0.0263671875 0.0244140625
0 0.03466796875 0.0517578125 0.0126953125 0.009765625
1 0.74755859375 0.94287109375 0.2841796875 0.1123046875
3 0.76318359375 0.98779296875 0.0263671875 0.0224609375
0 0.82177734375 0.97412109375 0.0107421875 0.0126953125
0 0.64794921875 0.9501953125 0.0126953125 0.0078125