1 0.49853515625 0.5849609375 0.2392578125 0.2177734375
1 0.5634765625 0.478515625 0.2568359375 0.234375
1 0.6220703125 0.79541015625 0.3359375 0.390625
1 0.72998046875 0.5595703125 0.3935546875 0.4150390625
1 0.8671875 0.4599609375 0.1982421875 0.1884765625
1 0.89599609375 0.380859375 0.203125 0.1767578125
1 0.73291015625 0.3349609375 0.2041015625 0.1669921875
1 0.7041015625 0.39697265625 0.1923828125 0.166015625
3 0.66650390625 0.57568359375 0.0625 0.0546875
0 0.71875 0.53076171875 0.04296875 0.0341796875
0 0.56494140625 0.654296875 0.0380859375 0.0400390625
3 0.5546875 0.44873046875 0.0341796875 0.037109375
3 0.4677734375 0.60400390625 0.03515625 0.0390625